episode_reward_max,episode_reward_min,episode_reward_mean,episode_len_mean,episodes_this_iter,num_healthy_workers,timesteps_total,done,episodes_total,training_iteration,experiment_id,date,timestamp,time_this_iter_s,time_total_s,pid,hostname,node_ip,time_since_restore,timesteps_since_restore,iterations_since_restore,trial_id,experiment_tag,policy_reward_min/ue,policy_reward_max/ue,policy_reward_mean/ue,hist_stats/episode_reward,hist_stats/episode_lengths,hist_stats/policy_ue_reward,sampler_perf/mean_env_wait_ms,sampler_perf/mean_processing_ms,sampler_perf/mean_inference_ms,timers/sample_time_ms,timers/sample_throughput,timers/load_time_ms,timers/load_throughput,timers/learn_time_ms,timers/learn_throughput,timers/update_time_ms,info/num_steps_sampled,info/num_steps_trained,perf/cpu_util_percent,perf/ram_util_percent,info/learner/ue/cur_kl_coeff,info/learner/ue/cur_lr,info/learner/ue/total_loss,info/learner/ue/policy_loss,info/learner/ue/vf_loss,info/learner/ue/vf_explained_var,info/learner/ue/kl,info/learner/ue/entropy,info/learner/ue/entropy_coeff
-976.5604568995584,-2530.0575147717022,-1970.2281290775854,100.0,60,15,6000,False,60,1,212f51d07e9840f9afce8433e261ebfd,2020-07-14_15-59-10,1594742350,45.476311922073364,45.476311922073364,62816,tango5,131.234.250.245,45.476311922073364,0,1,d74d5_00000,0,-657.9753242680438,112.48973624860147,-328.3713548462651,"[-1201.5077948633216, -2099.748897980522, -1611.3828024555655, -1792.9872998459723, -2485.556265782961, -1369.9881792254466, -1758.1453931516423, -1906.262068145047, -2126.265486588235, -1632.4564883831345, -1760.824407992296, -2081.587120599262, -2284.797013674077, -2164.5194409274745, -2434.8064451458704, -1747.0111645356203, -2111.285726795516, -1885.4213188351919, -2132.791789698539, -1658.4854888397642, -2431.3636829985508, -1910.4163239808845, -2057.1232092931964, -1610.0521694268991, -1247.896098518958, -2471.381226820256, -2001.8378979960776, -2105.947004086036, -2099.212146095809, -1177.6931081357811, -1672.5378921051097, -2266.7182364502414, -2291.1286813067068, -2321.262319818248, -1438.71315337562, -1711.4058746542532, -976.5604568995584, -2099.262254233653, -2065.511554222948, -1809.6369157620763, -2449.946334100319, -2387.0698426285917, -1903.1197388850503, -2339.2319640860874, -1183.1290216501084, -1826.6170946556879, -1848.4304324815005, -2345.901112542103, -1879.7431472594335, -1840.9118171555997, -2530.0575147717022, -2118.615738229527, -2399.5875789711517, -2161.7492824381343, -2105.533255940483, -2093.5484429730213, -2119.6141556622515, -2136.691570163932, -2315.4183634216442, -2217.28053699246]","[100, 100, 100, 100, 100, 100, 100, 100, 100, 100, 100, 100, 100, 100, 100, 100, 100, 100, 100, 100, 100, 100, 100, 100, 100, 100, 100, 100, 100, 100, 100, 100, 100, 100, 100, 100, 100, 100, 100, 100, 100, 100, 100, 100, 100, 100, 100, 100, 100, 100, 100, 100, 100, 100, 100, 100, 100, 100, 100, 100]","[-174.277324495841, -223.5218157033673, 24.28151761623746, -323.9173033489993, -184.50595495774888, -319.566913973604, -276.92232048013847, -510.88059188891145, -271.11312562645617, -262.26019314510876, -307.8080507647583, -470.7646160751561, -210.48950689240303, -246.34234170942653, -322.0307693761833, -6.9315399016759365, -281.2614203870959, -544.327224188785, 53.06414075919286, -490.58895599792345, -306.45621479516507, -318.82489959635245, -305.6732678284126, -424.5081023873147, -432.0247284149948, -400.799906119567, -421.5300960813987, -375.233743859988, -440.3757760158463, -415.5920152911762, -196.13472611845862, -296.4331267463256, -282.25629406236317, -71.69305606572762, -240.66814454154428, -282.8028316910314, -345.1511019023942, -144.46234474151765, -220.96651923014076, -250.51993589973728, -439.21318037463226, -357.8323110032253, -398.52611957739754, -409.7355879926928, -380.7747794829934, -252.37182263709533, -144.66040820065857, -320.1933502542146, -385.14937318412643, -360.5229175676178, -482.1414709162031, -368.983350809947, -381.7715112590955, -147.6968628512522, -281.317030074978, -280.0010773938088, -248.7312424607813, -296.6258325256198, -329.8287556323946, -195.9525502955543, -284.3575724811717, -276.01790782117655, -248.44889450113843, -246.40775682518674, -357.5848810609647, -348.007395302661, -422.0930777990035, -327.1201093354531, -293.41281511726993, -396.29628846674825, -325.6343981688261, -317.0304317119661, -377.5091781545253, -214.8999264796867, -251.26833725444646, -567.1950504245431, -392.5182715690051, -481.4062497918769, -308.8746733777359, -222.3766009534667, -482.89800723665326, -409.9651787164543, -363.0798538874583, -377.32512675571365, -593.1480784121129, -469.1891278775624, -297.0084363489422, -387.7369681162893, -392.60641593452914, -295.11741845644497, -343.16243540523976, -193.01011558776457, -155.56958360472368, -384.08862576776613, -343.1016472291976, -328.07875694093474, -429.68321593572887, -176.61680444070873, -156.0450560959582, -584.225831033625, -406.80475908400615, -357.9100602054923, -197.96685890649027, -441.4053173639222, -343.73477429864454, -231.05510240969872, -340.9657841961187, -330.2934816603221, -284.53210100740154, -309.71641537164777, -353.2840002450797, -255.77802316669514, -417.6052303299618, -511.8760195777569, -231.83533589390356, -464.38750768435546, -353.3665939207019, -130.52028298375143, -174.54903414299645, -303.8267342140623, -332.12675199704984, -548.0585286979854, -301.51398184824757, -360.50947813730454, -512.5145237497271, -376.6404185682377, -254.0441389501614, -173.88823242913008, -366.8469988884583, -64.2904679155013, -657.9753242680438, -393.371161529597, -376.5418306113172, -318.356463817281, -134.820241005625, -361.74265340002484, -398.44329975281426, -467.2187207061391, -284.3323827744264, -448.08565654161345, -198.60861549906755, -255.6950763956232, -342.7901640695504, -80.54027414662261, -127.8900667192343, -593.0993764133692, -167.17562893023808, -153.88135599505392, -52.16826677346535, -153.68140368760356, -386.04532048217186, -457.48212092265925, -375.881643060759, -406.8146576137983, -531.9800324378004, -313.1774523030749, -301.7728695875224, -364.6124707901357, -324.46902012119205, -274.53392115555016, -489.4761703117508, -246.97344602992945, -262.43769829698397, -297.5056647709794, -465.34201468834806, -481.618058894653, -324.7464516905993, -274.2971157444744, -486.94957668605497, -318.8922171348237, -132.21690951409184, -401.41585112531845, -494.42723625448383, -265.31035538104237, -1.1137369654417295, -416.1492600049484, -248.7070337156523, -204.86576601625424, -212.62671512524057, -94.23059630824774, -258.11962461727285, -273.5648857641689, -417.16098971571955, -168.84763680395272, -273.474376006047, -281.3703791979499, -471.3016892526208, -374.8952663864229, -411.8463823065535, -261.51610643861846, -479.26651174463274, -267.8922803214016, -559.6064951527144, -535.2321443806893, -233.43906096537367, -449.48254186584694, -313.1452228266603, -200.2232161154257, -276.7318820205765, -312.74375130380025, -378.4635506354912, -323.50032029492246, -403.98741033936994, -625.8354052240951, -175.17353955833576, -410.87679034620834, -322.445534346274, -205.11789557837315, -226.49607486152186, -98.60331868491141, -222.55573962820145, -246.6674226807843, -242.26600006558405, -478.87012081450547, -336.9989256260557, -184.04766583912743, -138.04469576026702, -314.0923198531254, -71.85050819828977, -241.187142329659, -63.01398490927299, -148.37180584894966, -338.3527634719583, -466.34542088037733, -131.7423273062594, -403.15086009157415, -439.25583903415213, -320.4150434493387, -385.32254301967674, -131.15546683858236, -293.2340614390193, -389.4584582765978, -511.22519911754546, -355.1158255315355, -366.047694027705, 70.13772781841021, -338.79878431835505, -296.77880284859276, -629.871112873506, -248.27824951233285, -531.5032633550361, -358.3064042296628, -339.81895569983504, -406.04764070375614, -328.85432172691657, -485.41574838511747, -457.7839213000024, -464.620006295972, -281.411044156497, -448.55702562160656, -525.9600995780063, -208.73774567651265, -226.48321196514536, -256.5857938579961, -362.84022515662497, -222.28424817422507, -377.00834270012325, -457.91791703094185, -243.34937217051265, -531.4201331926162, -381.1316636164687, -310.97878425736656, -466.1705282039373, -406.1814826451913, 77.08585461675976, -369.4834920985035, -357.3030152536332, 112.48973624860147, -430.94931212437734, -214.9687930389573, -364.7559859719239, -188.9899119921516, -142.1502044885678, -456.64691227775774, -350.64030197785763, -323.43377794743606, -269.8578448096658, -435.0640947462661, -328.88913467302905, -283.9688926101287, -149.13281036929575, -381.5176552731192, -378.0183176681661, -369.95308796177176, -404.3883785951264, -391.79668305576064, -307.71856969990205, -494.0260755613808, -350.86865628917013, -414.2275499864998, -279.70412085039146, -273.1611948245899, -462.32385759534884, -99.45776771343698, -406.0657547975446, -185.5824941846827, -333.7849221854462, -208.42149907148058, -509.0255053787901, -198.03164153765866, -336.44304937998317, -539.7820992442824, -427.00684589483274, -496.3210186548293, -351.75864673958415, -378.74585485819705, -549.4145557826032, -529.1023761478116, -236.04959535047158, -315.18005253972893, -259.9662902236764, -228.9028681852424, -248.3753778829489, -551.4698491607835, -426.49936306999285, -371.35363300211736, -512.9361856589722, -288.95317019634535, -468.2676220824227, -345.95644607137183, -487.4542437043767, -300.6823709785297, -317.0874663438553, -242.30113325758538, -268.89263122497726, -283.6903617164327, -311.88538158175754, -397.6250775756687, -548.8278688704752, -294.611934971175, -253.3570681855716, -404.33082798730567, -372.7461901997641, -382.9709733266147, -320.7215037567557, -359.42187951701464, -303.58040005836347, -408.92531518154107, -190.13839579599565, -605.0797677004065, -330.9394731582591, -280.9508037676916, -356.45750558965676, -275.9265112545115, -389.580528463676, -400.2410348017612, -455.82254782750897, -258.6634422268229, -410.9497033743989, -399.1368472607671, -322.01408492902107, -479.0160454826551, -433.26514454541604, -271.03653782939375, -246.2185853509632, -319.93756145061514, -348.7350498199568, -292.9349448993041, -483.68109481296483, -525.7733006586604]",12.893115612039544,0.7136158614186375,1.2118693103615878,7555.192,794.156,53.607,111926.206,37705.955,159.126,12.777,6000,6000,38.819047619047616,14.911111111111111,0.20000000298023224,4.999999873689376e-05,19589.637,-0.015660536,19589.648,8.437769e-06,0.01726234,1.36959,0.0
-391.51465796748545,-2530.0575147717022,-1728.6661828069448,100.0,60,15,12000,False,120,2,212f51d07e9840f9afce8433e261ebfd,2020-07-14_15-59-55,1594742395,44.418938398361206,89.89525032043457,62816,tango5,131.234.250.245,89.89525032043457,0,2,d74d5_00000,0,-657.9753242680438,200.66199816035808,-288.1110304678248,"[-1983.6142281101475, -1591.7400254523836, -1897.629166899131, -1793.8499568513093, -1503.1598983670792, -1536.597288440041, -391.51465796748545, -1240.5952419465177, -1992.9659821540583, -1767.1864459925469, -1632.37442968055, -1780.3963039544806, -2042.3802409971947, -1372.1394305137962, -1752.6699463707257, -1781.4800959673853, -1750.8790129619204, -1723.6598287681663, -1330.5229729309347, -933.552139229712, -1317.5116112555809, -1353.5678131475463, -1053.1318936533523, -1827.785245963765, -1887.1597010094858, -659.7814851495873, -2124.034560110767, -1543.035121264047, -1974.9909493715656, -1445.3968825247673, -1427.8696170516143, -1132.6407335961492, -2159.6846653380258, -990.168971429261, -1101.4895710822148, -1737.6128149352999, -1166.443328914442, -1604.8794219678011, -1526.8660780950188, -1753.9336397404088, -1427.833621758184, -1873.897139798601, -1619.1800572805198, -1779.0770409061936, -1612.2931001713564, -1876.1771100608719, -1269.7157197284885, -1920.8167239626055, -1099.8896323867543, -1488.4334723200834, -1504.3280560086312, -1682.8220577457444, -1086.2549953616306, -1807.8223456535304, -1699.9674529056267, -1926.333006065408, -1186.0910365730447, -1970.806190279806, -1211.178521489984, -1268.952449891515, -2431.3636829985508, -1910.4163239808845, -2057.1232092931964, -1610.0521694268991, -1247.896098518958, -2471.381226820256, -2001.8378979960776, -2105.947004086036, -2099.212146095809, -1177.6931081357811, -1672.5378921051097, -2266.7182364502414, -2291.1286813067068, -2321.262319818248, -1438.71315337562, -1711.4058746542532, -976.5604568995584, -2099.262254233653, -2065.511554222948, -1809.6369157620763, -2449.946334100319, -2387.0698426285917, -1903.1197388850503, -2339.2319640860874, -1183.1290216501084, -1826.6170946556879, -1848.4304324815005, -2345.901112542103, -1879.7431472594335, -1840.9118171555997, -2530.0575147717022, -2118.615738229527, -2399.5875789711517, -2161.7492824381343, -2105.533255940483, -2093.5484429730213, -2119.6141556622515, -2136.691570163932, -2315.4183634216442, -2217.28053699246]","[100, 100, 100, 100, 100, 100, 100, 100, 100, 100, 100, 100, 100, 100, 100, 100, 100, 100, 100, 100, 100, 100, 100, 100, 100, 100, 100, 100, 100, 100, 100, 100, 100, 100, 100, 100, 100, 100, 100, 100, 100, 100, 100, 100, 100, 100, 100, 100, 100, 100, 100, 100, 100, 100, 100, 100, 100, 100, 100, 100, 100, 100, 100, 100, 100, 100, 100, 100, 100, 100, 100, 100, 100, 100, 100, 100, 100, 100, 100, 100, 100, 100, 100, 100, 100, 100, 100, 100, 100, 100, 100, 100, 100, 100, 100, 100, 100, 100, 100, 100]","[-397.29368718333563, -362.42381992905433, -407.07748665811994, -266.3674972610569, -262.8852969413715, -287.56644013721257, -290.75860961952276, -335.0538835615553, -132.75913744814034, -364.4203208881741, -350.1403094759754, -118.60776445901602, -291.4216727353254, -298.0711866461818, -304.4308996630808, -421.30327860501154, -188.16628459824145, -394.2358446512946, -149.1396834870624, -398.1246290906042, -174.85154580227965, -333.3720718210162, -388.10921355448477, -350.25281309586495, -254.5335500032397, -288.61535744554874, -180.55883330844455, -189.50686180971528, -324.07384722636255, -265.871448573773, -322.1063128870525, -168.77934972304183, -328.07320758900875, -233.1549921801116, -262.9585981728353, -221.52482788799173, 61.075658666309955, -170.83296496462776, 200.66199816035808, -311.8900453907459, -165.86319434513163, -4.666110093650705, -364.0263600041807, -109.57804413887277, -292.12634279335, -313.63415220088575, 45.04576186653039, -206.2761046757626, -243.58216050264403, -306.2519099850149, -275.16544180812537, -452.13699367405945, -348.4373808363105, -367.39209534790615, -227.92601658500448, -466.0753825877141, -228.94138551600085, -207.92317237220115, -327.54205670065323, -308.77843223097807, -170.5314744861911, -347.8749616995384, -186.26555826029954, -216.71539721612473, -519.4939364324814, -191.4931015859212, -310.09240269901505, -144.6141241349776, -345.25917639712986, -521.7251823108569, -234.4680605754308, -224.23735783707275, -424.2492938847895, -293.9384040722755, -251.87090969092583, -410.8163800069361, -302.145386215499, -359.3598671267743, -230.60697193555956, -242.8552455136392, -197.98641652765738, -169.59791912786608, -291.9102237638331, -239.1826536452419, -268.65806897781334, -268.7491494124242, -21.549339933712965, -312.0851126157809, -529.2546458480072, -352.3736295829907, -257.23010811040155, -365.76621768282746, -184.80785409387966, -268.2745562674725, -413.4882298820299, -291.91312993077673, -347.6523279002563, -282.7852950667129, -186.3004647185112, -458.6173029412056, -199.65162636384707, -275.87199597138795, -305.59298498238877, -105.30828018263699, -338.86146391965417, -262.95576011376636, -248.16539202154667, -462.77594754817915, -332.9952675797154, -209.96470035605066, -206.90505009943206, 32.38474640461159, -341.83262432566534, -271.2100769746834, -35.187355609408726, 60.41853347438159, 23.773384580957334, -303.59739228570476, -370.3693656358647, -308.5899437540732, -163.0733224714247, -140.24080684842724, -429.6072015382971, -204.031584956131, -44.851147442719146, -335.70754799858315, -193.06665937681908, -272.3813157962135, -242.405021746326, -259.5560049022758, -184.89158399191027, -201.2672273340032, -121.31570363629181, -189.6784087783135, -225.0056307847329, -181.05520878320917, -189.89961639099715, -146.17732527980985, -354.40377089637445, -277.80661754832255, -178.24067698489532, -430.20629889920303, -423.1088873938302, -164.01899424114058, -484.2571237959262, -385.05559628085535, -248.47412382471762, -417.2889840579092, -159.14611911617698, -192.9377539339036, -138.30049254709257, -208.4026559717984, 23.774197449770494, -30.251485057188457, -126.5221872164465, -180.07886180683187, -364.5710322552275, -380.3397499862962, -363.9706480899568, -411.4430527860878, -190.6281079880199, -413.0819690051829, -126.19134271170347, -385.92304892971566, -248.02449339417873, -269.9116038214862, -362.9760748641333, -150.00855754283396, -466.2834349359514, -205.00860409800907, -369.114177018258, -476.5760476829685, -247.30883049048379, -210.69985514589652, -240.709814200502, -318.9870278597624, -307.6237343925651, -115.41913785016061, -208.04019517515178, -254.61697304662871, -147.16062232809935, -380.5753634752979, -246.27854772205617, -260.632155403287, -370.6061814880512, -22.616746634825603, -115.28152387319362, -245.93334882066196, -105.0949402009743, -169.2839251586829, -380.1697251037848, -116.87727043885388, -324.1787748182757, -267.91679926255546, -432.0266021856608, -314.45373096808817, -449.3613003321208, -371.74745777132966, -85.70418440097228, -77.61519721702106, -45.37006412279545, -170.97678284318033, -336.22760758723985, -274.27513525805625, -123.71807715476508, -416.79761224779537, -16.88514099584732, -116.23775223307449, -190.25478142897555, -237.5962070217596, -137.28291009953614, -384.89488736321243, -222.22809501490912, -217.46095838198258, -463.81095034862324, -311.9350137270382, 78.79514378900456, 51.9637588979469, -292.01647758261726, -420.89358332124124, -206.21000501149396, -378.082165686046, -319.68198817655565, -261.494826740225, -168.97231245183897, -331.94151201923665, -337.5746909277292, -185.21409165221783, -351.8369860675866, -137.17533198466134, -537.4571896696664, -345.0024609697788, -37.97759734892132, -117.41651205440438, -390.13212956241443, -309.2030859690832, -344.9390488903564, -277.35379202538786, -219.02221341617934, -213.28336987699112, -260.46118035169604, -197.35651564630317, -288.2869307409446, -110.60493430193608, -315.5280933026783, -255.595967414629, -453.6944015982797, -82.90572711436646, -294.46760191201963, -381.6325029842157, -203.9761210022963, -457.220785187427, -232.93808899529787, -262.92014944936204, -246.4919495844088, -345.18247274271283, -296.93106008152137, -234.71633642721744, -169.37372946841796, -430.6682261640069, -322.4897816792122, -329.39107621812485, -448.8097083700735, -78.3445190063639, -254.75192645707483, -305.32499436381323, -322.2179298830246, -224.1349078073147, -70.68324462784146, -435.1800970322899, -236.67785700014406, -194.58412539755304, -351.4315163634255, -350.77072166651715, -331.65205656992316, -411.0608330633126, -223.39851525774012, -177.4337136709011, -480.22621850600757, -318.43325280806795, -49.207285083323576, -21.016734402453046, -466.89407487130865, -390.67836874251935, -293.93175545367194, -252.93918838774567, -285.8980143099527, -230.47532219741046, -432.1330339737779, 53.143652367100294, -112.67718145400349, -178.57960573818275, -268.0155434899752, -161.62792009791556, -174.23102472754883, -463.89763243802304, -96.36445831926405, -228.83618478493148, -288.0724807688073, -237.03169128151015, -274.9803149384942, -375.8576763111047, -215.5196838229862, -155.80321033175142, -220.2674331043479, -261.899737499951, -166.12348365298934, -368.9495859291391, -126.48854768415444, -363.2809792099085, -488.0140618648475, -169.96539940471092, -301.75233615666576, -307.8035204162484, -266.6951287475504, -48.33157062216719, 114.7943936223765, -276.46683304137815, -266.0850647235911, -198.9000876311398, -419.4070022616054, -310.7063218220711, -266.73797626456457, -345.9858929505606, -309.32184746928533, -467.26959991223356, -293.19157921105716, -185.26695923909514, -285.75540239320907, -159.16206468074935, -308.39328758637953, -367.20953177860264, -222.3832368427243, -327.02826284175006, -309.8868725254706, -391.43181449048063, -214.10270924390235, -246.11770897687077, -145.18125029930457, -347.4791063031744, -103.95160876534318, -129.2586529844513, -440.8983111514062, -113.3695971092813, -502.32853626552753, -288.5106705471872, -466.16963511077364, -159.52944009563137, -43.4008048965169, -396.79827626114434, -239.94250741442627, -322.68021068542276, 45.08410893676341, -253.4408311692383, -285.79053161175597, -198.42964948793536, -262.60015376770434, -261.99145465285943, -229.9002462126181, -30.240414158642594, -332.12675199704984, -548.0585286979854, -301.51398184824757, -360.50947813730454, -512.5145237497271, -376.6404185682377, -254.0441389501614, -173.88823242913008, -366.8469988884583, -64.2904679155013, -657.9753242680438, -393.371161529597, -376.5418306113172, -318.356463817281, -134.820241005625, -361.74265340002484, -398.44329975281426, -467.2187207061391, -284.3323827744264, -448.08565654161345, -198.60861549906755, -255.6950763956232, -342.7901640695504, -80.54027414662261, -127.8900667192343, -593.0993764133692, -167.17562893023808, -153.88135599505392, -52.16826677346535, -153.68140368760356, -386.04532048217186, -457.48212092265925, -375.881643060759, -406.8146576137983, -531.9800324378004, -313.1774523030749, -301.7728695875224, -364.6124707901357, -324.46902012119205, -274.53392115555016, -489.4761703117508, -246.97344602992945, -262.43769829698397, -297.5056647709794, -465.34201468834806, -481.618058894653, -324.7464516905993, -274.2971157444744, -486.94957668605497, -318.8922171348237, -132.21690951409184, -401.41585112531845, -494.42723625448383, -265.31035538104237, -1.1137369654417295, -416.1492600049484, -248.7070337156523, -204.86576601625424, -212.62671512524057, -94.23059630824774, -258.11962461727285, -273.5648857641689, -417.16098971571955, -168.84763680395272, -273.474376006047, -281.3703791979499, -471.3016892526208, -374.8952663864229, -411.8463823065535, -261.51610643861846, -479.26651174463274, -267.8922803214016, -559.6064951527144, -535.2321443806893, -233.43906096537367, -449.48254186584694, -313.1452228266603, -200.2232161154257, -276.7318820205765, -312.74375130380025, -378.4635506354912, -323.50032029492246, -403.98741033936994, -625.8354052240951, -175.17353955833576, -410.87679034620834, -322.445534346274, -205.11789557837315, -226.49607486152186, -98.60331868491141, -222.55573962820145, -246.6674226807843, -242.26600006558405, -478.87012081450547, -336.9989256260557, -184.04766583912743, -138.04469576026702, -314.0923198531254, -71.85050819828977, -241.187142329659, -63.01398490927299, -148.37180584894966, -338.3527634719583, -466.34542088037733, -131.7423273062594, -403.15086009157415, -439.25583903415213, -320.4150434493387, -385.32254301967674, -131.15546683858236, -293.2340614390193, -389.4584582765978, -511.22519911754546, -355.1158255315355, -366.047694027705, 70.13772781841021, -338.79878431835505, -296.77880284859276, -629.871112873506, -248.27824951233285, -531.5032633550361, -358.3064042296628, -339.81895569983504, -406.04764070375614, -328.85432172691657, -485.41574838511747, -457.7839213000024, -464.620006295972, -281.411044156497, -448.55702562160656, -525.9600995780063, -208.73774567651265, -226.48321196514536, -256.5857938579961, -362.84022515662497, -222.28424817422507, -377.00834270012325, -457.91791703094185, -243.34937217051265, -531.4201331926162, -381.1316636164687, -310.97878425736656, -466.1705282039373, -406.1814826451913, 77.08585461675976, -369.4834920985035, -357.3030152536332, 112.48973624860147, -430.94931212437734, -214.9687930389573, -364.7559859719239, -188.9899119921516, -142.1502044885678, -456.64691227775774, -350.64030197785763, -323.43377794743606, -269.8578448096658, -435.0640947462661, -328.88913467302905, -283.9688926101287, -149.13281036929575, -381.5176552731192, -378.0183176681661, -369.95308796177176, -404.3883785951264, -391.79668305576064, -307.71856969990205, -494.0260755613808, -350.86865628917013, -414.2275499864998, -279.70412085039146, -273.1611948245899, -462.32385759534884, -99.45776771343698, -406.0657547975446, -185.5824941846827, -333.7849221854462, -208.42149907148058, -509.0255053787901, -198.03164153765866, -336.44304937998317, -539.7820992442824, -427.00684589483274, -496.3210186548293, -351.75864673958415, -378.74585485819705, -549.4145557826032, -529.1023761478116, -236.04959535047158, -315.18005253972893, -259.9662902236764, -228.9028681852424, -248.3753778829489, -551.4698491607835, -426.49936306999285, -371.35363300211736, -512.9361856589722, -288.95317019634535, -468.2676220824227, -345.95644607137183, -487.4542437043767, -300.6823709785297, -317.0874663438553, -242.30113325758538, -268.89263122497726, -283.6903617164327, -311.88538158175754, -397.6250775756687, -548.8278688704752, -294.611934971175, -253.3570681855716, -404.33082798730567, -372.7461901997641, -382.9709733266147, -320.7215037567557, -359.42187951701464, -303.58040005836347, -408.92531518154107, -190.13839579599565, -605.0797677004065, -330.9394731582591, -280.9508037676916, -356.45750558965676, -275.9265112545115, -389.580528463676, -400.2410348017612, -455.82254782750897, -258.6634422268229, -410.9497033743989, -399.1368472607671, -322.01408492902107, -479.0160454826551, -433.26514454541604, -271.03653782939375, -246.2185853509632, -319.93756145061514, -348.7350498199568, -292.9349448993041, -483.68109481296483, -525.7733006586604]",13.376257975451582,0.7188337639829052,1.144926507557737,7271.594,825.129,31.437,190858.391,37546.663,159.801,13.23,12000,12000,38.38548387096775,15.0,0.20000000298023224,4.999999873689376e-05,11925.284,-0.015229444,11925.296,1.3047265e-05,0.015045133,1.3322369,0.0
-280.3854902158403,-2159.6846653380258,-1364.864062497571,100.0,60,15,18000,False,180,3,212f51d07e9840f9afce8433e261ebfd,2020-07-14_16-00-40,1594742440,44.8377947807312,134.73304510116577,62816,tango5,131.234.250.245,134.73304510116577,0,3,d74d5_00000,0,-551.2346567853792,284.80402830203406,-227.47734374959552,"[-1311.134155406645, -1676.189243500337, -1154.2394187283808, -623.6332882268927, -1359.3663153418177, -2012.7643718392405, -1259.0818420962848, -376.412424104762, -985.5093970494896, -690.4116073265616, -1364.0209234789793, -280.3854902158403, -1486.2205361065417, -1344.6077604427012, -1091.1824205469588, -1456.9581463304821, -1116.5032862814228, -1704.1571071981841, -903.5042186339033, -1513.750732211646, -1576.155589325453, -1540.0604539623828, -1095.052669835347, -1297.523442571222, -594.2530954315205, -1969.7984682282479, -1206.7094494976318, -882.0313739716772, -1345.4145837233546, -1112.38859649984, -1585.750690842292, -1471.3692952020972, -1325.37344503686, -1675.0990060542579, -1363.7876161423264, -1680.139894076623, -1436.6078204704095, -1654.260614417617, -1324.638706795059, -1130.955632539314, -1185.868840843853, -1586.7938673396372, -1692.744636221941, -765.0683581202803, -1209.2833825683833, -1832.537437462998, -318.5865301369508, -680.958473705573, -1333.2150125360934, -1546.1089715283529, -1420.1608657375602, -1159.7912173125528, -1579.6238077633632, -1461.1316752902017, -658.171283211099, -1753.5494238708238, -1281.8125810035442, -926.6352342168809, -1255.9237314633253, -761.1839537838215, -1317.5116112555809, -1353.5678131475463, -1053.1318936533523, -1827.785245963765, -1887.1597010094858, -659.7814851495873, -2124.034560110767, -1543.035121264047, -1974.9909493715656, -1445.3968825247673, -1427.8696170516143, -1132.6407335961492, -2159.6846653380258, -990.168971429261, -1101.4895710822148, -1737.6128149352999, -1166.443328914442, -1604.8794219678011, -1526.8660780950188, -1753.9336397404088, -1427.833621758184, -1873.897139798601, -1619.1800572805198, -1779.0770409061936, -1612.2931001713564, -1876.1771100608719, -1269.7157197284885, -1920.8167239626055, -1099.8896323867543, -1488.4334723200834, -1504.3280560086312, -1682.8220577457444, -1086.2549953616306, -1807.8223456535304, -1699.9674529056267, -1926.333006065408, -1186.0910365730447, -1970.806190279806, -1211.178521489984, -1268.952449891515]","[100, 100, 100, 100, 100, 100, 100, 100, 100, 100, 100, 100, 100, 100, 100, 100, 100, 100, 100, 100, 100, 100, 100, 100, 100, 100, 100, 100, 100, 100, 100, 100, 100, 100, 100, 100, 100, 100, 100, 100, 100, 100, 100, 100, 100, 100, 100, 100, 100, 100, 100, 100, 100, 100, 100, 100, 100, 100, 100, 100, 100, 100, 100, 100, 100, 100, 100, 100, 100, 100, 100, 100, 100, 100, 100, 100, 100, 100, 100, 100, 100, 100, 100, 100, 100, 100, 100, 100, 100, 100, 100, 100, 100, 100, 100, 100, 100, 100, 100, 100]","[-222.1635899058147, -221.96906892894984, -357.5465571787625, -130.50519857751547, -141.93254753630887, -237.01719327929354, -262.01065242146353, -316.34298676535593, -254.7101650750209, -341.6502336741105, -376.49426372045303, -124.98094184393462, -129.60932193780712, -297.2343759520504, -30.665087624246254, -257.3908820542721, -285.84310114181346, -153.49665001819477, -16.44657787327691, -19.211894945906284, -262.146372688232, -75.82438392800152, -197.6484335248223, -52.35562526665351, -231.9997705735535, -240.78890675417733, -180.59049235673274, -282.6096963638449, -179.61643222397424, -243.76101706953438, -327.14366971594416, -431.01023105432563, -238.83153325977156, -382.85845317239637, -395.7957940854384, -237.12469055136825, -286.79810449845775, -240.18435741115928, -264.3758381709764, -148.05378962378478, -141.05045034996166, -178.61930204194672, -35.16470848846819, 10.016895845893234, -135.65646826298038, 7.784413958803624, -156.38403765749447, -67.00851950051498, -270.5910887322391, -343.6211551362608, -113.73481566653408, -121.94896069705624, -81.56161015090943, -54.051766666490245, -103.15525371273691, -132.5272027387713, -122.26192333606956, -118.44146659326033, -58.47479909359876, -155.55096185212463, -211.96362594557235, -223.3172972559691, -199.09572282784129, -221.74090069488474, -223.8534707790552, -284.049905975659, 169.70118564139312, -151.08690432537404, -222.02721835018605, -33.83725038017829, -79.02200551845829, 35.88670271696305, -244.4207031874537, -222.23970698278418, -310.062986939312, -210.5991395937458, -244.61318305760506, -254.28481634564318, -415.3565935993326, -123.27544327818929, -259.2249852403635, -136.49242146318204, -108.07061749321156, -302.18769936842386, -127.32060120484412, -208.68152512373973, -128.70843619867605, -260.1344693766905, -232.81582436217812, -133.52156428083194, -306.6643508381408, -303.81227845196537, -197.74142091453015, -140.35058597152945, -233.23831531481227, -275.15119483950747, -171.05219015645483, -356.60613423319296, -466.01983723684657, 44.2912838429153, -73.97669671968396, -93.13971177816049, -249.41840567625758, -278.62909707597436, -235.30825729378344, -309.76935315031, -343.33379291553894, -287.69820108632314, -176.97744785865933, -100.89249203276769, -285.1322974176517, -66.41450903815242, 65.42387732575517, -339.5113496124266, -418.7939749919426, -157.74254820469704, -114.02644019511347, -227.25371382101258, -362.5545942438164, -233.3794607550649, -280.2184135439964, -203.25927256156717, -240.96310245238627, -452.067926024589, -240.60352214576588, -159.04335259715097, -177.45575235653567, -200.115765349891, -201.37835965101837, -175.0162174219812, -422.6633128864467, -363.43104629651157, -200.38252043777794, -126.62320276679786, -153.35543987400834, -211.39472692450428, -127.31682056077648, -275.9799592714842, -223.6248927842155, -140.98931347731246, -96.3717579039542, -363.37372799421144, -31.223311281339868, -441.94043913019135, -164.22127963012545, 61.65379088303872, -22.842635065788397, -128.27844809860838, -206.42313744733875, -134.1413860726971, -293.86074863511186, -295.0800524900688, -336.46988329728487, -238.9160380950143, -455.3751810169501, -350.096564693819, -222.79569204239613, -196.73169895139742, -218.65876850074346, -305.6428435262231, -237.21215523019606, -25.66829124667857, -152.90979102848783, -37.160733876489886, -169.5903504653133, -192.6136192330537, 41.01688979732059, -370.7737691656533, -243.49971699563605, -239.35155471740165, -175.58240383829133, -108.24006908033132, -143.79652669849543, -434.9443123931979, -353.43501270401407, -112.60137498079514, -256.60333936472045, -267.8476136927526, -260.3935546580988, 138.49229890054002, -258.58470887180704, -242.46768681189474, -214.4536237909267, -234.47651464703327, -200.04668754565185, -435.72146917497855, -246.28224186098277, -291.63652134821393, -255.81800925614613, -205.7207933199017, -181.66875934511827, -290.24297007173544, -77.8420995866822, -98.61591241048302, -324.9325901856007, -286.5310968846322, -166.87379860024134, -370.57794736922375, -192.37883183968208, -551.2346567853792, -293.233637158952, -218.26193057967214, -257.7815992716634, -162.20835041891382, -231.20877227268005, -271.3874284954139, -29.305290708783527, -219.78963941536668, -299.88384379929886, -312.21264145078516, -536.9872713589591, -241.8405295180343, -132.3334736810671, -310.8077115578494, -412.95348946073665, -45.21741849997913, -205.90057199228676, -244.24324709979177, -268.2000121330338, -105.08536678794424, -244.48513879801794, -368.6934836593375, -243.7835317845104, -193.5115928127408, -415.5618061667216, -328.3154941127959, -213.83786863502814, -259.25032090582084, -242.4159463160647, -174.72212116758507, -290.644979986504, -119.73259146972906, -226.15335565393255, -270.9697122012458, -89.50103259364327, -152.34476162853088, -275.02985758347535, -268.64083724206847, -204.5778552162931, -140.8612882753046, -286.05366077700603, -130.07187927804446, -155.641693148716, -218.48271945720978, -107.40734415128054, -288.21154403159653, -218.76469282981247, -179.4680552980512, -138.12083675322077, -377.91687390754794, -491.5626753146734, -180.96073323633217, -390.54671957269676, -183.11020038071123, -318.43748216389804, -216.98981072358768, -349.4519062268458, -234.20851715420352, -332.00191530849736, 162.53083272077313, -75.91976860949922, -66.94444667220853, -126.04773798300677, -326.6853222678418, -357.0597735570431, 284.80402830203406, -258.1832928871465, -363.47663326393877, -113.96061218086098, -401.4070989814331, -410.4372759633774, -305.615694223945, -307.05873706041723, -387.50558414365764, -232.79251383425094, -189.12763223735354, -67.77596534684594, -76.83706579777412, -100.5003409023654, 151.93637669803533, -142.36815552883465, -83.04137925916646, -52.9701496999131, -109.76823986192619, -160.4835019785868, -161.1120354479156, -62.29424028969683, -134.33030642753494, -288.95293088206296, 1.232798905643338, -305.80316591871843, -349.06057835868603, -259.6080472620619, -131.02308902020775, -158.09405299121792, -229.90820735042973, -303.14364879141516, -213.769030639797, -383.1619837227132, -258.03204803278, -193.87842829681202, -223.27447483147873, -132.00975999866228, -278.0778086138683, -326.51086108188593, -266.40953291485334, -254.24946345568048, -393.0399213896266, -103.91457683206711, 57.77602720274225, -298.2784437590419, -168.08483907887958, -310.98284377820613, -180.45511285618718, -241.22415592506792, -403.5637853050155, -143.42276920121324, -299.97514069767465, -197.9985392022716, -195.74218449960725, -122.15616066002129, -294.57788091637974, -313.0376218181977, -337.6192881937273, -80.25873863705223, -70.54223972791553, -195.6856116117772, 77.54292038783734, -245.32369347054396, -143.90392015164687, -295.8358258362937, -322.21661315008686, -291.91216796631943, -174.65864571125726, -420.57409284627704, -248.35207836059033, -252.96899702565946, -363.48629197996434, -303.40742049425256, -69.19920070156176, -153.74272631760797, -139.00794448449943, -241.79512976998848, -293.09149589612696, -141.54587564986628, 127.86271235062591, -94.4127464540222, -283.6526987975038, -173.7292825532353, -82.93831254338149, -298.91879922355463, -189.5495925612764, -342.22160621079024, -168.5661383710871, -226.12120376297105, 1.8634914034284078, -102.09299233431335, -180.72930449826075, -83.58922998973908, -170.51471460196606, -163.0733224714247, -140.24080684842724, -429.6072015382971, -204.031584956131, -44.851147442719146, -335.70754799858315, -193.06665937681908, -272.3813157962135, -242.405021746326, -259.5560049022758, -184.89158399191027, -201.2672273340032, -121.31570363629181, -189.6784087783135, -225.0056307847329, -181.05520878320917, -189.89961639099715, -146.17732527980985, -354.40377089637445, -277.80661754832255, -178.24067698489532, -430.20629889920303, -423.1088873938302, -164.01899424114058, -484.2571237959262, -385.05559628085535, -248.47412382471762, -417.2889840579092, -159.14611911617698, -192.9377539339036, -138.30049254709257, -208.4026559717984, 23.774197449770494, -30.251485057188457, -126.5221872164465, -180.07886180683187, -364.5710322552275, -380.3397499862962, -363.9706480899568, -411.4430527860878, -190.6281079880199, -413.0819690051829, -126.19134271170347, -385.92304892971566, -248.02449339417873, -269.9116038214862, -362.9760748641333, -150.00855754283396, -466.2834349359514, -205.00860409800907, -369.114177018258, -476.5760476829685, -247.30883049048379, -210.69985514589652, -240.709814200502, -318.9870278597624, -307.6237343925651, -115.41913785016061, -208.04019517515178, -254.61697304662871, -147.16062232809935, -380.5753634752979, -246.27854772205617, -260.632155403287, -370.6061814880512, -22.616746634825603, -115.28152387319362, -245.93334882066196, -105.0949402009743, -169.2839251586829, -380.1697251037848, -116.87727043885388, -324.1787748182757, -267.91679926255546, -432.0266021856608, -314.45373096808817, -449.3613003321208, -371.74745777132966, -85.70418440097228, -77.61519721702106, -45.37006412279545, -170.97678284318033, -336.22760758723985, -274.27513525805625, -123.71807715476508, -416.79761224779537, -16.88514099584732, -116.23775223307449, -190.25478142897555, -237.5962070217596, -137.28291009953614, -384.89488736321243, -222.22809501490912, -217.46095838198258, -463.81095034862324, -311.9350137270382, 78.79514378900456, 51.9637588979469, -292.01647758261726, -420.89358332124124, -206.21000501149396, -378.082165686046, -319.68198817655565, -261.494826740225, -168.97231245183897, -331.94151201923665, -337.5746909277292, -185.21409165221783, -351.8369860675866, -137.17533198466134, -537.4571896696664, -345.0024609697788, -37.97759734892132, -117.41651205440438, -390.13212956241443, -309.2030859690832, -344.9390488903564, -277.35379202538786, -219.02221341617934, -213.28336987699112, -260.46118035169604, -197.35651564630317, -288.2869307409446, -110.60493430193608, -315.5280933026783, -255.595967414629, -453.6944015982797, -82.90572711436646, -294.46760191201963, -381.6325029842157, -203.9761210022963, -457.220785187427, -232.93808899529787, -262.92014944936204, -246.4919495844088, -345.18247274271283, -296.93106008152137, -234.71633642721744, -169.37372946841796, -430.6682261640069, -322.4897816792122, -329.39107621812485, -448.8097083700735, -78.3445190063639, -254.75192645707483, -305.32499436381323, -322.2179298830246, -224.1349078073147, -70.68324462784146, -435.1800970322899, -236.67785700014406, -194.58412539755304, -351.4315163634255, -350.77072166651715, -331.65205656992316, -411.0608330633126, -223.39851525774012, -177.4337136709011, -480.22621850600757, -318.43325280806795, -49.207285083323576, -21.016734402453046, -466.89407487130865, -390.67836874251935, -293.93175545367194, -252.93918838774567, -285.8980143099527, -230.47532219741046, -432.1330339737779, 53.143652367100294, -112.67718145400349, -178.57960573818275, -268.0155434899752, -161.62792009791556, -174.23102472754883, -463.89763243802304, -96.36445831926405, -228.83618478493148, -288.0724807688073, -237.03169128151015, -274.9803149384942, -375.8576763111047, -215.5196838229862, -155.80321033175142, -220.2674331043479, -261.899737499951, -166.12348365298934, -368.9495859291391, -126.48854768415444, -363.2809792099085, -488.0140618648475, -169.96539940471092, -301.75233615666576, -307.8035204162484, -266.6951287475504, -48.33157062216719, 114.7943936223765, -276.46683304137815, -266.0850647235911, -198.9000876311398, -419.4070022616054, -310.7063218220711, -266.73797626456457, -345.9858929505606, -309.32184746928533, -467.26959991223356, -293.19157921105716, -185.26695923909514, -285.75540239320907, -159.16206468074935, -308.39328758637953, -367.20953177860264, -222.3832368427243, -327.02826284175006, -309.8868725254706, -391.43181449048063, -214.10270924390235, -246.11770897687077, -145.18125029930457, -347.4791063031744, -103.95160876534318, -129.2586529844513, -440.8983111514062, -113.3695971092813, -502.32853626552753, -288.5106705471872, -466.16963511077364, -159.52944009563137, -43.4008048965169, -396.79827626114434, -239.94250741442627, -322.68021068542276, 45.08410893676341, -253.4408311692383, -285.79053161175597, -198.42964948793536, -262.60015376770434, -261.99145465285943, -229.9002462126181, -30.240414158642594]",14.125762449861822,0.7160647265595986,1.0792655632332633,7331.584,818.377,24.56,244299.926,37478.935,160.09,12.733,18000,18000,38.751612903225805,15.100000000000001,0.20000000298023224,4.999999873689376e-05,7688.4233,-0.014331349,7688.434,1.8022874e-05,0.016303115,1.2786993,0.0
-8.089058984516383,-1969.7984682282479,-1168.0888708835423,100.0,60,15,24000,False,240,4,212f51d07e9840f9afce8433e261ebfd,2020-07-14_16-01-25,1594742485,45.40745186805725,180.14049696922302,62816,tango5,131.234.250.245,180.14049696922302,0,4,d74d5_00000,0,-551.2346567853792,381.5691162934325,-194.68147848059053,"[-424.8354336966211, -1501.449491380391, -1572.6027039235862, -1300.3084563074824, -332.99861853237246, -801.1218259608298, -1447.544831812275, -1319.5465189170661, -1042.0952686153973, -1021.5253428992364, -950.1501953090116, -1097.837625737624, -1097.0772480418607, -1582.985314835898, -862.0745438634799, -1563.6016716801676, -959.8981322061009, -1066.062980372236, -1347.96304460757, -1083.8185476555923, -1396.664335452712, -842.7886757013596, -1122.5556489085473, -816.6999336916078, -234.00834432661287, -953.1352939807724, -8.089058984516383, -994.2985426262659, -910.6010864364148, -1194.710270068048, -1120.9975862445237, -1051.2344668476646, -1168.8803086448333, -1373.4583962376873, -1015.2240138611116, -1159.6321834213136, -939.9080629836803, -1251.2965307007821, -1362.3236919546705, -1590.7074088896852, -1603.9652672190666, -979.6001989013712, -1077.2688848306668, -327.8109352820061, -814.0459806676162, -170.3987522734597, -1592.2154367175908, -1371.0558192889985, -1499.2759516367933, -1491.201833798513, -983.6308351753148, -1233.5114728603824, -237.85510369667284, -533.7699335590081, -1817.799263640907, -1145.8029115632983, -1817.7349766385469, -1055.4944955311555, -1310.0143394505913, -1187.203330563892, -1576.155589325453, -1540.0604539623828, -1095.052669835347, -1297.523442571222, -594.2530954315205, -1969.7984682282479, -1206.7094494976318, -882.0313739716772, -1345.4145837233546, -1112.38859649984, -1585.750690842292, -1471.3692952020972, -1325.37344503686, -1675.0990060542579, -1363.7876161423264, -1680.139894076623, -1436.6078204704095, -1654.260614417617, -1324.638706795059, -1130.955632539314, -1185.868840843853, -1586.7938673396372, -1692.744636221941, -765.0683581202803, -1209.2833825683833, -1832.537437462998, -318.5865301369508, -680.958473705573, -1333.2150125360934, -1546.1089715283529, -1420.1608657375602, -1159.7912173125528, -1579.6238077633632, -1461.1316752902017, -658.171283211099, -1753.5494238708238, -1281.8125810035442, -926.6352342168809, -1255.9237314633253, -761.1839537838215]","[100, 100, 100, 100, 100, 100, 100, 100, 100, 100, 100, 100, 100, 100, 100, 100, 100, 100, 100, 100, 100, 100, 100, 100, 100, 100, 100, 100, 100, 100, 100, 100, 100, 100, 100, 100, 100, 100, 100, 100, 100, 100, 100, 100, 100, 100, 100, 100, 100, 100, 100, 100, 100, 100, 100, 100, 100, 100, 100, 100, 100, 100, 100, 100, 100, 100, 100, 100, 100, 100, 100, 100, 100, 100, 100, 100, 100, 100, 100, 100, 100, 100, 100, 100, 100, 100, 100, 100, 100, 100, 100, 100, 100, 100, 100, 100, 100, 100, 100, 100]","[-99.02341822255649, -183.8429703152348, 61.99023720650255, -11.463508705682502, -47.4484452094483, -145.04732845020163, -281.8254588771606, -292.32371886981076, -142.25024537651612, -350.4385571198684, -292.81168056889857, -141.7998305681376, -237.87570440503913, -248.78204905568742, -337.57732195777686, -223.4558670240755, -354.13231492042706, -170.77944656058315, -156.93966225190158, -171.7879528728349, -264.2754983400362, -238.9121860760938, -238.56821916472734, -229.82493760188765, 50.687414527653345, -174.5338554999049, 101.0731199233141, -162.9475924398151, -55.06277392915957, -92.21493111446098, -117.80622348840308, -86.86279576445166, -218.41007821753155, -65.54112042156225, -235.47813106983486, -77.02347699904662, -279.2972140355482, -259.8512721447648, -348.5736708415977, -145.67562053960035, -272.16274131633077, -141.98431293443508, -321.0605717020094, -165.5483681693707, -137.0077112948788, -241.870256231192, -212.35107381626915, -241.7085377033477, -113.70096336773409, -241.88116538551012, -147.66492482672936, -122.39885714825337, -278.9367614955056, -137.51259639166713, -259.0585157044139, -122.51190656335397, -110.04048845778334, -40.23649583485778, -299.3470215309917, -190.33091480783847, -84.35964379636901, -230.13808382115894, -181.41572718058677, -231.59413373525922, -86.0100875021353, -136.63251927350282, -20.396396823607652, -302.4632440309642, -293.64012472486144, -103.69092071931098, -212.99102153773572, -164.65591790114604, -272.2593916602912, -277.40433459159357, -221.65967055291208, -288.3267863784824, -95.99945101915009, 58.57238616056817, -237.77415868502325, -279.76666992154355, -102.30588807798539, -257.87911123442893, -329.96357968341255, -375.295907233507, -151.33233096112417, 70.28601169433044, -210.94489125896385, -174.4163848703306, -118.47371940768222, -277.19322905971035, -176.03753579303205, -391.0088192673759, -135.28597267274935, -411.0350600780248, -212.1200772649516, -238.1142066040341, -154.81736970612621, -126.81870138551601, -143.27098510327392, -127.05927637842888, -171.46511334968653, -236.46668628306935, -63.723320656050134, -245.69293083494225, -271.66682636474485, -324.49143579413925, 2.612124681167888, -163.10059140353067, -243.05307032702274, -215.91282103111016, -226.7276289568084, -326.79763700098164, -314.69797521537726, -20.773912076269827, -273.0465552527775, 43.17810927525919, -157.03086825045494, 25.159352387375897, -461.0269666345463, -261.0516191804467, -241.49520275623675, -260.5914647691802, -245.5169162302202, -135.53855001295213, -326.28793704537605, -187.2342646387482, -94.55659488174419, -190.95298820009575, -113.75280031973303, -107.36249984577367, -135.4951836298498, -200.66860882416307, -91.63933537778672, -265.48998945176606, -208.90030552187372, -339.93857966523615, -75.22487030149134, -141.36256859039295, -123.88342386955733, -113.2186752481856, -277.3399012115794, -57.60464460215499, -103.27125422247221, -141.38203453765738, -96.36863092919418, -85.60947094238112, -84.96398068843, -85.48329274509781, 170.7189020995439, -52.30187112105331, -157.51305974465043, -172.47539962307553, 147.43621357581398, -317.69523536415585, -220.31683783531025, -232.57097498939632, -67.96823708812256, -23.905374673357365, -29.953929254703866, 4.25439796685693, 124.19454057544063, -14.710456510630259, -152.8794541883266, -142.0152906420811, -150.81315248635963, -316.0659896355139, -193.0687395924322, -39.45591608155256, -184.65132436070397, -50.93171318499992, -199.95666785113855, -98.53918304189322, -95.00929347364685, -281.5129045240344, -102.95761367614946, -119.96102856651696, -252.28119000062102, -227.7931599048892, -165.89825054748547, -325.81902737238687, -191.8800444238401, -439.725063319548, -187.5252396873411, 8.455165344861436, -130.1405123328486, -180.18189182580792, -123.72920764953997, -233.94756136542014, -168.69604037531704, -200.70815724053801, -208.83944676990603, -115.31405344694303, -290.08811129685654, -146.98909614466072, -128.9141544145543, -233.54857433718044, -139.75642364790644, -229.58394880367655, -382.6834351233023, -145.57391216456404, -144.09843247398368, -183.4312776718847, -333.158274157869, -184.51306464608422, -150.56159960248462, -187.2137404861035, -190.71884232062249, -271.91065322859004, -65.3948408096099, -149.42433741370132, -122.27121088836476, -213.6960774821454, -177.7194994947596, -160.05203267396232, -237.99549516539884, -247.89786771668375, -75.71663028046898, -145.36025369063418, -140.10841815433471, -251.71389453002058, -216.46676946790063, -110.54209686032166, -141.72855333957696, -229.0301208932279, -211.29710957544717, -180.97315254318104, -273.6206985685839, -214.6468957807654, -247.83890016204055, -258.1554266816665, -268.80971960494156, -121.88295882129133, -203.45518577175207, -262.18150091297775, -271.3944801761805, -280.04121121295776, -353.0325211530995, -328.63045548953073, -349.2859520546656, -8.322788803250505, -356.17558806420845, -255.44211509540327, -292.729324377508, -293.00980657309293, -240.60059356052477, -166.0078395483295, -362.81608133174353, -249.63042393603172, 21.49274651104193, -158.10533512328013, -110.07712141143108, -120.46398360992649, -257.4294766866256, -154.8186323293317, -274.8872665479869, -91.31422963106144, -139.05404895297735, -159.7652306826826, -85.21834054611416, -119.12510430258543, -34.28644241219321, -55.84970426487647, -74.3141493940077, 40.982805637770504, -262.9025427358011, -7.259580770975152, -157.56051503803724, 51.23585734403663, -234.0711224542557, -203.48807701258326, -84.9586024283686, -286.8098136686443, 24.953268178811644, -181.95324229419333, 381.5691162934325, -23.199478354497803, -415.1511620329049, -177.08353809216803, -155.4545856573227, -352.9222644418708, -213.7074492303107, -277.8964372630141, -367.2173584763042, -234.84869261050608, -208.6346081733888, -201.11729088748524, -254.81852970882497, -104.41933943248976, -252.23460650169946, -176.1825525803041, -234.65578083387, -353.9130335225263, -281.93158125056, -200.35839694783505, 2.8993473070753604, -384.1233026384978, -212.5602456012112, -219.14951535814618, -339.7926292897069, -338.47548821802667, -250.29694167362288, -301.92556666846934, -171.5406800609905, -240.04792818892074, -8.76808745706732, -11.051631126244416, -336.09471421960694, -13.519404357374693, -303.9301375371004, -258.6788821068835, -171.93765458451855, -149.3506800549008, 23.621256260860186, -240.29611931168336, 50.89264226802686, -12.552941069477042, -138.12926248456068, 78.60932064016049, -146.62971523792476, -115.59554977060523, -178.35775204544998, 211.10674836852786, -94.86201422733158, -209.43165064622394, -251.18576404712206, -528.8903451373099, -282.6342257822856, -276.4315658614217, -296.02926289643415, -182.62809991633603, -251.9462824593545, -125.30028621764124, -218.01328050583862, -109.6669412800284, -272.56638350750626, -168.30973759292937, -319.3392580061152, -306.46671569973284, -189.00923262051765, -320.3302273650504, -331.3158365816751, -351.27370636545896, -251.84808358986888, -83.48544210209637, -239.42222183877547, -136.91664031956424, -197.95689475854275, -145.8652129223074, -347.42183975274327, -213.88162673112987, -283.01979072824554, -142.05044065378195, -100.67309035653065, -222.9675512281616, -94.75830835524523, -313.32146413191805, -237.35465172238187, -133.5365961523957, -186.17978034713516, -222.05252985481638, -280.2184135439964, -203.25927256156717, -240.96310245238627, -452.067926024589, -240.60352214576588, -159.04335259715097, -177.45575235653567, -200.115765349891, -201.37835965101837, -175.0162174219812, -422.6633128864467, -363.43104629651157, -200.38252043777794, -126.62320276679786, -153.35543987400834, -211.39472692450428, -127.31682056077648, -275.9799592714842, -223.6248927842155, -140.98931347731246, -96.3717579039542, -363.37372799421144, -31.223311281339868, -441.94043913019135, -164.22127963012545, 61.65379088303872, -22.842635065788397, -128.27844809860838, -206.42313744733875, -134.1413860726971, -293.86074863511186, -295.0800524900688, -336.46988329728487, -238.9160380950143, -455.3751810169501, -350.096564693819, -222.79569204239613, -196.73169895139742, -218.65876850074346, -305.6428435262231, -237.21215523019606, -25.66829124667857, -152.90979102848783, -37.160733876489886, -169.5903504653133, -192.6136192330537, 41.01688979732059, -370.7737691656533, -243.49971699563605, -239.35155471740165, -175.58240383829133, -108.24006908033132, -143.79652669849543, -434.9443123931979, -353.43501270401407, -112.60137498079514, -256.60333936472045, -267.8476136927526, -260.3935546580988, 138.49229890054002, -258.58470887180704, -242.46768681189474, -214.4536237909267, -234.47651464703327, -200.04668754565185, -435.72146917497855, -246.28224186098277, -291.63652134821393, -255.81800925614613, -205.7207933199017, -181.66875934511827, -290.24297007173544, -77.8420995866822, -98.61591241048302, -324.9325901856007, -286.5310968846322, -166.87379860024134, -370.57794736922375, -192.37883183968208, -551.2346567853792, -293.233637158952, -218.26193057967214, -257.7815992716634, -162.20835041891382, -231.20877227268005, -271.3874284954139, -29.305290708783527, -219.78963941536668, -299.88384379929886, -312.21264145078516, -536.9872713589591, -241.8405295180343, -132.3334736810671, -310.8077115578494, -412.95348946073665, -45.21741849997913, -205.90057199228676, -244.24324709979177, -268.2000121330338, -105.08536678794424, -244.48513879801794, -368.6934836593375, -243.7835317845104, -193.5115928127408, -415.5618061667216, -328.3154941127959, -213.83786863502814, -259.25032090582084, -242.4159463160647, -174.72212116758507, -290.644979986504, -119.73259146972906, -226.15335565393255, -270.9697122012458, -89.50103259364327, -152.34476162853088, -275.02985758347535, -268.64083724206847, -204.5778552162931, -140.8612882753046, -286.05366077700603, -130.07187927804446, -155.641693148716, -218.48271945720978, -107.40734415128054, -288.21154403159653, -218.76469282981247, -179.4680552980512, -138.12083675322077, -377.91687390754794, -491.5626753146734, -180.96073323633217, -390.54671957269676, -183.11020038071123, -318.43748216389804, -216.98981072358768, -349.4519062268458, -234.20851715420352, -332.00191530849736, 162.53083272077313, -75.91976860949922, -66.94444667220853, -126.04773798300677, -326.6853222678418, -357.0597735570431, 284.80402830203406, -258.1832928871465, -363.47663326393877, -113.96061218086098, -401.4070989814331, -410.4372759633774, -305.615694223945, -307.05873706041723, -387.50558414365764, -232.79251383425094, -189.12763223735354, -67.77596534684594, -76.83706579777412, -100.5003409023654, 151.93637669803533, -142.36815552883465, -83.04137925916646, -52.9701496999131, -109.76823986192619, -160.4835019785868, -161.1120354479156, -62.29424028969683, -134.33030642753494, -288.95293088206296, 1.232798905643338, -305.80316591871843, -349.06057835868603, -259.6080472620619, -131.02308902020775, -158.09405299121792, -229.90820735042973, -303.14364879141516, -213.769030639797, -383.1619837227132, -258.03204803278, -193.87842829681202, -223.27447483147873, -132.00975999866228, -278.0778086138683, -326.51086108188593, -266.40953291485334, -254.24946345568048, -393.0399213896266, -103.91457683206711, 57.77602720274225, -298.2784437590419, -168.08483907887958, -310.98284377820613, -180.45511285618718, -241.22415592506792, -403.5637853050155, -143.42276920121324, -299.97514069767465, -197.9985392022716, -195.74218449960725, -122.15616066002129, -294.57788091637974, -313.0376218181977, -337.6192881937273, -80.25873863705223, -70.54223972791553, -195.6856116117772, 77.54292038783734, -245.32369347054396, -143.90392015164687, -295.8358258362937, -322.21661315008686, -291.91216796631943, -174.65864571125726, -420.57409284627704, -248.35207836059033, -252.96899702565946, -363.48629197996434, -303.40742049425256, -69.19920070156176, -153.74272631760797, -139.00794448449943, -241.79512976998848, -293.09149589612696, -141.54587564986628, 127.86271235062591, -94.4127464540222, -283.6526987975038, -173.7292825532353, -82.93831254338149, -298.91879922355463, -189.5495925612764, -342.22160621079024, -168.5661383710871, -226.12120376297105, 1.8634914034284078, -102.09299233431335, -180.72930449826075, -83.58922998973908, -170.51471460196606]",14.767854526630764,0.7134380699498366,1.0544042208781677,7491.008,800.96,21.193,283116.759,37459.047,160.175,12.298,24000,24000,39.38571428571428,15.17460317460318,0.20000000298023224,4.999999873689376e-05,5318.6226,-0.009778297,5318.6304,0.000116029245,0.013155423,1.230679,0.0
115.18694296254205,-1817.799263640907,-1046.5688503857748,100.0,60,15,30000,False,300,5,212f51d07e9840f9afce8433e261ebfd,2020-07-14_16-02-11,1594742531,45.72004818916321,225.86054515838623,62816,tango5,131.234.250.245,225.86054515838623,0,5,d74d5_00000,0,-528.8903451373099,381.5691162934325,-174.42814173096252,"[-1124.4940705747895, -1306.6301345395316, -1319.7743733580967, -1543.0412503046573, 5.434600559437332, -942.229079291082, -1622.8200716210822, -1030.93263296643, -1160.2572285668352, -1680.2376848036627, -794.7440430016885, -1181.103549830935, -517.9922853706579, -451.0061005837295, -406.46903848262025, -1163.9310476839764, -1066.2335235123373, -1420.8294787932361, -868.1835839631185, -589.81772967732, -994.527251249796, -1167.8861946375866, -854.4180943492224, -1263.6095951452596, -183.82421702244815, -1075.4069019310657, -163.77842302520003, -1073.3322485311066, -323.3745177282294, -759.9415749115368, -382.55038444222083, -352.010163037955, -1075.5954156493115, -860.2741560575794, -1660.4051450264976, -1535.0069441376547, -1253.111538128476, -546.0839694275587, -1303.667376037086, -915.5099930405623, -1298.7737468799805, -933.6985682955943, -1100.999827433761, -1582.3476886397798, -705.2807044584066, -1452.7549547822828, -1241.8777350955413, -1485.67954200797, -901.836031417077, -1773.019469833428, -1390.5411959144772, -1121.1733572721832, -976.4864589245611, -1766.3856204038966, -1405.1949138276682, 115.18694296254205, -1327.4831699471274, -1426.1633378467602, -823.8182446549948, -1372.081440763168, -1396.664335452712, -842.7886757013596, -1122.5556489085473, -816.6999336916078, -234.00834432661287, -953.1352939807724, -8.089058984516383, -994.2985426262659, -910.6010864364148, -1194.710270068048, -1120.9975862445237, -1051.2344668476646, -1168.8803086448333, -1373.4583962376873, -1015.2240138611116, -1159.6321834213136, -939.9080629836803, -1251.2965307007821, -1362.3236919546705, -1590.7074088896852, -1603.9652672190666, -979.6001989013712, -1077.2688848306668, -327.8109352820061, -814.0459806676162, -170.3987522734597, -1592.2154367175908, -1371.0558192889985, -1499.2759516367933, -1491.201833798513, -983.6308351753148, -1233.5114728603824, -237.85510369667284, -533.7699335590081, -1817.799263640907, -1145.8029115632983, -1817.7349766385469, -1055.4944955311555, -1310.0143394505913, -1187.203330563892]","[100, 100, 100, 100, 100, 100, 100, 100, 100, 100, 100, 100, 100, 100, 100, 100, 100, 100, 100, 100, 100, 100, 100, 100, 100, 100, 100, 100, 100, 100, 100, 100, 100, 100, 100, 100, 100, 100, 100, 100, 100, 100, 100, 100, 100, 100, 100, 100, 100, 100, 100, 100, 100, 100, 100, 100, 100, 100, 100, 100, 100, 100, 100, 100, 100, 100, 100, 100, 100, 100, 100, 100, 100, 100, 100, 100, 100, 100, 100, 100, 100, 100, 100, 100, 100, 100, 100, 100, 100, 100, 100, 100, 100, 100, 100, 100, 100, 100, 100, 100]","[-225.32867992521287, -191.81925559352578, -55.9849241900578, -227.1450620071465, -210.8379857570737, -213.37816310177232, -264.8094064055347, -239.04631744466477, -111.74150770928702, -234.94704701443524, -374.2927281987052, -81.79312776690388, -305.53577887195405, -294.58656577937955, -151.60506282461694, -165.96559794972504, -192.98018501276084, -209.10118291966293, -206.35833381819694, -303.2152774185333, -252.06803368643796, -291.57368488344423, -279.85927897088993, -209.9666415271556, -40.83457315252123, -18.185097223687112, -16.530189410404592, 102.77937879604913, -134.95314711112843, 113.15822866113119, -128.44839327290893, -159.1976667279003, -230.94426917538613, 98.27454031957431, -91.61152584772739, -430.3017645867341, -145.9051234863666, -325.1648358136282, -301.10781292870956, -339.1211489251049, -218.55250766761432, -292.96864279965973, -271.5927040771209, -53.63730427593239, -170.79179296368068, -92.10920767949, -165.09829533225383, -277.70332863795306, 17.57472034322072, -164.12531009042766, -312.4877285795297, -269.25926466167454, -201.71357797594573, -230.24606760247858, -113.26861706449344, -268.49000550817976, -407.32447593640313, -233.27553306441447, -281.0941932567841, -376.7848599733854, -207.1974998592876, -202.59300177841257, -85.37686852976681, -149.19132884949101, -103.3640262032632, -47.02131778146804, -170.12396947210732, -278.2167542492051, -324.76388012061307, -219.25012967134737, -264.8276241591803, 76.07880784151925, -167.06100038754775, -149.63566736995105, -191.41843286167008, 170.5142398960334, -168.56733040604936, -11.82409424147265, -63.833517931120404, -185.90394919162088, -82.72696846890855, 214.89038530287098, -214.19209484688628, -119.2399554480652, -58.93687884073903, -5.105113125888204, -222.08474532130785, 27.609990991061558, -32.833479111829014, -115.1188130739178, -138.20255886784526, -256.7689256550884, -90.12494011123643, -256.5938446048517, -187.47562352110893, -234.7651549238465, -251.82992283889132, -4.8086106860335, -195.7391277255594, -292.84260747467533, -174.17097574584278, -146.84227904133652, -209.68755860150782, -278.1254927182946, -332.45406945766933, -246.5814860032841, -279.71275842160486, -74.26811359087539, -154.01159868941141, -159.32164885226817, -136.56792335296308, -204.71276312253863, -96.15443302697565, -117.41521691896088, -9.98001781552918, -134.32391659267358, -99.33868708729233, -118.11665930473423, -230.60219239676042, 2.5437435196690124, -70.6583611508517, -143.27724655579016, -167.61632792661266, -176.7450078107847, -200.86798635046748, -235.36232145529118, -161.0527762728939, -320.2244401003613, -136.27123975781413, -155.9803219916898, -177.66853956621395, -216.68887694861488, -32.44802743135185, -248.07632399606095, -100.41319981857384, -180.26521859595206, -115.10299452680556, -178.1123299804794, -257.800134139243, -284.2192791404634, -8.00691484531143, -232.4724453957821, -265.9970328652676, -215.11378875919448, 223.85029641257793, -171.3406096381689, 179.29801646836486, -223.12654185502794, -119.59512095464616, -72.91025745554744, -123.06857558951204, -237.67137278163915, -76.53616702667732, -120.68453392951295, -299.83603012136547, -217.61022248235915, -169.73843031884297, -112.05263988468575, 32.08768319925633, 71.15214189880226, -158.94023654253485, 173.7130586228055, -41.799240983806584, -230.82918144409672, -179.67498540136066, -282.8952211202787, -204.01468315664803, -134.1189364249154, -266.2050297943119, -182.42326273438843, 242.36618371374806, -25.987262036701118, -131.01791311938942, 39.892766242812655, -253.7941575640282, -166.69812816605034, -68.44246571305975, -167.20526111579503, -88.64161727344573, -15.15994507915768, -53.5824884818827, -141.99579051623664, 3.7261036972316264, -47.83949768834127, -30.70218058603225, -112.15653086695964, 64.56077033919772, 29.22568230407593, -206.63306757443038, -154.0907937960338, -15.740167668306087, -69.33258664245953, -287.4562809681803, -368.91127890234355, -142.1991398160671, -53.31025867178953, -16.683548439809787, -207.03490885112035, -133.71478943351647, -136.07695153291536, -199.02566019623674, -53.57420450807144, -218.02790803573245, -119.85464235110744, -227.27721044458875, -331.9545906365261, -290.13263764228935, -212.57030219508368, -360.04180825566107, -238.4285958523512, -273.66376071669316, -314.93267485671004, -282.59589960907505, -286.8295325976028, -268.5378108262589, -108.44726553131491, -149.97507877184714, -201.9080197038099, -157.25398582087914, -251.80437485722786, -273.00710245494616, -219.1629765197675, -209.24985951149966, -50.744252659900944, -147.2951205054771, -213.24622722069157, -48.704041502571734, 123.15553197258282, -218.65975902784524, -104.96149798173177, -300.9842330994971, -183.82206678607938, -282.05183687700907, -213.18798226492555, -235.81932476677224, 54.00949232117246, -280.1247729282859, -171.42139401097532, -126.94716946655133, -155.20682418914998, 52.70875319452963, -276.0344774741559, -341.79448022876267, -179.25272051905424, -224.80188686913039, -329.5989349834063, -114.45804741858956, -105.01810871723764, -188.23189195384188, -57.773890172859375, -249.47403314848682, -218.74259688458096, -45.91817673101673, -166.3336763215466, -200.16804737559028, -240.94854132020583, -228.17449312740467, -219.45689255799675, -355.8398324621865, -335.0597477593567, -274.37099094138637, -191.5488646978311, -248.64648357875097, -176.881769200269, -73.55774960726889, -58.301279308356385, -188.6960976648101, -112.71972554570893, -57.92282918925907, -214.08302314300397, -256.85646850214545, -258.7248452706585, -173.3699414469076, -250.51461086525595, -252.62730473533895, -260.66178396197733, -318.816747001548, -222.02821126550998, -285.8485910418309, -213.46088827226896, -74.35954674053102, -127.36375077385354, -159.16171380214337, -288.79361739477946, -223.71587583780035, -269.15056171504875, -267.62202570973676, -277.23574754846294, -151.1267482263807, -235.57615351177407, -277.5328134188098, -197.62547730981203, 60.45425360158313, -100.42909255188543, -294.74984573707127, -322.52379826325273, -283.50727646821593, -193.3700431078661, -357.6116731115832, -321.2568331454369, -289.9854228881776, -224.58163063274972, -209.9800127124154, -268.7571137328195, -184.26685067919675, -212.97016526911906, -149.1601814078447, -230.74872179347486, -101.0454137218147, -220.24844412758208, -210.33926401473028, -209.63133220673603, -168.35918367114908, -139.260549808885, -217.5677393789997, -128.45718149413335, -176.34532706367213, -146.49647750772002, -392.19417124334444, -184.12539096245084, -371.606825382962, -224.8226274315637, -286.7776582891174, -306.8589470944612, -163.04148836222586, -250.03878571672465, -174.75960390654342, -312.69085019210905, -273.1995129093828, -231.46467274068337, 32.48364221113866, -25.20159952741254, 41.460200324489044, -85.25634787874286, 30.655855656192543, 121.04519217687691, -297.59598338330136, -299.3165363154756, -134.73429089490898, -233.00803118081922, -225.23880338051544, -137.5895247921085, -332.94510189836916, -119.239130113021, -189.96280011181256, -115.92215051240534, -267.0719762285622, -401.02217898258925, 23.213939737678267, -290.2815833127609, -79.18394907645586, 98.81337969757931, -288.9196824961207, -287.46034920491377, -124.2944469888924, -180.39444245098227, -348.35224141478164, -161.60413955912182, -378.75986936486476, -178.67630098452463, -241.49520275623675, -260.5914647691802, -245.5169162302202, -135.53855001295213, -326.28793704537605, -187.2342646387482, -94.55659488174419, -190.95298820009575, -113.75280031973303, -107.36249984577367, -135.4951836298498, -200.66860882416307, -91.63933537778672, -265.48998945176606, -208.90030552187372, -339.93857966523615, -75.22487030149134, -141.36256859039295, -123.88342386955733, -113.2186752481856, -277.3399012115794, -57.60464460215499, -103.27125422247221, -141.38203453765738, -96.36863092919418, -85.60947094238112, -84.96398068843, -85.48329274509781, 170.7189020995439, -52.30187112105331, -157.51305974465043, -172.47539962307553, 147.43621357581398, -317.69523536415585, -220.31683783531025, -232.57097498939632, -67.96823708812256, -23.905374673357365, -29.953929254703866, 4.25439796685693, 124.19454057544063, -14.710456510630259, -152.8794541883266, -142.0152906420811, -150.81315248635963, -316.0659896355139, -193.0687395924322, -39.45591608155256, -184.65132436070397, -50.93171318499992, -199.95666785113855, -98.53918304189322, -95.00929347364685, -281.5129045240344, -102.95761367614946, -119.96102856651696, -252.28119000062102, -227.7931599048892, -165.89825054748547, -325.81902737238687, -191.8800444238401, -439.725063319548, -187.5252396873411, 8.455165344861436, -130.1405123328486, -180.18189182580792, -123.72920764953997, -233.94756136542014, -168.69604037531704, -200.70815724053801, -208.83944676990603, -115.31405344694303, -290.08811129685654, -146.98909614466072, -128.9141544145543, -233.54857433718044, -139.75642364790644, -229.58394880367655, -382.6834351233023, -145.57391216456404, -144.09843247398368, -183.4312776718847, -333.158274157869, -184.51306464608422, -150.56159960248462, -187.2137404861035, -190.71884232062249, -271.91065322859004, -65.3948408096099, -149.42433741370132, -122.27121088836476, -213.6960774821454, -177.7194994947596, -160.05203267396232, -237.99549516539884, -247.89786771668375, -75.71663028046898, -145.36025369063418, -140.10841815433471, -251.71389453002058, -216.46676946790063, -110.54209686032166, -141.72855333957696, -229.0301208932279, -211.29710957544717, -180.97315254318104, -273.6206985685839, -214.6468957807654, -247.83890016204055, -258.1554266816665, -268.80971960494156, -121.88295882129133, -203.45518577175207, -262.18150091297775, -271.3944801761805, -280.04121121295776, -353.0325211530995, -328.63045548953073, -349.2859520546656, -8.322788803250505, -356.17558806420845, -255.44211509540327, -292.729324377508, -293.00980657309293, -240.60059356052477, -166.0078395483295, -362.81608133174353, -249.63042393603172, 21.49274651104193, -158.10533512328013, -110.07712141143108, -120.46398360992649, -257.4294766866256, -154.8186323293317, -274.8872665479869, -91.31422963106144, -139.05404895297735, -159.7652306826826, -85.21834054611416, -119.12510430258543, -34.28644241219321, -55.84970426487647, -74.3141493940077, 40.982805637770504, -262.9025427358011, -7.259580770975152, -157.56051503803724, 51.23585734403663, -234.0711224542557, -203.48807701258326, -84.9586024283686, -286.8098136686443, 24.953268178811644, -181.95324229419333, 381.5691162934325, -23.199478354497803, -415.1511620329049, -177.08353809216803, -155.4545856573227, -352.9222644418708, -213.7074492303107, -277.8964372630141, -367.2173584763042, -234.84869261050608, -208.6346081733888, -201.11729088748524, -254.81852970882497, -104.41933943248976, -252.23460650169946, -176.1825525803041, -234.65578083387, -353.9130335225263, -281.93158125056, -200.35839694783505, 2.8993473070753604, -384.1233026384978, -212.5602456012112, -219.14951535814618, -339.7926292897069, -338.47548821802667, -250.29694167362288, -301.92556666846934, -171.5406800609905, -240.04792818892074, -8.76808745706732, -11.051631126244416, -336.09471421960694, -13.519404357374693, -303.9301375371004, -258.6788821068835, -171.93765458451855, -149.3506800549008, 23.621256260860186, -240.29611931168336, 50.89264226802686, -12.552941069477042, -138.12926248456068, 78.60932064016049, -146.62971523792476, -115.59554977060523, -178.35775204544998, 211.10674836852786, -94.86201422733158, -209.43165064622394, -251.18576404712206, -528.8903451373099, -282.6342257822856, -276.4315658614217, -296.02926289643415, -182.62809991633603, -251.9462824593545, -125.30028621764124, -218.01328050583862, -109.6669412800284, -272.56638350750626, -168.30973759292937, -319.3392580061152, -306.46671569973284, -189.00923262051765, -320.3302273650504, -331.3158365816751, -351.27370636545896, -251.84808358986888, -83.48544210209637, -239.42222183877547, -136.91664031956424, -197.95689475854275, -145.8652129223074, -347.42183975274327, -213.88162673112987, -283.01979072824554, -142.05044065378195, -100.67309035653065, -222.9675512281616, -94.75830835524523, -313.32146413191805, -237.35465172238187, -133.5365961523957, -186.17978034713516, -222.05252985481638]",15.360812384613027,0.7130080434075685,1.0400956621748307,7649.393,784.376,19.087,314344.9,37446.612,160.228,12.252,30000,30000,40.03492063492064,15.200000000000006,0.20000000298023224,4.999999873689376e-05,4598.8994,-0.007729003,4598.9053,0.028914785,0.011850595,1.1766969,0.0
238.64912127115582,-1776.7653356249282,-1035.2988220060695,100.0,60,15,36000,False,360,6,212f51d07e9840f9afce8433e261ebfd,2020-07-14_16-02-58,1594742578,46.37067747116089,272.2312226295471,62816,tango5,131.234.250.245,272.2312226295471,0,6,d74d5_00000,0,-455.57033557973284,755.4118985649587,-172.5498036676783,"[-911.1395393584669, -329.1665729675206, -927.8960031740679, -990.202119016384, -694.5595867853971, -1144.6871101348643, -153.67359032896658, -1073.966714613928, -1514.3751661735798, -1603.3002828144681, -1585.2938909535253, -827.3296936585424, -1443.6907295695985, -1464.1851749410187, -357.0402676033343, -1127.0286417120064, -1552.292928213109, -1776.7653356249282, -876.1698550025999, -1649.6805040270683, -1301.2799605794721, -1457.4016917713652, -1108.1731986678717, -1528.5547082203755, -554.163542331531, -1342.7040014624586, -447.23819646012385, -902.4832197975104, 171.0330730296062, 238.64912127115582, -1203.931862210668, -250.54372816278558, -687.0058703507592, -1137.3704362916142, -1152.3865475396744, -1447.3540396810963, -812.1439324824338, -587.6745976431679, -1601.275462961917, -657.7171564784187, -1475.799423818324, -1510.0576169717187, -986.0516178516341, -343.2869065655217, -1480.2163479727935, -1465.426586107708, -1103.0501196251025, -1318.4104638969516, -1255.6335691914476, -1443.3258654760018, -627.3998145858523, -1337.997768044842, -861.7265437179145, -1071.3425664053254, -739.1455329917702, -698.5632124920876, -1110.56308375284, -1093.354821254895, -942.4194726538615, -1179.224032812022, -994.527251249796, -1167.8861946375866, -854.4180943492224, -1263.6095951452596, -183.82421702244815, -1075.4069019310657, -163.77842302520003, -1073.3322485311066, -323.3745177282294, -759.9415749115368, -382.55038444222083, -352.010163037955, -1075.5954156493115, -860.2741560575794, -1660.4051450264976, -1535.0069441376547, -1253.111538128476, -546.0839694275587, -1303.667376037086, -915.5099930405623, -1298.7737468799805, -933.6985682955943, -1100.999827433761, -1582.3476886397798, -705.2807044584066, -1452.7549547822828, -1241.8777350955413, -1485.67954200797, -901.836031417077, -1773.019469833428, -1390.5411959144772, -1121.1733572721832, -976.4864589245611, -1766.3856204038966, -1405.1949138276682, 115.18694296254205, -1327.4831699471274, -1426.1633378467602, -823.8182446549948, -1372.081440763168]","[100, 100, 100, 100, 100, 100, 100, 100, 100, 100, 100, 100, 100, 100, 100, 100, 100, 100, 100, 100, 100, 100, 100, 100, 100, 100, 100, 100, 100, 100, 100, 100, 100, 100, 100, 100, 100, 100, 100, 100, 100, 100, 100, 100, 100, 100, 100, 100, 100, 100, 100, 100, 100, 100, 100, 100, 100, 100, 100, 100, 100, 100, 100, 100, 100, 100, 100, 100, 100, 100, 100, 100, 100, 100, 100, 100, 100, 100, 100, 100, 100, 100, 100, 100, 100, 100, 100, 100, 100, 100, 100, 100, 100, 100, 100, 100, 100, 100, 100, 100]","[-182.83411412783573, -105.2921855568283, -205.97203683243026, -274.4286080387599, -37.52702326498055, -105.08557153763168, -220.83747738964442, 272.3057359785821, 150.22893433252943, -140.1746053850257, -251.33868073222226, -139.35047977173957, -239.38607905673788, -135.2416735337956, -118.02026628542826, -208.1947071019222, -92.81099035129843, -134.24228684488716, -305.95289939373896, -180.0069417487936, -108.64480006904992, -238.30857985255184, -113.81462874289907, -43.47426920935215, -219.43246067126375, -401.89018856561717, -256.8099535681204, -217.0250974250467, 361.2896606929356, 39.3084527517161, -182.6019813849079, -190.42403517025932, -231.66249401539386, -265.68687010021387, -7.9129303766352495, -266.39879908745314, -22.54661719196162, -314.3234110821723, 50.637704981089506, -128.2560264883982, 290.9843971039783, -30.169637651502292, 184.09555728382867, -236.0008882892793, -246.98428503999708, -257.3093734207477, -172.95039646081273, -344.8173286869204, -220.02084817497166, -376.98364529467534, -197.28050541794744, -218.79828690674023, -314.8305772076383, -186.46130317161015, -229.6940388265328, -245.3408881005423, -264.5417904098681, -417.43477705772307, -195.18045645342346, -251.10833196637756, -301.686344463309, -230.72639174796896, -168.2779908542264, -374.79418224918584, -280.9575679235219, -228.8514137153145, -209.43422722708226, 46.15198863417214, -217.11276142446363, -247.08267126580236, -211.902542006979, 12.050519631612083, -245.1115836655855, -292.79421363398177, -231.94830205066955, -285.75964262709493, -201.77186693196694, -186.30512066029934, -199.02732095848455, -243.76953395158276, -176.23186212587757, -312.7911452481592, -143.0261520319238, -389.339160624992, -91.06830809761773, -90.32456210342566, -64.97078575220479, -49.265051229494055, -79.68427973240861, 18.272719311815926, -190.26010725333916, -209.00972411689412, -52.5431480305223, -181.5569251616665, -157.6841697154515, -335.9745674341329, -254.42731389651334, -219.9919241247471, -374.7145339057879, -286.03882295662464, -119.19178739937361, -297.9285459300619, -219.72433970677352, -406.229670755776, -355.4832097705055, -260.6861511320287, -251.12983178021105, -283.51213247963517, -288.45995540056697, -170.34688668970568, -98.83746618527974, -150.92786201609738, -104.18222457304482, -63.41546013790354, -193.95684415162216, -255.50540012962813, -203.56829268687264, -291.6249350611024, -336.09344259208234, -368.9315894057614, -448.33319060204906, -276.189142527871, -51.66127942755633, 198.11730307260703, -327.4438768778396, -395.76977421676264, -182.55392914542858, 70.02194243042462, -195.6475305279835, -377.2166098860333, -409.1928348930335, -362.8127297493135, -231.23113238446845, -269.7891068966928, -175.78471793198176, -272.3860322053817, 2.99303188699138, -161.97524113633855, -165.7904249359135, -226.5766465950355, -393.77459458754805, -257.31082592214864, -227.92325596343994, -257.17896021628667, 49.47264893734706, -222.92869802637998, -154.95798227513424, -122.04959410358173, 139.42385405233097, -243.12377091611324, -192.56780744887584, -210.32478811188227, -224.2562504508661, -160.43895655713692, -204.62464174079122, -350.4915571529044, 35.53547998882205, -293.72807148651594, -5.439234789119137, -108.85046182278214, -46.50756825270326, -28.248340097824634, -19.62633667298341, -102.44823319973817, -83.43269926987495, -227.5989045582762, -185.17849418982482, -284.19855190681244, 229.57631016716965, -18.64095408289839, 199.65182081353035, -116.15131872023714, -59.95128087738491, -63.45150427057223, 379.36056425065675, 202.80083306640722, -63.59898128445359, -359.0515794027899, 334.1014308963259, -254.96314625499025, -181.19234239364457, -245.1952875549786, -260.4389837624809, -220.5489857939425, -185.43353614347404, -111.12272656214745, -140.7765662610065, 56.950947585465826, -196.62754637095608, -79.2202244128552, 167.6434675429127, -58.51380624634647, 54.55866123821375, -233.36437758859265, -102.15638915569377, -59.86692636703349, -234.902878324444, -111.27396015321102, -164.46350584660541, -217.01667796047008, -154.5783696157635, -161.22507394719858, -118.49115934697684, -321.59564957459884, -270.4743708119844, -128.88435355958796, -182.1252502450263, -276.6527546040645, -44.929061861784035, -249.32075645722668, -123.91369841575356, -320.4386991613148, -273.3080183691997, -198.96367033251428, -342.912696777156, -187.81725662515797, -285.9109064116598, -50.52130427305124, -276.2703991204554, -113.20524007157671, -31.360277551800543, -54.87580505388927, 755.4118985649587, -214.09033445084253, -342.14519125638435, -233.59011201268615, -368.50182172382785, -184.75903676438503, -252.3910925005536, -300.85348523960477, -286.48758559803224, -242.57919612647495, -261.20070996585076, -257.76339353139974, -282.58489619803674, -103.278877956834, -144.15478415017853, -121.76609956472416, -91.47947517057337, 85.5469765619281, -260.55975687674163, -160.7470153121069, -327.5883851568037, -156.85262026431027, -285.42792715005146, -284.6237190583082, -298.5489711547205, -197.02010143766992, -257.718231249183, -381.7012332006979, -201.82797199096552, -173.2411079384812, -143.1659008081556, -186.94703558420213, -217.17337837994552, -117.97218079248094, -114.0280719798213, -206.7650503070293, -71.74175650157414, 466.5924996313982, -223.49535019434276, -173.308284396953, -134.69305615230425, -206.6409589517448, -122.08826561130863, -295.1673305596108, -367.2090959607314, -215.31333643529757, -188.75583932106144, -291.68248008478787, -222.12994031717574, -200.68513049271724, -250.15900409910563, -284.53971621422386, -185.3853706727145, -322.52742431177546, -141.1108006633898, -216.51944461106444, -231.67708765613875, -98.97445526916192, -265.5252588039641, -149.243072621382, -361.68688256645436, -230.9395138904245, -162.97439198116444, -231.82584637006326, -173.13276223296134, -157.85106685588266, -193.6653340762839, -208.44601843098366, -202.92513026710537, -237.78011152985627, -238.8693097513645, -173.94766513585196, -183.31538261451442, -317.0912161225458, -167.05753933446434, -191.86200253881844, -455.57033557973284, -128.4293892859278, -124.85726276358892, -211.687196099337, -34.96510160075134, -92.80832391452914, -85.45901007677662, -77.62292013086844, -197.37733065968746, -280.0780815638588, -252.61631454217536, -1.053842754804484, -351.88731679373353, -254.9848817305844, -34.181336074402694, -281.77130044721844, -70.57767551539746, -255.94499341791143, -18.14215890553517, -201.1090793574505, -163.6602647055928, -234.14017444708864, -127.90578224995278, -191.7069426688272, -223.36096247072845, -130.56843986313578, -61.70702034100597, -80.86279078664859, -201.24281324875884, -144.94863787931004, -137.03728305808136, -113.34698767796662, -86.94710194936111, -147.7106811985638, -10.391398709559146, -243.66425909152878, -96.35968229663867, -113.49008924643577, -119.6520075724797, -241.96751103226848, -76.01727098285618, -187.95765690976344, -302.70135222736656, -182.26728502810758, -209.2119827160881, -222.14182043266172, -157.17295941111718, -291.36927138600043, -223.2964618692845, 9.83767456025704, -151.4273424337481, -254.700976993282, -262.6165692252098, -67.98527860089064, -60.804302596680486, -144.88500280405026, -236.92315482979663, -125.06476537276183, -126.26875511811272, -258.6090377715589, -240.487579217583, -191.87074050220804, -70.6583611508517, -143.27724655579016, -167.61632792661266, -176.7450078107847, -200.86798635046748, -235.36232145529118, -161.0527762728939, -320.2244401003613, -136.27123975781413, -155.9803219916898, -177.66853956621395, -216.68887694861488, -32.44802743135185, -248.07632399606095, -100.41319981857384, -180.26521859595206, -115.10299452680556, -178.1123299804794, -257.800134139243, -284.2192791404634, -8.00691484531143, -232.4724453957821, -265.9970328652676, -215.11378875919448, 223.85029641257793, -171.3406096381689, 179.29801646836486, -223.12654185502794, -119.59512095464616, -72.91025745554744, -123.06857558951204, -237.67137278163915, -76.53616702667732, -120.68453392951295, -299.83603012136547, -217.61022248235915, -169.73843031884297, -112.05263988468575, 32.08768319925633, 71.15214189880226, -158.94023654253485, 173.7130586228055, -41.799240983806584, -230.82918144409672, -179.67498540136066, -282.8952211202787, -204.01468315664803, -134.1189364249154, -266.2050297943119, -182.42326273438843, 242.36618371374806, -25.987262036701118, -131.01791311938942, 39.892766242812655, -253.7941575640282, -166.69812816605034, -68.44246571305975, -167.20526111579503, -88.64161727344573, -15.15994507915768, -53.5824884818827, -141.99579051623664, 3.7261036972316264, -47.83949768834127, -30.70218058603225, -112.15653086695964, 64.56077033919772, 29.22568230407593, -206.63306757443038, -154.0907937960338, -15.740167668306087, -69.33258664245953, -287.4562809681803, -368.91127890234355, -142.1991398160671, -53.31025867178953, -16.683548439809787, -207.03490885112035, -133.71478943351647, -136.07695153291536, -199.02566019623674, -53.57420450807144, -218.02790803573245, -119.85464235110744, -227.27721044458875, -331.9545906365261, -290.13263764228935, -212.57030219508368, -360.04180825566107, -238.4285958523512, -273.66376071669316, -314.93267485671004, -282.59589960907505, -286.8295325976028, -268.5378108262589, -108.44726553131491, -149.97507877184714, -201.9080197038099, -157.25398582087914, -251.80437485722786, -273.00710245494616, -219.1629765197675, -209.24985951149966, -50.744252659900944, -147.2951205054771, -213.24622722069157, -48.704041502571734, 123.15553197258282, -218.65975902784524, -104.96149798173177, -300.9842330994971, -183.82206678607938, -282.05183687700907, -213.18798226492555, -235.81932476677224, 54.00949232117246, -280.1247729282859, -171.42139401097532, -126.94716946655133, -155.20682418914998, 52.70875319452963, -276.0344774741559, -341.79448022876267, -179.25272051905424, -224.80188686913039, -329.5989349834063, -114.45804741858956, -105.01810871723764, -188.23189195384188, -57.773890172859375, -249.47403314848682, -218.74259688458096, -45.91817673101673, -166.3336763215466, -200.16804737559028, -240.94854132020583, -228.17449312740467, -219.45689255799675, -355.8398324621865, -335.0597477593567, -274.37099094138637, -191.5488646978311, -248.64648357875097, -176.881769200269, -73.55774960726889, -58.301279308356385, -188.6960976648101, -112.71972554570893, -57.92282918925907, -214.08302314300397, -256.85646850214545, -258.7248452706585, -173.3699414469076, -250.51461086525595, -252.62730473533895, -260.66178396197733, -318.816747001548, -222.02821126550998, -285.8485910418309, -213.46088827226896, -74.35954674053102, -127.36375077385354, -159.16171380214337, -288.79361739477946, -223.71587583780035, -269.15056171504875, -267.62202570973676, -277.23574754846294, -151.1267482263807, -235.57615351177407, -277.5328134188098, -197.62547730981203, 60.45425360158313, -100.42909255188543, -294.74984573707127, -322.52379826325273, -283.50727646821593, -193.3700431078661, -357.6116731115832, -321.2568331454369, -289.9854228881776, -224.58163063274972, -209.9800127124154, -268.7571137328195, -184.26685067919675, -212.97016526911906, -149.1601814078447, -230.74872179347486, -101.0454137218147, -220.24844412758208, -210.33926401473028, -209.63133220673603, -168.35918367114908, -139.260549808885, -217.5677393789997, -128.45718149413335, -176.34532706367213, -146.49647750772002, -392.19417124334444, -184.12539096245084, -371.606825382962, -224.8226274315637, -286.7776582891174, -306.8589470944612, -163.04148836222586, -250.03878571672465, -174.75960390654342, -312.69085019210905, -273.1995129093828, -231.46467274068337, 32.48364221113866, -25.20159952741254, 41.460200324489044, -85.25634787874286, 30.655855656192543, 121.04519217687691, -297.59598338330136, -299.3165363154756, -134.73429089490898, -233.00803118081922, -225.23880338051544, -137.5895247921085, -332.94510189836916, -119.239130113021, -189.96280011181256, -115.92215051240534, -267.0719762285622, -401.02217898258925, 23.213939737678267, -290.2815833127609, -79.18394907645586, 98.81337969757931, -288.9196824961207, -287.46034920491377, -124.2944469888924, -180.39444245098227, -348.35224141478164, -161.60413955912182, -378.75986936486476, -178.67630098452463]",15.896888614088757,0.7127483248183046,1.030508252834914,7856.666,763.683,17.591,341090.451,37444.904,160.235,12.038,36000,36000,39.984375,15.200000000000001,0.20000000298023224,4.999999873689376e-05,5808.1753,-0.0047435337,5808.178,0.033379637,0.006648273,1.1465737,0.0
486.8709631774176,-1940.967711579936,-941.0734627949984,100.0,60,15,42000,False,420,7,212f51d07e9840f9afce8433e261ebfd,2020-07-14_16-03-44,1594742624,46.35478186607361,318.5860044956207,62816,tango5,131.234.250.245,318.5860044956207,0,7,d74d5_00000,0,-455.57033557973284,755.4118985649587,-156.84557713249978,"[-4.564951488033429, -470.1136015976407, 486.8709631774176, -1036.7065551287885, -1081.3275846143342, -611.8379073644772, -974.1083484217849, -1940.967711579936, -716.0500563765027, -233.02476841798682, -1456.4350262106489, -711.33230811383, -1125.6059269693608, -1613.5954379074503, -55.607191023219336, -771.8977557674592, -1580.2316668207118, -800.8724787812343, -856.2970221053839, -243.5377596125371, -1554.4640235842082, -570.0419759058353, -1350.6601827106138, -553.6322006746351, -312.01805215373787, -794.9502875223176, -464.23972831112343, -147.60631494913218, -885.7364547022839, -528.2004521799888, -930.9051105626636, -1518.8724212209763, -1057.3659547107038, -1033.0354599175346, -1460.3704388382168, -668.2680133278876, -728.8962633419967, -1701.6097944429357, -1697.4678295013855, -1143.0542987804558, -474.38731529068184, -1125.0093237645378, -284.9172481110697, -965.2135455370129, -869.1222009874991, -327.33516672810947, -890.2890590928986, -1458.9694814852544, -1385.2996775266106, -923.3508790299323, -1204.6546157698467, -805.2690593112894, -915.0022837589752, -1120.0814015357485, -963.3736965109217, -946.0011734137314, -1418.4543943816732, -1143.925186110312, -994.4014696953718, -1180.9354240147427, -1301.2799605794721, -1457.4016917713652, -1108.1731986678717, -1528.5547082203755, -554.163542331531, -1342.7040014624586, -447.23819646012385, -902.4832197975104, 171.0330730296062, 238.64912127115582, -1203.931862210668, -250.54372816278558, -687.0058703507592, -1137.3704362916142, -1152.3865475396744, -1447.3540396810963, -812.1439324824338, -587.6745976431679, -1601.275462961917, -657.7171564784187, -1475.799423818324, -1510.0576169717187, -986.0516178516341, -343.2869065655217, -1480.2163479727935, -1465.426586107708, -1103.0501196251025, -1318.4104638969516, -1255.6335691914476, -1443.3258654760018, -627.3998145858523, -1337.997768044842, -861.7265437179145, -1071.3425664053254, -739.1455329917702, -698.5632124920876, -1110.56308375284, -1093.354821254895, -942.4194726538615, -1179.224032812022]","[100, 100, 100, 100, 100, 100, 100, 100, 100, 100, 100, 100, 100, 100, 100, 100, 100, 100, 100, 100, 100, 100, 100, 100, 100, 100, 100, 100, 100, 100, 100, 100, 100, 100, 100, 100, 100, 100, 100, 100, 100, 100, 100, 100, 100, 100, 100, 100, 100, 100, 100, 100, 100, 100, 100, 100, 100, 100, 100, 100, 100, 100, 100, 100, 100, 100, 100, 100, 100, 100, 100, 100, 100, 100, 100, 100, 100, 100, 100, 100, 100, 100, 100, 100, 100, 100, 100, 100, 100, 100, 100, 100, 100, 100, 100, 100, 100, 100, 100, 100]","[-76.51648874873274, 325.8819785622142, -89.39643728288851, -0.5022842001093943, -73.89202864587996, -90.1396911726378, -146.57380403813417, -98.98044244647997, -65.87707433450984, -50.52192406241651, -125.64060643445062, 17.480249718349, 314.99634351751735, 268.1791886202902, -10.939880493366852, 28.05499550909046, -73.75640056517776, -39.663283410936344, -291.30064477755747, -139.52933110574023, -93.13422573599858, -104.45741947900142, -221.0386599697187, -187.24627406077175, -215.07688152597984, -221.62042285645546, -179.16625257319805, -204.9820764549205, -149.2717692644611, -111.21018193931981, -152.82973907170498, -131.37211539527496, -23.814542420172373, -148.4728106696999, -112.3684099152917, -42.98028989233283, -181.98426847930855, -202.5985932430257, -106.25963068659327, -22.643860539349504, -161.12824465442995, -299.4937508190773, -254.00854253879436, -345.43103123079646, -428.0061646004895, -385.9515816955663, -288.30709394370723, -239.26329757058363, -117.64957113469103, -87.932450666397, -143.97633634407967, -96.17644143125739, -212.69438642455813, -57.62087037551908, -102.2042283999196, -84.60463692424491, -59.47896501545783, 15.106170021646733, -22.804492433228745, 20.961384333217506, -423.1866206072681, -237.01212170309404, -115.65758094526988, -57.270066624980736, -345.3132116657637, -277.995424664272, 54.181749840017886, -171.11014599493566, -248.6310161181128, 56.555976582530306, -229.27103598494347, -173.05783643838726, -271.03404775920234, -189.96000926688112, -205.49823560478788, -196.5677877116886, -153.82276367925368, -108.72308294754791, -335.7845775995271, -180.66713362473467, -373.61015682516876, -229.92771149909177, -272.11933338747673, -221.48652497145352, -5.548044233620915, -39.102415456010156, -10.027413117476307, 55.573582334446925, -51.878059337465096, -4.624841213093886, -67.15635816158296, -171.4850785020148, -115.92161362121614, -236.07754994685604, -259.25267292659976, 77.99551739081087, -170.4004790613004, -328.7631873632716, -274.33066451790586, -335.79079121487115, -292.4407777572902, -178.50576690607042, -41.63939720696887, -188.62448939214755, -315.9314526114308, 89.54757577050812, -138.36955811157245, -205.8551572296238, -73.18943718350394, -180.90668183240575, -137.90124364755638, -221.3179976890217, -103.70775558554648, -139.27390616734843, -22.447669699717142, -221.73530712029682, -45.140828447574194, 296.2244548204631, -23.379190257827435, -227.05921890758526, -191.48958485013904, -273.1216715710285, -246.1353609534649, -235.30179850118554, -413.4395498744221, -194.97605783397017, -174.02527019913703, -104.88429461894971, -225.61634472129958, -149.97112417641725, -159.4678584308037, 243.9229162407729, -269.35988647189635, -197.34103962780338, -257.1050682753076, -224.52072889741564, -172.6435740651897, -229.6898853730015, 137.0334873821696, -267.7172103622821, 1.1316419649079212, -140.21320652663923, -126.9024647087101, -156.96444842408152, 12.069791312994685, 25.25485436451209, -57.58487797826554, -103.26049813415398, -147.67252788375487, -40.82479383507004, -69.83056787437475, -156.2750366814011, -169.5925845244729, -180.62512978657972, -249.2112474665683, 30.584278811079386, -215.25774759889828, -25.71076772083083, -19.785734083971008, -74.43911767636389, -81.33966231038961, -47.706698920669105, -31.349909138970425, 65.251169190251, 68.68411353963248, -176.31113411608746, -19.60718423837334, -54.273370185584206, -4.563665464450983, -142.88069449323615, -142.88265206916265, -144.98319754002696, -171.63690520035772, -278.78933993504955, -67.08459982084524, -260.7399375363589, 9.360277313049231, 53.67875963079995, -79.28593972370524, -184.12901204292905, -175.01229290146236, -117.34365161785202, -114.22556484944533, -145.697295673414, -236.8151794143179, -141.811126106171, -253.05601570493462, -188.5000312663168, -167.63075302789932, -218.25863019570008, -305.8899669629733, -385.5370240631519, -100.00572330930486, -254.42695451704017, -154.37035876228728, -110.61419762182348, -223.13683650654204, -214.81188399370666, -116.44609033136568, -225.89827839225046, -211.22548105679752, -205.42864829404525, -109.87802185440073, -164.15893998867483, -262.30631232948093, -246.6758479983462, -182.9254965964867, -204.69396194376563, -294.01230865043823, -269.7565113197002, -200.51089973305537, -210.2646861110811, -59.48212612551016, -162.66035290209237, -20.393338379537017, -14.95661007661069, -131.2309523105855, -125.96024535776169, -123.82138713166952, -16.558180964439813, -108.35551427039294, -222.96998330714663, -226.01704615083398, -259.8511124341048, -303.2416756244535, -300.3992425084429, -262.2706561673441, -349.83006155775576, -331.32516505612836, -229.80524930365627, -209.53696635916089, -293.6790427559066, -385.0213518872251, -248.1000541393061, -270.74396299649067, -60.140778250559634, -236.99926057560546, -191.44914326031224, -151.84798901036535, -231.8731646871208, -201.35255065251212, 77.31276438962011, -133.48121231973826, 38.391373252967576, -197.31796947987468, -57.93972048114502, -153.12633733009605, -243.8314547512814, -172.1203701913818, -132.08265569868803, -189.2370682207176, -234.61143757237463, -132.65939118096463, 78.92269545554609, -79.42221634735496, 46.725566466540506, -56.17087636827326, -142.3130261365633, -168.85569658343513, -118.4630257496509, -60.45246532785127, -200.20660342729536, -200.59763441090107, -216.63812003788038, -151.7923461266526, -113.7345559457145, -180.7292035547507, -76.70040241758136, -138.71473544231947, -207.45095750048122, -48.27246089864862, 1.6125513531009945, -33.28185613507807, -88.58159198425368, -59.07911352543474, -99.7326955377955, -126.66560695137952, -109.00425749246126, -147.78136539293374, -266.39380803980976, -92.4905162628645, -147.95350495345042, -364.0796346598147, -211.57089081298827, -237.0441429628329, -174.81424686998662, -221.41680827442485, -250.0437579052062, -310.6506986474204, -178.61540979595915, -191.68071516322587, -241.18686103731793, -189.95861394571898, -273.20737893696844, -184.41537968663997, -191.29797597335704, -100.84373735197218, -228.72018246481025, -222.30087350156967, 4.227269948417445, -334.5576856214299, -285.08080748980103, -168.41650428334324, -121.13796100206939, -152.28662956159624, -143.1750278116088, -228.65097815628943, -51.1957860046105, -86.57455089290997, -189.90960985231368, -130.77324329015696, -118.16489111500859, -216.7293897280083, -245.59850513081267, 35.92733411231882, -197.93499687406552, -176.93183283705812, -113.73489330135017, -137.6442719974592, -236.06899467976294, -215.31161693105616, -185.1438655011527, -136.15843189927244, -209.7542205270447, -156.00932013127763, -35.58781065322644, -285.125030739599, -219.92203958563894, -145.06676002821513, -121.66273537296517, 146.2166297793695, -286.4105155692435, -270.70755757382096, -13.786709985270235, -203.77251658946508, -317.5405034753014, -300.4152396223191, -253.05798850362484, -373.4852969017532, -260.5570092683532, -91.56699108221997, -139.37186900340376, -305.55674890641404, -199.8513647338229, -133.22803055364741, -226.09470261765972, -58.89960722012683, -220.29473207864078, -113.38172370637963, -138.45306094020947, -186.12463350333135, -285.39299523896904, -105.18141700049831, -165.86763930598585, -225.16898120012488, -177.07883581034142, -96.33143619366277, -205.21432629869045, -258.33484199710455, -218.80700251481892, -448.33319060204906, -276.189142527871, -51.66127942755633, 198.11730307260703, -327.4438768778396, -395.76977421676264, -182.55392914542858, 70.02194243042462, -195.6475305279835, -377.2166098860333, -409.1928348930335, -362.8127297493135, -231.23113238446845, -269.7891068966928, -175.78471793198176, -272.3860322053817, 2.99303188699138, -161.97524113633855, -165.7904249359135, -226.5766465950355, -393.77459458754805, -257.31082592214864, -227.92325596343994, -257.17896021628667, 49.47264893734706, -222.92869802637998, -154.95798227513424, -122.04959410358173, 139.42385405233097, -243.12377091611324, -192.56780744887584, -210.32478811188227, -224.2562504508661, -160.43895655713692, -204.62464174079122, -350.4915571529044, 35.53547998882205, -293.72807148651594, -5.439234789119137, -108.85046182278214, -46.50756825270326, -28.248340097824634, -19.62633667298341, -102.44823319973817, -83.43269926987495, -227.5989045582762, -185.17849418982482, -284.19855190681244, 229.57631016716965, -18.64095408289839, 199.65182081353035, -116.15131872023714, -59.95128087738491, -63.45150427057223, 379.36056425065675, 202.80083306640722, -63.59898128445359, -359.0515794027899, 334.1014308963259, -254.96314625499025, -181.19234239364457, -245.1952875549786, -260.4389837624809, -220.5489857939425, -185.43353614347404, -111.12272656214745, -140.7765662610065, 56.950947585465826, -196.62754637095608, -79.2202244128552, 167.6434675429127, -58.51380624634647, 54.55866123821375, -233.36437758859265, -102.15638915569377, -59.86692636703349, -234.902878324444, -111.27396015321102, -164.46350584660541, -217.01667796047008, -154.5783696157635, -161.22507394719858, -118.49115934697684, -321.59564957459884, -270.4743708119844, -128.88435355958796, -182.1252502450263, -276.6527546040645, -44.929061861784035, -249.32075645722668, -123.91369841575356, -320.4386991613148, -273.3080183691997, -198.96367033251428, -342.912696777156, -187.81725662515797, -285.9109064116598, -50.52130427305124, -276.2703991204554, -113.20524007157671, -31.360277551800543, -54.87580505388927, 755.4118985649587, -214.09033445084253, -342.14519125638435, -233.59011201268615, -368.50182172382785, -184.75903676438503, -252.3910925005536, -300.85348523960477, -286.48758559803224, -242.57919612647495, -261.20070996585076, -257.76339353139974, -282.58489619803674, -103.278877956834, -144.15478415017853, -121.76609956472416, -91.47947517057337, 85.5469765619281, -260.55975687674163, -160.7470153121069, -327.5883851568037, -156.85262026431027, -285.42792715005146, -284.6237190583082, -298.5489711547205, -197.02010143766992, -257.718231249183, -381.7012332006979, -201.82797199096552, -173.2411079384812, -143.1659008081556, -186.94703558420213, -217.17337837994552, -117.97218079248094, -114.0280719798213, -206.7650503070293, -71.74175650157414, 466.5924996313982, -223.49535019434276, -173.308284396953, -134.69305615230425, -206.6409589517448, -122.08826561130863, -295.1673305596108, -367.2090959607314, -215.31333643529757, -188.75583932106144, -291.68248008478787, -222.12994031717574, -200.68513049271724, -250.15900409910563, -284.53971621422386, -185.3853706727145, -322.52742431177546, -141.1108006633898, -216.51944461106444, -231.67708765613875, -98.97445526916192, -265.5252588039641, -149.243072621382, -361.68688256645436, -230.9395138904245, -162.97439198116444, -231.82584637006326, -173.13276223296134, -157.85106685588266, -193.6653340762839, -208.44601843098366, -202.92513026710537, -237.78011152985627, -238.8693097513645, -173.94766513585196, -183.31538261451442, -317.0912161225458, -167.05753933446434, -191.86200253881844, -455.57033557973284, -128.4293892859278, -124.85726276358892, -211.687196099337, -34.96510160075134, -92.80832391452914, -85.45901007677662, -77.62292013086844, -197.37733065968746, -280.0780815638588, -252.61631454217536, -1.053842754804484, -351.88731679373353, -254.9848817305844, -34.181336074402694, -281.77130044721844, -70.57767551539746, -255.94499341791143, -18.14215890553517, -201.1090793574505, -163.6602647055928, -234.14017444708864, -127.90578224995278, -191.7069426688272, -223.36096247072845, -130.56843986313578, -61.70702034100597, -80.86279078664859, -201.24281324875884, -144.94863787931004, -137.03728305808136, -113.34698767796662, -86.94710194936111, -147.7106811985638, -10.391398709559146, -243.66425909152878, -96.35968229663867, -113.49008924643577, -119.6520075724797, -241.96751103226848, -76.01727098285618, -187.95765690976344, -302.70135222736656, -182.26728502810758, -209.2119827160881, -222.14182043266172, -157.17295941111718, -291.36927138600043, -223.2964618692845, 9.83767456025704, -151.4273424337481, -254.700976993282, -262.6165692252098, -67.98527860089064, -60.804302596680486, -144.88500280405026, -236.92315482979663, -125.06476537276183, -126.26875511811272, -258.6090377715589, -240.487579217583, -191.87074050220804]",16.349330091400553,0.7128266809423923,1.023736130365923,8004.763,749.554,16.536,362836.539,37441.267,160.251,12.072,42000,42000,40.1546875,15.200000000000001,0.20000000298023224,4.999999873689376e-05,4056.349,-0.004391548,4056.3523,0.04982833,0.0068566883,1.1101484,0.0
1656.054376660545,-1794.8775299372214,-902.4505605307229,100.0,60,15,48000,False,480,8,212f51d07e9840f9afce8433e261ebfd,2020-07-14_16-04-30,1594742670,46.44402241706848,365.0300269126892,62816,tango5,131.234.250.245,365.0300269126892,0,8,d74d5_00000,0,-418.26337633749563,465.1804051838113,-150.4084267551205,"[1656.054376660545, -821.200482575855, -655.5345858984111, -1178.119642416643, -1257.1235985325159, -1482.0739029831304, -1551.0190396667813, -1498.681913288171, -814.3271338156671, -490.84686467263174, -533.6459173186464, -1626.583129167347, -1079.5562915822543, -1644.5646512840751, -1227.4991810406257, -1273.9940116531677, -1794.8775299372214, -672.1085198344393, 12.50179760792044, -1136.0463152518334, -476.9128403683758, -1344.3009648659843, -801.4464314286067, -1027.825810535792, -587.0006585456857, -494.45877826579414, -1329.451093123708, -1091.9317356886443, -391.46905712314145, -1289.0471237806053, -659.9962809751916, -516.4287741551669, -812.5570383396154, -135.95899839567448, 45.07271727664443, -1323.6233314247493, -1232.8078804962347, -1271.6863596916467, -745.4318294468948, -1525.0885353078752, -1064.9004512738634, -225.5750061207374, -1216.8973781493978, -332.8792566637819, -103.75677452352242, -890.803120968053, -931.8750184547996, -303.8421592643065, -1033.5529674074353, -1030.1508583682037, -145.41304525098184, -1393.306342791606, -353.4468519733858, -231.04393949794004, -1338.8660146324828, -1704.8436744490166, -633.5037464239963, -798.3630906392319, -821.3865470306911, -1111.6646084603244, -1554.4640235842082, -570.0419759058353, -1350.6601827106138, -553.6322006746351, -312.01805215373787, -794.9502875223176, -464.23972831112343, -147.60631494913218, -885.7364547022839, -528.2004521799888, -930.9051105626636, -1518.8724212209763, -1057.3659547107038, -1033.0354599175346, -1460.3704388382168, -668.2680133278876, -728.8962633419967, -1701.6097944429357, -1697.4678295013855, -1143.0542987804558, -474.38731529068184, -1125.0093237645378, -284.9172481110697, -965.2135455370129, -869.1222009874991, -327.33516672810947, -890.2890590928986, -1458.9694814852544, -1385.2996775266106, -923.3508790299323, -1204.6546157698467, -805.2690593112894, -915.0022837589752, -1120.0814015357485, -963.3736965109217, -946.0011734137314, -1418.4543943816732, -1143.925186110312, -994.4014696953718, -1180.9354240147427]","[100, 100, 100, 100, 100, 100, 100, 100, 100, 100, 100, 100, 100, 100, 100, 100, 100, 100, 100, 100, 100, 100, 100, 100, 100, 100, 100, 100, 100, 100, 100, 100, 100, 100, 100, 100, 100, 100, 100, 100, 100, 100, 100, 100, 100, 100, 100, 100, 100, 100, 100, 100, 100, 100, 100, 100, 100, 100, 100, 100, 100, 100, 100, 100, 100, 100, 100, 100, 100, 100, 100, 100, 100, 100, 100, 100, 100, 100, 100, 100, 100, 100, 100, 100, 100, 100, 100, 100, 100, 100, 100, 100, 100, 100, 100, 100, 100, 100, 100, 100]","[217.84148028384837, 350.07100204884745, 195.37030005415417, 209.59272083992374, 217.9984682499602, 465.1804051838113, -183.4691624555226, -250.0224749690811, -242.02159481172455, -162.99476294048182, 128.7036721518762, -111.3961595509214, -51.7112425015281, -181.88255974326216, -103.03097263502798, -112.04350881857572, -75.3692374792099, -131.4970647208075, -187.56688339030322, -206.53029006905032, -153.10843628727764, -230.22903309796916, -197.2893948493038, -203.39560472273857, -246.34710177906868, -134.2061983152216, -274.40198385246515, -213.39300131293612, -228.1072246442085, -160.66808862861646, -229.5712686420409, -314.82667258412357, -243.4644053676888, -218.712753970125, -335.4139436367826, -140.0848587823721, -202.51332149537146, -223.81510008494044, -222.3193450218781, -202.91684128152383, -392.1722597648405, -307.2821720182265, -219.24247858441197, -217.61740730704872, -341.9640831312475, -294.74267275854453, -163.33320255746992, -261.7820689494473, -124.38649649605998, -220.27122086737435, -27.638422936760016, -229.87374399186095, -84.05132554904333, -128.1059239745684, -23.051522438941532, -234.52862545462312, 136.44182914434626, -90.30538528217598, -194.20353026814908, -85.19963037308834, 263.34609803147043, -206.58725082392098, -86.129253556503, -108.83185404529446, -205.27280820142565, -190.17084872297252, -192.08156254077417, -379.9403536255094, -204.71432507137155, -279.9876447724622, -230.5506364679651, -339.3086066892636, -217.79396164055342, -117.4183132368207, -77.82577082602822, -154.61682501745668, -265.29072439991063, -246.61069646148678, -332.085821429466, -213.73065490705685, -265.3570320049, -241.27562499202676, -308.48194265391004, -283.6335752967155, -228.52326391094473, -110.66205647932978, -214.54167389086803, -208.12394879127442, -327.66943277041844, -137.97880519779216, -277.4573927480206, -246.63727156613848, -224.40985588690847, -202.240202105877, -68.38003990436636, -254.86924944185725, -334.62060183474955, -263.6362854949387, -375.5134244768959, -305.73115675099535, -254.22268237018167, -261.1533790094602, -0.8734640310144033, -181.28351109871764, -123.71746943133094, -72.17960897698369, -16.631346211680807, -277.4231200847115, -51.684379490240474, 5.206661952204804, 4.403732150397612, -38.103658110303066, 77.9849170877494, 14.694524018113174, -196.48667287367687, -88.91951267730907, -244.42939015483338, -205.6948281312731, -262.75711191865867, -137.7587994960821, 100.98325523624233, -193.93367168632622, 3.0412930135953693, -135.69065987596917, -137.39932707690622, -113.91372997901132, -227.43651080425366, -312.61388623120536, -234.71599684949928, -173.98560912806414, -199.82097698745596, -195.72798486550482, -295.7804807304746, -236.73851027263922, -12.723767025938475, -156.2438648946593, 45.29256496317994, -145.25237346807555, -270.44846931591616, -101.6913137776377, -165.53998217391253, -269.8684246493111, -173.46939297641723, -46.80822764259564, -170.4767215500525, -5.652083108139549, -115.2038734727057, 54.55058192876706, -101.86435272902034, -248.354209614536, 26.692110974400478, -118.78819813704807, -175.17868469208366, 4.002075430833745, -138.387926013182, -92.79815582871473, -315.6327321187281, -270.11122579377314, -275.23240033732503, -99.38167434175763, -168.71744529373902, -200.37561523838286, -84.07636625708737, -300.87096003027665, -199.6456821120332, -178.04334766592643, -123.32759453869072, -205.96778508462924, -188.34605180900283, 7.166740510634293, -55.6688372604772, -42.70560184419813, -72.38410356639241, -39.531203153704745, -250.81501583112205, -186.59348203028125, -248.48652288249775, -167.70392808603467, -241.04890802235042, -194.3992669283205, -150.80862480568575, -71.88519912524333, -38.466628975386755, -115.50019484626671, -74.62612681582452, -208.7095064067846, -215.29824915854059, -111.525865810817, -48.01712835103286, -17.082627674951276, -29.12418175515824, -95.38072140466667, -121.96900438627729, -167.4135080661874, -89.79441738539428, -116.99030907441649, -144.4819314306562, -171.90786799668302, -115.29734652017856, 163.50262346263852, -87.97266716390124, -99.78601338698715, -57.6316945124502, 61.22609972520394, -47.92565701542352, 40.22664442448951, 1.1115380107489998, -66.52374081281388, 83.84604941664672, 34.33788325299702, -245.07607391779317, -260.9911349791307, -180.89354757794268, -227.11104935632486, -226.20758126441373, -183.34394432914542, -190.6373157929219, -140.3646652128962, -103.72081564718847, -333.40239560942797, -154.4300488881302, -310.25263934566976, -226.30939203667788, -235.27261255123582, -151.4891703758074, -252.99963374643596, -193.28571863918302, -212.32983234230505, -114.93464152560809, -74.96771534226959, -87.24800980161453, -210.27316393545692, -171.4949881874727, -86.51331065447273, -187.74830714385058, -260.7598503066644, -320.1314349381993, -200.50394993191557, -244.17441744779347, -311.7705755394512, -235.46842543440312, -169.09984227598423, -138.1598357331516, -192.09748085110544, -237.80105850957418, -92.27380846964618, -144.38629340788515, 223.85839567965658, -59.61155628394992, -154.77926964424626, -106.97636474981017, 16.320082285498188, -328.19984709593354, -353.05445886768877, -132.37544525364532, -271.47690475659897, -100.32498613310015, -31.46573604243068, -66.9860365565643, -102.30966508122604, 234.22420233525247, -101.3232399097385, -135.69438161033568, -160.79013584117084, -65.05118672191496, 2.201129198001099, -45.80479578946435, -48.8219286800464, 74.12325218394778, -20.40324471404529, -192.12443255375263, -211.33263742801194, -169.3658186590661, -18.97430339093335, -127.0633732925325, -171.94255564375607, -266.6033737977294, 54.62907269013149, -85.46233783433301, -297.53794037917993, -106.06964423752507, -230.8307948961638, -156.01234053920328, 54.08590182226674, -143.85276414890006, 169.94536932181012, -89.39802087427381, -138.6103048460058, -277.8062604651486, -205.61309148887568, -78.75193906529934, -163.31991074443812, -153.5182671514374, -154.54349849223593, -230.86855910966918, -220.03073133934294, -174.17661026200562, -73.50912205589776, -128.5315757157704, -203.03425988551598, -11.311910702639844, 29.73340231894899, 6.106507534357355, -91.81509356050617, 59.019328733250845, -137.1452795743933, -195.2827852440172, -254.8136038402911, -151.2910030032727, -219.1009810582602, -320.6886562436547, -252.12931340211085, 324.7899912261048, -234.85737627886914, -154.93512335826017, -16.376822375749946, -112.90066150501507, -159.16685968159598, 160.34154944159837, -157.68166084185003, -139.99527644653892, -92.97701939815168, -19.799384408682663, 19.067852155684637, -362.8140349926433, -208.28559632196735, -70.81783927052815, -168.28807984204428, -243.05222245000857, -285.6082417552909, -418.26337633749563, -296.9566707964617, -377.7947227440075, -257.6035544999571, -239.50524003510807, -114.72011003598732, -100.7562381247928, -54.90115873175922, -202.3489669711509, -88.94333019755054, -97.33203265399996, -89.22201974474272, 24.73029687580513, -128.95187893074365, -291.34999218237533, -244.62274198505074, -91.1346773430803, -67.034097073787, -133.60795482066513, -152.0764469544171, -160.38524623117593, -136.74558992246318, -105.7762412644135, -132.79506783755633, -208.9807036626102, -171.02023869381404, -135.39232248677936, -191.71532717741937, -238.82999395921547, -165.72602248048753, -191.48958485013904, -273.1216715710285, -246.1353609534649, -235.30179850118554, -413.4395498744221, -194.97605783397017, -174.02527019913703, -104.88429461894971, -225.61634472129958, -149.97112417641725, -159.4678584308037, 243.9229162407729, -269.35988647189635, -197.34103962780338, -257.1050682753076, -224.52072889741564, -172.6435740651897, -229.6898853730015, 137.0334873821696, -267.7172103622821, 1.1316419649079212, -140.21320652663923, -126.9024647087101, -156.96444842408152, 12.069791312994685, 25.25485436451209, -57.58487797826554, -103.26049813415398, -147.67252788375487, -40.82479383507004, -69.83056787437475, -156.2750366814011, -169.5925845244729, -180.62512978657972, -249.2112474665683, 30.584278811079386, -215.25774759889828, -25.71076772083083, -19.785734083971008, -74.43911767636389, -81.33966231038961, -47.706698920669105, -31.349909138970425, 65.251169190251, 68.68411353963248, -176.31113411608746, -19.60718423837334, -54.273370185584206, -4.563665464450983, -142.88069449323615, -142.88265206916265, -144.98319754002696, -171.63690520035772, -278.78933993504955, -67.08459982084524, -260.7399375363589, 9.360277313049231, 53.67875963079995, -79.28593972370524, -184.12901204292905, -175.01229290146236, -117.34365161785202, -114.22556484944533, -145.697295673414, -236.8151794143179, -141.811126106171, -253.05601570493462, -188.5000312663168, -167.63075302789932, -218.25863019570008, -305.8899669629733, -385.5370240631519, -100.00572330930486, -254.42695451704017, -154.37035876228728, -110.61419762182348, -223.13683650654204, -214.81188399370666, -116.44609033136568, -225.89827839225046, -211.22548105679752, -205.42864829404525, -109.87802185440073, -164.15893998867483, -262.30631232948093, -246.6758479983462, -182.9254965964867, -204.69396194376563, -294.01230865043823, -269.7565113197002, -200.51089973305537, -210.2646861110811, -59.48212612551016, -162.66035290209237, -20.393338379537017, -14.95661007661069, -131.2309523105855, -125.96024535776169, -123.82138713166952, -16.558180964439813, -108.35551427039294, -222.96998330714663, -226.01704615083398, -259.8511124341048, -303.2416756244535, -300.3992425084429, -262.2706561673441, -349.83006155775576, -331.32516505612836, -229.80524930365627, -209.53696635916089, -293.6790427559066, -385.0213518872251, -248.1000541393061, -270.74396299649067, -60.140778250559634, -236.99926057560546, -191.44914326031224, -151.84798901036535, -231.8731646871208, -201.35255065251212, 77.31276438962011, -133.48121231973826, 38.391373252967576, -197.31796947987468, -57.93972048114502, -153.12633733009605, -243.8314547512814, -172.1203701913818, -132.08265569868803, -189.2370682207176, -234.61143757237463, -132.65939118096463, 78.92269545554609, -79.42221634735496, 46.725566466540506, -56.17087636827326, -142.3130261365633, -168.85569658343513, -118.4630257496509, -60.45246532785127, -200.20660342729536, -200.59763441090107, -216.63812003788038, -151.7923461266526, -113.7345559457145, -180.7292035547507, -76.70040241758136, -138.71473544231947, -207.45095750048122, -48.27246089864862, 1.6125513531009945, -33.28185613507807, -88.58159198425368, -59.07911352543474, -99.7326955377955, -126.66560695137952, -109.00425749246126, -147.78136539293374, -266.39380803980976, -92.4905162628645, -147.95350495345042, -364.0796346598147, -211.57089081298827, -237.0441429628329, -174.81424686998662, -221.41680827442485, -250.0437579052062, -310.6506986474204, -178.61540979595915, -191.68071516322587, -241.18686103731793, -189.95861394571898, -273.20737893696844, -184.41537968663997, -191.29797597335704, -100.84373735197218, -228.72018246481025, -222.30087350156967, 4.227269948417445, -334.5576856214299, -285.08080748980103, -168.41650428334324, -121.13796100206939, -152.28662956159624, -143.1750278116088, -228.65097815628943, -51.1957860046105, -86.57455089290997, -189.90960985231368, -130.77324329015696, -118.16489111500859, -216.7293897280083, -245.59850513081267, 35.92733411231882, -197.93499687406552, -176.93183283705812, -113.73489330135017, -137.6442719974592, -236.06899467976294, -215.31161693105616, -185.1438655011527, -136.15843189927244, -209.7542205270447, -156.00932013127763, -35.58781065322644, -285.125030739599, -219.92203958563894, -145.06676002821513, -121.66273537296517, 146.2166297793695, -286.4105155692435, -270.70755757382096, -13.786709985270235, -203.77251658946508, -317.5405034753014, -300.4152396223191, -253.05798850362484, -373.4852969017532, -260.5570092683532, -91.56699108221997, -139.37186900340376, -305.55674890641404, -199.8513647338229, -133.22803055364741, -226.09470261765972, -58.89960722012683, -220.29473207864078, -113.38172370637963, -138.45306094020947, -186.12463350333135, -285.39299523896904, -105.18141700049831, -165.86763930598585, -225.16898120012488, -177.07883581034142, -96.33143619366277, -205.21432629869045, -258.33484199710455, -218.80700251481892]",16.754467096252995,0.7122879684374993,1.0183125497657062,8127.796,738.208,15.385,390000.779,37438.568,160.263,11.944,48000,48000,40.72461538461538,15.22615384615385,0.20000000298023224,4.999999873689376e-05,4765.184,-0.003880797,4765.187,0.075263806,0.008491153,1.0865768,0.0
1003.5349353121827,-1851.9543560345637,-837.5485083123277,100.0,60,15,54000,False,540,9,212f51d07e9840f9afce8433e261ebfd,2020-07-14_16-05-17,1594742717,46.464460611343384,411.4944875240326,62816,tango5,131.234.250.245,411.4944875240326,0,9,d74d5_00000,0,-451.4039882500593,988.1592047723261,-139.5914180520546,"[-398.72141395802896, -703.4098282335052, -1006.2099355123381, -285.6626028156491, -1042.3245528347197, -1307.2967998034994, -842.1798296887616, -1398.111578343145, -785.1754230534386, -835.2360360898826, -821.4746735420244, -845.2422727854321, -1030.6302437121365, -591.7550016936319, -1198.2945538971396, -1181.9724374606997, -1114.4812757769814, 303.48733358477415, -1104.0930562607582, -1149.2080894712785, -1300.3005423623777, -776.5629679588708, -1350.211478258162, -664.0960934668977, -1204.0240597061525, -1292.534017647185, -794.9770308461827, -555.5519613344804, -462.3101421909335, -1851.9543560345637, -1527.3016495014147, -642.5610662093135, -1616.0889460439487, 311.0296605205203, -866.4175069877334, -1368.0994768116998, -555.194164603134, 1003.5349353121827, -916.1082481518489, -852.204621777078, -566.2825141775468, -1474.6440406441782, -574.4921380689134, -341.1793389070907, -772.5212184821886, -347.053540728948, -206.78576539643208, -784.9791598463247, -1250.0836022816418, -732.0264210767309, -1319.2628519020227, -1149.1304948896272, -917.3220670824445, -879.1161975915785, -248.99732189218525, -1434.4494313764003, -97.90780970593883, -997.8178812783805, -1265.279343344039, -1097.1720301261064, -476.9128403683758, -1344.3009648659843, -801.4464314286067, -1027.825810535792, -587.0006585456857, -494.45877826579414, -1329.451093123708, -1091.9317356886443, -391.46905712314145, -1289.0471237806053, -659.9962809751916, -516.4287741551669, -812.5570383396154, -135.95899839567448, 45.07271727664443, -1323.6233314247493, -1232.8078804962347, -1271.6863596916467, -745.4318294468948, -1525.0885353078752, -1064.9004512738634, -225.5750061207374, -1216.8973781493978, -332.8792566637819, -103.75677452352242, -890.803120968053, -931.8750184547996, -303.8421592643065, -1033.5529674074353, -1030.1508583682037, -145.41304525098184, -1393.306342791606, -353.4468519733858, -231.04393949794004, -1338.8660146324828, -1704.8436744490166, -633.5037464239963, -798.3630906392319, -821.3865470306911, -1111.6646084603244]","[100, 100, 100, 100, 100, 100, 100, 100, 100, 100, 100, 100, 100, 100, 100, 100, 100, 100, 100, 100, 100, 100, 100, 100, 100, 100, 100, 100, 100, 100, 100, 100, 100, 100, 100, 100, 100, 100, 100, 100, 100, 100, 100, 100, 100, 100, 100, 100, 100, 100, 100, 100, 100, 100, 100, 100, 100, 100, 100, 100, 100, 100, 100, 100, 100, 100, 100, 100, 100, 100, 100, 100, 100, 100, 100, 100, 100, 100, 100, 100, 100, 100, 100, 100, 100, 100, 100, 100, 100, 100, 100, 100, 100, 100, 100, 100, 100, 100, 100, 100]","[78.07294804136976, -14.613190262749532, -212.81438175038025, -61.40027323381811, -140.16753300284955, -47.798983749601895, -166.55603961833663, -88.92778051768214, -189.62763696052338, -98.22739015457935, -120.55588877691865, -39.51509220546551, -144.84728287699568, -228.3402938322486, -215.64718226636637, -249.56897720413815, -52.632681986080755, -115.17351734650825, -49.821724877648144, -98.24824198037388, -9.17894133294863, -42.346456668397856, -61.900670221066875, -24.166567735213633, -182.57886078549183, -123.03758358937328, -138.4183318247296, -216.9738764682501, -147.8145278775902, -233.50137228928702, -271.6974564538342, -69.84768212434481, -170.6855135873674, -175.85003875140924, -308.5633138254102, -310.652795061135, -122.31870566986798, -228.53283524426087, -126.15039406352325, -141.3329302528668, -43.21099011159163, -180.6339743466503, -101.65684979055337, -236.42929257513063, -257.8682846052253, -308.02987868901306, -236.5008421550787, -257.6264305281424, -62.782660651803305, -142.07513801391423, -236.7447323160455, -107.54602801504059, -42.61270734684235, -193.41415670979242, -203.26593579277346, -210.42791348973066, 303.72825939241255, -218.85858044785857, -224.76106905244887, -281.65079669948324, 21.865435497832486, -156.18236745778563, -154.03403417231644, -119.77328035951035, -202.8597359425727, -210.49069110767275, -193.56633591261246, -134.93092638930355, -24.392736231139562, -173.3179453521131, -77.58163400814199, -241.4526948921217, -133.06053788309393, -263.237837898295, -131.8882884391657, -129.5784205700086, -196.13397723534305, -176.73118168622995, -102.78732666660208, -69.30871180945122, -83.8582749373991, -137.58472832993607, -131.71009522292235, -66.5058647273219, 97.08364300869027, -241.41845412392047, -259.1338836524808, -271.6184070843864, -247.01821757966968, -276.18923446537207, -123.69454313036591, -209.5131908998238, -272.26556351280203, -153.11048795555317, -191.61174179695544, -231.77691016519748, -292.2691747365368, -123.28877959038857, -225.38321590233178, -191.2413007561738, -150.63173653439853, -131.66706825714954, -55.730019512245285, 315.47036227049585, -125.90208311079071, -97.89945564079042, -41.91883442255917, 309.46736400066516, 181.61810805727677, -225.25957527239015, -190.93468631174426, -168.53751262262807, -353.8202172162195, -347.159172895052, -250.2108052960161, -226.553438505419, -44.42233996168948, -200.36434806104978, -232.95280886980947, -194.70434877729383, -227.2451100607402, -257.73938750188853, -221.7225120069496, -298.39222394686107, -188.12613764446886, -107.07517120146869, -234.58556733078004, -80.31400555066338, -221.59919769145395, -131.63592426491203, -208.15806465670593, 99.72979153564545, -226.47221947453474, -291.244959908215, -222.8330430050941, -262.8565561978981, -91.85656667046993, -254.9481330019497, -172.56960848866723, -168.5521453299236, -168.09457416365268, -183.03458345833434, -135.52812280398135, 163.68294077766117, -172.34129562502042, -185.3921976855394, -196.55091671996394, -220.57658699382057, -198.13081159178546, -231.03225109002284, -284.71212581366757, -243.38868026275006, -271.6353294948014, -156.20751683214039, -144.29559332761735, -192.29477191620862, -51.795656360031195, -182.4607755438869, -178.60728719322387, -167.62592390760818, -150.62115705962486, -63.86623078180735, -128.00558653752898, -93.38837262692343, -62.57191761537707, -123.13430926767569, -7.728971104179948, -140.72280418279593, -67.03002519931451, 4.587136704422393, -21.64856643808506, -138.54251351722615, -179.75691701957547, -59.919256721155335, -290.5790286423019, -305.62598219422864, -296.84906587197656, -320.50596559664797, -371.8951783232273, -266.49913540618434, -214.15147269877912, -329.263912760446, -301.04460830861757, -281.4284004236563, -185.47760985916875, -215.93564545074653, -20.26422768401734, 40.925171905765936, -202.4339251562752, -160.6572199484092, -144.92350410918422, -155.20736121719375, -144.56563466781822, -293.5248547986871, -285.0624611551709, -269.3699511335716, -451.4039882500593, -172.16205603864063, 75.78365066195225, 82.30878526032322, 25.89564965978732, -45.99707567825998, 96.44406241319633, 76.59458820352064, -158.38641474678835, -161.82650613029756, 57.17398779044401, -85.58203555062306, -301.7378538205513, -216.0586845299181, -198.80785942910862, -275.25934507050016, -270.1123655507973, -265.66421905089254, -5.7179698152688605, -352.5377178951306, 87.28958921909316, -297.38750638989654, -96.74852609074125, -136.87062902484595, -155.17486586348616, 43.697773546742425, 105.9852041467308, -4.592030616264475, -6.653646548548586, -57.97989961336808, 988.1592047723261, -21.3838968286939, -201.34540796113413, -107.55283845799309, -63.78353655994854, -202.03208104771588, -68.7022566966413, -272.6921274284172, -241.81501558561726, -212.5314824406523, 73.06177802543668, -161.56455072475998, -234.82480013836974, -74.53055091311668, -42.22944643843003, -140.8460989786082, -71.04095385717874, -113.85664557263323, -83.11322965623823, -115.19613967445815, -104.97135628920614, -323.35182976404536, -257.4657068393851, -191.96661192065315, -381.6394344006705, -215.24910143021856, -201.28773142194785, -36.99519998920536, -90.90328655259634, -170.39545964889487, 66.88673744278633, -141.79719789905556, -60.23574163873023, 48.86966554630193, -100.65982959336586, -160.28461082274166, 47.81988034036944, -116.68870273892453, -265.96105414301485, -371.9731796222451, 8.44796646082516, 54.378184100197345, -74.93442367380864, -122.47871160414164, -382.0378982088792, -107.77328665816435, -231.58887280702385, 284.3667995305838, 286.9423602238889, -196.96264280935324, 82.4055112212459, -86.08279401615644, -2.1421468032922064, -133.21090092358943, -61.92647359216581, -5.82896128247406, -160.0404599539878, -133.27342100711638, -155.689207059911, -25.097996433223997, -106.58782322356166, -204.29025216852307, -187.9504704800612, -210.3605053815286, -282.9373121664261, -152.63268636923775, -126.18789754788392, -290.01473033650365, -157.81947840738252, -133.00870050440602, -163.05628866128905, 51.34669807040615, -178.33854491402192, -151.15010666003812, -284.0560561985138, -259.1497778637996, -201.40429999966113, -249.51079843739626, -153.03614527957683, -172.1057741230755, -142.564155046669, -239.87287714323614, -321.365646793354, -115.37793484579237, -161.928514582172, -168.02136647840493, -152.9061350618767, -199.67422933490695, -193.64744053048784, -82.4616689931265, -144.94373378527584, -143.6888593767685, -114.85523036874561, -161.7777329397785, -267.78290796775906, -218.6218993639795, -51.89888786859621, -64.17953908272017, 15.492563952215274, -9.207028823225714, -94.56234566063803, -80.55573419634734, 3.050175264081254, -83.21495242827044, -273.73749603114237, -139.12860540182857, -265.2928720942184, -228.04974149648712, -270.6761482478794, -257.56456810484195, 249.92932755723876, -76.6804616355292, -139.15808388884037, 152.4417860982496, -156.926527212809, -127.5138506242488, -193.42619930207127, -18.486004600563188, -130.5946291737656, -279.7520441689941, -136.8276350749068, -238.7313689580805, -212.96273801232346, -207.01016963349522, -218.45639819917133, -383.80240505966026, -157.24656681707464, -85.80106562231528, -178.87054059171987, -130.99362530647502, -164.25407163493622, -186.01747099988162, -300.77070747126, -136.26561412183514, 100.98325523624233, -193.93367168632622, 3.0412930135953693, -135.69065987596917, -137.39932707690622, -113.91372997901132, -227.43651080425366, -312.61388623120536, -234.71599684949928, -173.98560912806414, -199.82097698745596, -195.72798486550482, -295.7804807304746, -236.73851027263922, -12.723767025938475, -156.2438648946593, 45.29256496317994, -145.25237346807555, -270.44846931591616, -101.6913137776377, -165.53998217391253, -269.8684246493111, -173.46939297641723, -46.80822764259564, -170.4767215500525, -5.652083108139549, -115.2038734727057, 54.55058192876706, -101.86435272902034, -248.354209614536, 26.692110974400478, -118.78819813704807, -175.17868469208366, 4.002075430833745, -138.387926013182, -92.79815582871473, -315.6327321187281, -270.11122579377314, -275.23240033732503, -99.38167434175763, -168.71744529373902, -200.37561523838286, -84.07636625708737, -300.87096003027665, -199.6456821120332, -178.04334766592643, -123.32759453869072, -205.96778508462924, -188.34605180900283, 7.166740510634293, -55.6688372604772, -42.70560184419813, -72.38410356639241, -39.531203153704745, -250.81501583112205, -186.59348203028125, -248.48652288249775, -167.70392808603467, -241.04890802235042, -194.3992669283205, -150.80862480568575, -71.88519912524333, -38.466628975386755, -115.50019484626671, -74.62612681582452, -208.7095064067846, -215.29824915854059, -111.525865810817, -48.01712835103286, -17.082627674951276, -29.12418175515824, -95.38072140466667, -121.96900438627729, -167.4135080661874, -89.79441738539428, -116.99030907441649, -144.4819314306562, -171.90786799668302, -115.29734652017856, 163.50262346263852, -87.97266716390124, -99.78601338698715, -57.6316945124502, 61.22609972520394, -47.92565701542352, 40.22664442448951, 1.1115380107489998, -66.52374081281388, 83.84604941664672, 34.33788325299702, -245.07607391779317, -260.9911349791307, -180.89354757794268, -227.11104935632486, -226.20758126441373, -183.34394432914542, -190.6373157929219, -140.3646652128962, -103.72081564718847, -333.40239560942797, -154.4300488881302, -310.25263934566976, -226.30939203667788, -235.27261255123582, -151.4891703758074, -252.99963374643596, -193.28571863918302, -212.32983234230505, -114.93464152560809, -74.96771534226959, -87.24800980161453, -210.27316393545692, -171.4949881874727, -86.51331065447273, -187.74830714385058, -260.7598503066644, -320.1314349381993, -200.50394993191557, -244.17441744779347, -311.7705755394512, -235.46842543440312, -169.09984227598423, -138.1598357331516, -192.09748085110544, -237.80105850957418, -92.27380846964618, -144.38629340788515, 223.85839567965658, -59.61155628394992, -154.77926964424626, -106.97636474981017, 16.320082285498188, -328.19984709593354, -353.05445886768877, -132.37544525364532, -271.47690475659897, -100.32498613310015, -31.46573604243068, -66.9860365565643, -102.30966508122604, 234.22420233525247, -101.3232399097385, -135.69438161033568, -160.79013584117084, -65.05118672191496, 2.201129198001099, -45.80479578946435, -48.8219286800464, 74.12325218394778, -20.40324471404529, -192.12443255375263, -211.33263742801194, -169.3658186590661, -18.97430339093335, -127.0633732925325, -171.94255564375607, -266.6033737977294, 54.62907269013149, -85.46233783433301, -297.53794037917993, -106.06964423752507, -230.8307948961638, -156.01234053920328, 54.08590182226674, -143.85276414890006, 169.94536932181012, -89.39802087427381, -138.6103048460058, -277.8062604651486, -205.61309148887568, -78.75193906529934, -163.31991074443812, -153.5182671514374, -154.54349849223593, -230.86855910966918, -220.03073133934294, -174.17661026200562, -73.50912205589776, -128.5315757157704, -203.03425988551598, -11.311910702639844, 29.73340231894899, 6.106507534357355, -91.81509356050617, 59.019328733250845, -137.1452795743933, -195.2827852440172, -254.8136038402911, -151.2910030032727, -219.1009810582602, -320.6886562436547, -252.12931340211085, 324.7899912261048, -234.85737627886914, -154.93512335826017, -16.376822375749946, -112.90066150501507, -159.16685968159598, 160.34154944159837, -157.68166084185003, -139.99527644653892, -92.97701939815168, -19.799384408682663, 19.067852155684637, -362.8140349926433, -208.28559632196735, -70.81783927052815, -168.28807984204428, -243.05222245000857, -285.6082417552909, -418.26337633749563, -296.9566707964617, -377.7947227440075, -257.6035544999571, -239.50524003510807, -114.72011003598732, -100.7562381247928, -54.90115873175922, -202.3489669711509, -88.94333019755054, -97.33203265399996, -89.22201974474272, 24.73029687580513, -128.95187893074365, -291.34999218237533, -244.62274198505074, -91.1346773430803, -67.034097073787, -133.60795482066513, -152.0764469544171, -160.38524623117593, -136.74558992246318, -105.7762412644135, -132.79506783755633, -208.9807036626102, -171.02023869381404, -135.39232248677936, -191.71532717741937, -238.82999395921547, -165.72602248048753]",17.08316589186724,0.7131752754204678,1.014735769622585,8231.511,728.906,14.493,414005.396,37430.405,160.297,11.917,54000,54000,40.614062499999996,15.26875,0.20000000298023224,4.999999873689376e-05,5367.347,-0.0027401354,5367.3486,0.061431166,0.005430924,1.0717478,0.0
1003.5349353121827,-1945.0017455020181,-898.6553280174406,100.0,60,15,60000,False,600,10,212f51d07e9840f9afce8433e261ebfd,2020-07-14_16-06-04,1594742764,46.549657106399536,458.04414463043213,62816,tango5,131.234.250.245,458.04414463043213,0,10,d74d5_00000,0,-451.4039882500593,988.1592047723261,-149.77588800290678,"[-406.3602801128331, -1564.9212402820572, -291.89428959812096, -581.024410186889, -396.84595322947087, -768.9708950616497, 390.05562214039895, -1763.0406306452148, -863.0299660261735, -577.923062601977, 155.41242649950004, -1376.5008883827823, -240.1868230472928, -915.3775288763742, -571.2569480680669, -66.24786515266263, -1469.2361797575122, -1945.0017455020181, -1126.502002540802, -1264.5480098820465, 92.32815835155847, -838.1690082274229, -1136.5289024131891, -952.0547668123617, -1189.0658480859918, -1353.6923278203599, -866.1958975389971, -1154.6149072765497, -1174.9681596070707, -1419.5225871046207, -668.3628220089237, -113.65040902335791, -1341.8219323001842, -294.54514760007714, -870.4158131463873, -1511.2238178824027, -1614.8999379404545, -395.829434137724, -1293.3696525669852, -1628.544330000075, -1238.016762820323, -637.5714592460008, -961.7805491784504, -1379.841482703283, -580.5842609297056, -1750.1637797676215, -902.8195479101423, -1103.7120483242857, -1195.786329147889, -875.4352281929965, -1303.2076956900391, -1504.1898778196662, -1128.9862139829047, -978.3529726448631, -955.718229782628, -1456.7578245638979, 670.8063510957505, -1262.7745570654295, -824.335809275493, -1389.3194074805826, -1300.3005423623777, -776.5629679588708, -1350.211478258162, -664.0960934668977, -1204.0240597061525, -1292.534017647185, -794.9770308461827, -555.5519613344804, -462.3101421909335, -1851.9543560345637, -1527.3016495014147, -642.5610662093135, -1616.0889460439487, 311.0296605205203, -866.4175069877334, -1368.0994768116998, -555.194164603134, 1003.5349353121827, -916.1082481518489, -852.204621777078, -566.2825141775468, -1474.6440406441782, -574.4921380689134, -341.1793389070907, -772.5212184821886, -347.053540728948, -206.78576539643208, -784.9791598463247, -1250.0836022816418, -732.0264210767309, -1319.2628519020227, -1149.1304948896272, -917.3220670824445, -879.1161975915785, -248.99732189218525, -1434.4494313764003, -97.90780970593883, -997.8178812783805, -1265.279343344039, -1097.1720301261064]","[100, 100, 100, 100, 100, 100, 100, 100, 100, 100, 100, 100, 100, 100, 100, 100, 100, 100, 100, 100, 100, 100, 100, 100, 100, 100, 100, 100, 100, 100, 100, 100, 100, 100, 100, 100, 100, 100, 100, 100, 100, 100, 100, 100, 100, 100, 100, 100, 100, 100, 100, 100, 100, 100, 100, 100, 100, 100, 100, 100, 100, 100, 100, 100, 100, 100, 100, 100, 100, 100, 100, 100, 100, 100, 100, 100, 100, 100, 100, 100, 100, 100, 100, 100, 100, 100, 100, 100, 100, 100, 100, 100, 100, 100, 100, 100, 100, 100, 100, 100]","[-29.992905802068215, -109.93254798860677, -160.67318173643196, -50.44487746494079, -66.53494216184536, 11.21817504105967, -257.22170403455027, -261.20831066293374, -273.68784060158623, -280.90969967707997, -260.6644193442292, -231.2292659616757, 22.602677275582966, 216.91597237197092, -205.38264831676395, -205.01924934438657, -47.25947846205029, -73.75156312247418, -74.59257266101405, -95.06031039647756, 40.5955444554104, -269.91153231234, -143.94450828711368, -38.11103098535399, -147.36210081538502, -25.485730295344503, -164.38357870121814, 98.92413842905763, -32.021840045804325, -126.51684180077653, -160.88616246886593, -115.98979536313836, -101.90585052404249, -139.81245506685477, -179.31900877574606, -71.05762286300265, -75.74617682228417, -115.29434808729451, 206.3639764201821, 89.5413589660697, 110.97785156089633, 174.21296010282904, -281.08036915561945, -384.28394272976044, -309.60699454891846, -132.89725789568024, -220.29469726435704, -434.8773690508796, -162.81862531869916, -146.7993786319045, -221.08227860478382, -98.77834394933254, -149.58375993032948, -83.96757959112512, 73.62083515007076, -170.04878566529226, -238.88189600729874, -92.41805202134185, -15.97759397340659, -134.21757008470772, -115.11605867911234, 371.9980882737414, -134.2346517358959, 285.18050883236896, -124.3482823777644, -128.06717781383682, -313.51647856125845, -353.4301217797656, -176.3165606626452, -233.57136857542557, -171.10218221462762, -128.56417658905877, -13.62549896909233, -59.29903595275037, -6.347532537862102, -43.825844697065605, -27.833501516998957, -89.25540937352329, -303.8348831288637, -63.93409717851699, -94.83476052217853, -235.17361399324616, -217.3466977199618, -0.25347633360737076, 18.886559770558815, -3.5004789915100396, -122.35834183497084, -195.96092453514225, -255.59168297730386, -12.732079499698141, -0.04187196421107675, -121.03225867373999, -37.521233321267, 211.1550271206673, -69.08045600588206, -49.72707230822971, -209.73011254067467, -344.42970311967133, -167.9855673674361, -289.11637721762685, -246.44533035888495, -211.52908915321942, -310.9079186536997, -395.3566362608088, -263.352631048082, -263.15555046037264, -373.6111887349698, -338.6178203440865, -283.03892023841496, -124.82082875705744, -272.1836417305045, -89.5314681139342, -87.3008003265735, -269.62634337431814, -144.05395982297875, -201.51908138939092, -240.04107894189363, -173.24716562885553, -177.1703816082992, -328.51634249062613, 131.807219464696, -7.685475372241631, -50.06963871724468, -75.8303910395113, 74.49635521572353, 19.61008880013772, -110.27743682033463, -148.1705284095416, -226.73866895673646, -109.9234493380033, -226.6421450208505, -16.41677968195646, -212.36737472664663, -283.8882583202934, -147.93936875555914, -26.66261299846533, -220.7443951740687, -244.9268924381556, -249.00699666221905, -39.8392780704493, -211.43867930583286, -237.31951887118882, -109.11078707096077, -105.33950683171173, -190.82646217156807, -109.92698421827576, -172.4675536076016, -195.58650377533547, -192.00867509873268, -328.24966921447896, -181.47155492134752, -209.30927705210044, -176.08776364770034, -207.17674330125533, -431.8202255848214, -147.8267633131371, -124.28892904044443, -124.00731966029113, -149.32226394954318, -110.93047074592843, -155.4198439915724, -202.22707015121765, -225.36514872680274, -156.36772245636993, -196.20548528929382, -200.17232226373937, -60.63578062017554, -315.8684479201699, -199.25733365160175, -102.97514953202231, -220.7211972391593, -231.28593242593968, -199.35257286278167, -221.37597389556592, -240.25826152856428, -354.66526132522245, -196.75199655663565, -265.91982039282664, -224.22567050035494, -137.70157680101445, -127.23690628578679, -41.495214562864966, -227.5505193467553, -213.01135945943372, -66.53356474424302, 7.4647423901590235, -43.167594323331556, -105.54619888800242, -38.07657771400871, 85.8082188707355, -77.91160345021437, 65.2433464814637, -123.99076515260145, -218.7534032713848, -205.661641532495, -268.7444651233629, -328.7322628281485, -195.93939439219116, 46.804022515944744, -134.56539499777506, -62.849964449563615, -126.16141231803918, -36.43147263188289, 18.659074281239132, -129.32608618850998, -176.28269247657852, -78.5843361718328, -47.2493168847643, -270.78493828276305, -168.18844314193808, -285.62457587505696, -123.09013601645857, -287.1435837498804, -304.47185885849547, -268.57163630538787, -242.32202707712108, -285.51282143232044, -339.56730905374326, -292.71598622822484, -267.3236986623776, -123.91538666853508, -305.8647358952538, -167.12217376915694, 50.1269495017059, -84.33153324489817, -137.45893833267937, -90.3421413343671, 33.298403041671946, -202.97777348886265, -193.53417474898663, -279.73968474295924, -210.15492248389472, -157.68582269008755, -249.27727441219395, -258.1986125577584, -319.24113941117014, -311.4584949633044, -211.4805332793653, -250.1613315163809, -278.0042182720957, -372.2870456395426, -83.11858623947606, -124.11541938717605, -92.37150473654361, -251.78369451318528, -314.3405123044007, -86.22104812491196, -97.99289129333589, -16.000792351935466, -134.92563220849854, -127.96754189883058, -174.46355336848825, -193.62723996792943, -64.06490968341106, -228.79144959393835, -119.38389727157555, -191.28526988799504, -164.62778277360115, -251.47161132505445, -278.2328237249022, -225.36886132780387, -286.8962967905664, -256.50379088183223, -81.36809865312368, -20.6864163023771, 54.14008447290771, -104.02923673375292, -171.31395887230073, -190.57549600019334, -148.11923749398937, -307.4959212462118, -321.79687162136383, -216.69659723741825, -350.1217470935798, -314.6220771299326, -239.43056543911212, -76.47414639665122, -183.85908319226297, -146.91098439703225, -117.47133184067295, -231.1816450285218, -146.92235705500244, -188.64253836860382, -269.7565240237079, -285.4966229480938, -214.10454899374227, 39.49793928435376, -185.20975327449224, -181.75974334841757, -217.7336631617721, -176.0635731173794, -110.95758459951969, -279.2009645490882, -230.0708003717128, -130.4494437957396, -130.3327885940553, -125.15434170127178, -139.56199751790993, -149.08743297769297, -200.84922360632768, -196.01044951636501, -255.87595677781096, -259.04626644939475, -156.29977864511625, -241.1693589666849, -194.8058853346679, -372.5080410225302, -225.94727963589688, -389.5360189718277, -159.71462389391309, -174.8039376323342, -181.67997666316595, -203.0813169716601, -202.26047310847662, -176.45650759189328, -156.7456382782578, -193.20709583170657, -197.2351822009088, -130.71366528109866, -318.4627485882851, -361.2509501810177, -28.903331565445733, -179.50216447395337, 40.479887444937894, -176.8766318622632, -83.70343946400361, -237.8048838086544, -33.9936925229566, -259.967797995939, -163.37178412881153, -224.33209484424003, -239.15350171920727, -206.41876830282686, -288.6911459744195, -214.67183553057268, -283.490478192633, 239.40191714657715, 205.02647818833768, 8.112366129870548, -10.927192982567897, 141.7452440215873, 87.4475385919463, -182.81928273504624, -147.9168383476558, -243.63220727844404, -241.96688290176155, -195.24717773260502, -251.1921680699169, -228.1220253553187, -108.97679853184538, -81.26300399720171, -141.70164632924454, -89.0014748324962, -175.27086022938653, -247.33935199103135, -257.0183115098741, -245.97161562934886, -251.78064545921396, -212.2625210855263, -174.94696180558978, -227.2451100607402, -257.73938750188853, -221.7225120069496, -298.39222394686107, -188.12613764446886, -107.07517120146869, -234.58556733078004, -80.31400555066338, -221.59919769145395, -131.63592426491203, -208.15806465670593, 99.72979153564545, -226.47221947453474, -291.244959908215, -222.8330430050941, -262.8565561978981, -91.85656667046993, -254.9481330019497, -172.56960848866723, -168.5521453299236, -168.09457416365268, -183.03458345833434, -135.52812280398135, 163.68294077766117, -172.34129562502042, -185.3921976855394, -196.55091671996394, -220.57658699382057, -198.13081159178546, -231.03225109002284, -284.71212581366757, -243.38868026275006, -271.6353294948014, -156.20751683214039, -144.29559332761735, -192.29477191620862, -51.795656360031195, -182.4607755438869, -178.60728719322387, -167.62592390760818, -150.62115705962486, -63.86623078180735, -128.00558653752898, -93.38837262692343, -62.57191761537707, -123.13430926767569, -7.728971104179948, -140.72280418279593, -67.03002519931451, 4.587136704422393, -21.64856643808506, -138.54251351722615, -179.75691701957547, -59.919256721155335, -290.5790286423019, -305.62598219422864, -296.84906587197656, -320.50596559664797, -371.8951783232273, -266.49913540618434, -214.15147269877912, -329.263912760446, -301.04460830861757, -281.4284004236563, -185.47760985916875, -215.93564545074653, -20.26422768401734, 40.925171905765936, -202.4339251562752, -160.6572199484092, -144.92350410918422, -155.20736121719375, -144.56563466781822, -293.5248547986871, -285.0624611551709, -269.3699511335716, -451.4039882500593, -172.16205603864063, 75.78365066195225, 82.30878526032322, 25.89564965978732, -45.99707567825998, 96.44406241319633, 76.59458820352064, -158.38641474678835, -161.82650613029756, 57.17398779044401, -85.58203555062306, -301.7378538205513, -216.0586845299181, -198.80785942910862, -275.25934507050016, -270.1123655507973, -265.66421905089254, -5.7179698152688605, -352.5377178951306, 87.28958921909316, -297.38750638989654, -96.74852609074125, -136.87062902484595, -155.17486586348616, 43.697773546742425, 105.9852041467308, -4.592030616264475, -6.653646548548586, -57.97989961336808, 988.1592047723261, -21.3838968286939, -201.34540796113413, -107.55283845799309, -63.78353655994854, -202.03208104771588, -68.7022566966413, -272.6921274284172, -241.81501558561726, -212.5314824406523, 73.06177802543668, -161.56455072475998, -234.82480013836974, -74.53055091311668, -42.22944643843003, -140.8460989786082, -71.04095385717874, -113.85664557263323, -83.11322965623823, -115.19613967445815, -104.97135628920614, -323.35182976404536, -257.4657068393851, -191.96661192065315, -381.6394344006705, -215.24910143021856, -201.28773142194785, -36.99519998920536, -90.90328655259634, -170.39545964889487, 66.88673744278633, -141.79719789905556, -60.23574163873023, 48.86966554630193, -100.65982959336586, -160.28461082274166, 47.81988034036944, -116.68870273892453, -265.96105414301485, -371.9731796222451, 8.44796646082516, 54.378184100197345, -74.93442367380864, -122.47871160414164, -382.0378982088792, -107.77328665816435, -231.58887280702385, 284.3667995305838, 286.9423602238889, -196.96264280935324, 82.4055112212459, -86.08279401615644, -2.1421468032922064, -133.21090092358943, -61.92647359216581, -5.82896128247406, -160.0404599539878, -133.27342100711638, -155.689207059911, -25.097996433223997, -106.58782322356166, -204.29025216852307, -187.9504704800612, -210.3605053815286, -282.9373121664261, -152.63268636923775, -126.18789754788392, -290.01473033650365, -157.81947840738252, -133.00870050440602, -163.05628866128905, 51.34669807040615, -178.33854491402192, -151.15010666003812, -284.0560561985138, -259.1497778637996, -201.40429999966113, -249.51079843739626, -153.03614527957683, -172.1057741230755, -142.564155046669, -239.87287714323614, -321.365646793354, -115.37793484579237, -161.928514582172, -168.02136647840493, -152.9061350618767, -199.67422933490695, -193.64744053048784, -82.4616689931265, -144.94373378527584, -143.6888593767685, -114.85523036874561, -161.7777329397785, -267.78290796775906, -218.6218993639795, -51.89888786859621, -64.17953908272017, 15.492563952215274, -9.207028823225714, -94.56234566063803, -80.55573419634734, 3.050175264081254, -83.21495242827044, -273.73749603114237, -139.12860540182857, -265.2928720942184, -228.04974149648712, -270.6761482478794, -257.56456810484195, 249.92932755723876, -76.6804616355292, -139.15808388884037, 152.4417860982496, -156.926527212809, -127.5138506242488, -193.42619930207127, -18.486004600563188, -130.5946291737656, -279.7520441689941, -136.8276350749068, -238.7313689580805, -212.96273801232346, -207.01016963349522, -218.45639819917133, -383.80240505966026, -157.24656681707464, -85.80106562231528, -178.87054059171987, -130.99362530647502, -164.25407163493622, -186.01747099988162, -300.77070747126, -136.26561412183514]",17.338408089591013,0.7138498800059587,1.011621018571826,8317.855,721.34,14.082,426061.335,37428.634,160.305,11.949,60000,60000,40.7265625,15.284374999999997,0.20000000298023224,4.999999873689376e-05,4451.7466,-0.0034281078,4451.7485,0.07235627,0.0057029272,1.0552851,0.0
670.8063510957505,-1901.7467469043506,-905.6516935464166,100.0,60,15,66000,False,660,11,212f51d07e9840f9afce8433e261ebfd,2020-07-14_16-06-50,1594742810,46.79489588737488,504.839040517807,62816,tango5,131.234.250.245,504.839040517807,0,11,d74d5_00000,0,-456.54388720633943,376.68253417937433,-150.94194892440282,"[-1145.9377274018732, -1553.0918928341766, -1043.918115156022, -685.3982586695304, -654.7762656801594, -835.6616884269358, -868.9344300103118, -1169.3222904898805, -1353.2315648333065, -1430.8199808362372, 285.33726133392867, -760.6072881246238, 151.4543989076355, -964.0779717764102, -99.48483312962018, -738.3978471587535, -52.7703616270284, -941.5654692159161, -594.7297256558523, -1605.2802799825213, -362.47514128614284, 84.47265100564204, -566.6158624838288, 58.95308354979323, -825.257402715642, -673.3900179356194, -1328.1518786239276, -1252.5616874881541, -1243.8602903326523, -610.8766691024985, -1557.5031919054811, -341.2385099210375, -630.0949119710941, -376.2584672886159, -1275.576748009557, -902.89786045355, -1189.1947129550988, -872.9308746742524, -690.5658233295305, -1148.2119136598328, -616.9855998917614, -412.3031624227027, -1402.0838666667746, -283.24451942323515, -381.40749703205086, -1489.6315328997841, -100.7723585932869, -1049.7066252509069, -981.1064712792397, -1141.4221666835356, -795.1023106949159, -1901.7467469043506, -418.8690196847596, -1101.67163956214, -624.0157686132826, -957.2665829964956, -1650.4313539414736, -1055.3290148876638, -945.397151792541, -1007.5301765000659, 92.32815835155847, -838.1690082274229, -1136.5289024131891, -952.0547668123617, -1189.0658480859918, -1353.6923278203599, -866.1958975389971, -1154.6149072765497, -1174.9681596070707, -1419.5225871046207, -668.3628220089237, -113.65040902335791, -1341.8219323001842, -294.54514760007714, -870.4158131463873, -1511.2238178824027, -1614.8999379404545, -395.829434137724, -1293.3696525669852, -1628.544330000075, -1238.016762820323, -637.5714592460008, -961.7805491784504, -1379.841482703283, -580.5842609297056, -1750.1637797676215, -902.8195479101423, -1103.7120483242857, -1195.786329147889, -875.4352281929965, -1303.2076956900391, -1504.1898778196662, -1128.9862139829047, -978.3529726448631, -955.718229782628, -1456.7578245638979, 670.8063510957505, -1262.7745570654295, -824.335809275493, -1389.3194074805826]","[100, 100, 100, 100, 100, 100, 100, 100, 100, 100, 100, 100, 100, 100, 100, 100, 100, 100, 100, 100, 100, 100, 100, 100, 100, 100, 100, 100, 100, 100, 100, 100, 100, 100, 100, 100, 100, 100, 100, 100, 100, 100, 100, 100, 100, 100, 100, 100, 100, 100, 100, 100, 100, 100, 100, 100, 100, 100, 100, 100, 100, 100, 100, 100, 100, 100, 100, 100, 100, 100, 100, 100, 100, 100, 100, 100, 100, 100, 100, 100, 100, 100, 100, 100, 100, 100, 100, 100, 100, 100, 100, 100, 100, 100, 100, 100, 100, 100, 100, 100]","[-270.0770339949073, -219.93781615959185, -210.53953801616402, -123.39965923169738, -132.67952301885242, -189.30415698066062, -343.0503447300503, -222.76720912849206, -229.85393492775302, -228.97870771759762, -263.8115536126473, -264.6301427176393, -204.45664181468015, -275.79695636979017, -70.0392350217049, -194.34092699657847, -144.1533058827208, -155.1310490705475, -242.0982782648635, 292.933332374773, -228.37356493774203, -161.35614963014953, -108.73778597191905, -237.76581223962935, -149.48657905285626, -56.33016620406001, -106.79959281301609, -160.53070054186904, -113.04050424516558, -68.5887228231915, -154.85023459558545, -170.07372511605948, -118.07408236411788, -117.80127617606446, -64.78328949901804, -210.07908067609057, -201.51958102712928, -215.66840078724218, -279.3584064537386, 70.71572540026213, -218.20298233961395, -24.900784802850293, -141.3877923294552, -241.54577588962027, -284.42997205167626, -162.98990409860454, -193.87891690546323, -145.08992921506146, -200.2031571753883, -346.7760635344888, -279.58513587104727, -188.2754713158709, -110.28735149654098, -228.10438543997094, -218.51885971665183, -174.16895967408175, -174.70619027895694, -293.5308501058145, -328.6373489539474, -241.25777210678748, 153.1727541289856, -12.494198526941698, 152.72666474878488, -110.20166396556327, 203.6377910109617, -101.50408606229828, -133.05519194800104, -156.63948354979777, -153.24884589691476, -120.32311343108097, -180.54250784516785, -16.79814545366113, -11.872076548088794, 174.58138810995666, -15.354569749870427, 219.7605484675669, -39.22382021858818, -176.4370711533405, -123.99514704689314, -247.21944925360026, -61.72872786196268, -167.94598384180875, -148.5570768613702, -214.63158691077425, 24.847201516528116, -66.31381087403688, 111.99263151342146, -65.7272241573081, -79.58522237821518, -24.698408750009918, -187.70134290297457, -60.573704375949, -274.3473099962196, -44.182550215175816, -190.20069592356938, 18.60775625513488, -18.454653694131828, -20.754756289217205, 26.679249026395432, 60.576899334822755, -36.183107191267, -64.63399281363058, -62.36413564435493, -227.05902944791964, -60.73512005421379, -163.326182148382, -216.59551480175722, -211.48548711928817, -127.28629501209743, 41.53845625302207, -9.645459472422088, -154.33803289262627, -237.20441424133674, -107.79398029039224, -367.83379217044273, -235.35352894967818, -283.59524792926834, -194.14139455866905, -194.63538959863246, -329.72092677582907, -188.2283668799961, 60.63128004484903, -127.25425009396983, 45.729005521987666, 1.4941446088324013, -154.84695448784615, 102.70160491403561, 80.12342356880742, -12.341583373982559, -18.640365947624257, -30.706986218155002, -36.66344193743873, -175.80153096609857, -27.66047982504579, -16.670419252274016, -87.95448715509275, -115.06881487254529, -143.4601304127727, -135.7012488488533, 128.56310919057137, 97.5900437728689, 59.89022846851147, -95.9069246115651, 4.517875578259497, -168.362355982675, -214.3564640115266, -76.4279262066095, -109.74514480724329, -193.74505425917792, -62.62045744840997, 26.662842077503917, 94.91833741751418, -256.47221054805595, -295.487415899867, -196.62956333040404, -46.382007652310286, -274.9495618529937, -209.2962211084895, -51.38242268400588, -251.1811931591088, -344.3962341975943, -196.9462456217356, 54.979496736060035, -198.09245138288182, -279.72763340206257, -388.699349169578, -275.91487283072274, -165.10687743896838, -122.38877269249978, -340.93332208801786, -239.23039254351508, -219.59506522529426, -131.99966268265572, -189.7130751006692, -65.36322451863096, -81.94420831907229, -93.29577003037303, -180.78347284463496, -134.89395721964905, -54.59603617013764, -275.81830510585894, -245.84182566624702, -290.4408699828788, -190.79595457439294, -238.4368923434808, -316.169344232622, -111.24830101838499, 2.0106420166428296, -130.36802651128642, 60.38815827290347, -65.80879994740813, -96.21218273350443, -149.3208358727483, -71.14505651351513, -20.232491767195487, -16.027225590605582, -213.28054354589634, -160.08875868113338, -157.8459806802346, -74.12740612817046, -2.5069221247076263, 82.81786832417077, -140.67274862601104, -83.92327805366281, -188.45475223398677, -239.49653681863606, -114.89229942505946, -65.97191482590905, -342.19769260939694, -324.5635520965684, 174.6726403040363, -264.19095014705636, -256.4906147869537, -142.24990822185507, -236.16791446925697, -178.47111313246523, -234.8047613853888, -248.09085348422306, -221.06892476402373, -139.34706623228305, -218.669214743874, -127.21389234530523, -316.475759328171, -113.5191401183116, -65.69306624232904, -114.65371358524497, -59.13266139524033, -203.4565340049553, -130.30340603272853, -100.15330993666387, -249.08780096987766, -26.48270434433445, -73.06930435774896, -111.46929768817793, -219.17400258732437, -120.8634499933101, -171.5771022364406, -143.5562012143741, -227.65054122364253, -265.3906164047401, -167.0993218241212, -176.60445620302332, -314.3508968567372, 89.70990716242454, -94.84856867201366, 46.20773650170995, -166.64091214386002, -169.68310055715682, -117.95116829370289, -188.17375359971672, 105.59165749103494, 124.55411468069906, -180.81692091371914, -247.39872712046878, -183.93696784217707, -299.1071130834018, -339.58868651551245, -151.23545119149662, -159.09845515295774, -162.3895100276848, -122.04371637383424, 155.00144052054245, -177.8097632397775, 183.09548485047665, -160.98955036037452, -54.22065527183391, -103.71922283676051, 44.78009131241418, -65.70344275518988, -41.55471712030713, -270.79327250789277, -148.9210137900136, -178.4625264171622, -317.9585644842045, -371.4738260612258, -202.0223296392854, 6.458724372779765, 73.63177234411603, -87.62272879450097, 376.68253417937433, -301.69051195680714, -168.23214873824955, -168.42374925668176, -140.41697449283237, -215.02906456960164, -96.33495155280212, -220.49724984380273, -209.0046355351869, -188.99957467627445, -45.37199703879089, -281.5684319981843, -137.2150951750893, -140.55700142454307, -187.39437096635854, -106.65462387631501, -161.57761479436346, -255.74011156720297, -122.31587398820962, -120.17218045162357, -374.9617620058209, -189.71076794633183, -259.50158965843525, -201.34284626659075, -45.14135925047078, 45.11618722960133, -144.5219348026888, -322.4416429605633, -235.5762818616343, -255.4614591921099, -318.5628409971527, -313.1606346865533, -456.54388720633943, -142.53641691179783, -2.3497731422235346, -38.78778646670531, -143.2456389069788, 48.68964660499319, -140.63905086204784, -187.60993184620142, -91.78715136881065, -176.6459258058004, -172.80945315904623, -323.61209313617184, -149.2070842461096, -88.94185154353595, -106.79457200168055, -143.58087482636316, 26.963858635381683, -156.2590262427053, -155.403302634379, -279.0235387185057, -238.7412973169188, -301.75359375858835, -50.187545779559386, -158.95343185099554, 71.39282442807269, -217.95460219027794, -224.71104296283676, -248.0862638424295, -337.3669554639159, -281.20859036908143, -341.10389911293265, -204.21733992522653, -282.0813037190121, -108.87612969411866, -38.716772265565396, -269.19660302560607, -152.2408662581351, -81.60530303396291, -231.65884711112528, -237.9141251338513, -249.15651411377397, -13.737319952057039, -131.32504244777064, -174.3861129894203, -285.41492679799524, -170.4192942818718, -182.08901947123317, -115.85143985305004, -79.36938310649641, 131.807219464696, -7.685475372241631, -50.06963871724468, -75.8303910395113, 74.49635521572353, 19.61008880013772, -110.27743682033463, -148.1705284095416, -226.73866895673646, -109.9234493380033, -226.6421450208505, -16.41677968195646, -212.36737472664663, -283.8882583202934, -147.93936875555914, -26.66261299846533, -220.7443951740687, -244.9268924381556, -249.00699666221905, -39.8392780704493, -211.43867930583286, -237.31951887118882, -109.11078707096077, -105.33950683171173, -190.82646217156807, -109.92698421827576, -172.4675536076016, -195.58650377533547, -192.00867509873268, -328.24966921447896, -181.47155492134752, -209.30927705210044, -176.08776364770034, -207.17674330125533, -431.8202255848214, -147.8267633131371, -124.28892904044443, -124.00731966029113, -149.32226394954318, -110.93047074592843, -155.4198439915724, -202.22707015121765, -225.36514872680274, -156.36772245636993, -196.20548528929382, -200.17232226373937, -60.63578062017554, -315.8684479201699, -199.25733365160175, -102.97514953202231, -220.7211972391593, -231.28593242593968, -199.35257286278167, -221.37597389556592, -240.25826152856428, -354.66526132522245, -196.75199655663565, -265.91982039282664, -224.22567050035494, -137.70157680101445, -127.23690628578679, -41.495214562864966, -227.5505193467553, -213.01135945943372, -66.53356474424302, 7.4647423901590235, -43.167594323331556, -105.54619888800242, -38.07657771400871, 85.8082188707355, -77.91160345021437, 65.2433464814637, -123.99076515260145, -218.7534032713848, -205.661641532495, -268.7444651233629, -328.7322628281485, -195.93939439219116, 46.804022515944744, -134.56539499777506, -62.849964449563615, -126.16141231803918, -36.43147263188289, 18.659074281239132, -129.32608618850998, -176.28269247657852, -78.5843361718328, -47.2493168847643, -270.78493828276305, -168.18844314193808, -285.62457587505696, -123.09013601645857, -287.1435837498804, -304.47185885849547, -268.57163630538787, -242.32202707712108, -285.51282143232044, -339.56730905374326, -292.71598622822484, -267.3236986623776, -123.91538666853508, -305.8647358952538, -167.12217376915694, 50.1269495017059, -84.33153324489817, -137.45893833267937, -90.3421413343671, 33.298403041671946, -202.97777348886265, -193.53417474898663, -279.73968474295924, -210.15492248389472, -157.68582269008755, -249.27727441219395, -258.1986125577584, -319.24113941117014, -311.4584949633044, -211.4805332793653, -250.1613315163809, -278.0042182720957, -372.2870456395426, -83.11858623947606, -124.11541938717605, -92.37150473654361, -251.78369451318528, -314.3405123044007, -86.22104812491196, -97.99289129333589, -16.000792351935466, -134.92563220849854, -127.96754189883058, -174.46355336848825, -193.62723996792943, -64.06490968341106, -228.79144959393835, -119.38389727157555, -191.28526988799504, -164.62778277360115, -251.47161132505445, -278.2328237249022, -225.36886132780387, -286.8962967905664, -256.50379088183223, -81.36809865312368, -20.6864163023771, 54.14008447290771, -104.02923673375292, -171.31395887230073, -190.57549600019334, -148.11923749398937, -307.4959212462118, -321.79687162136383, -216.69659723741825, -350.1217470935798, -314.6220771299326, -239.43056543911212, -76.47414639665122, -183.85908319226297, -146.91098439703225, -117.47133184067295, -231.1816450285218, -146.92235705500244, -188.64253836860382, -269.7565240237079, -285.4966229480938, -214.10454899374227, 39.49793928435376, -185.20975327449224, -181.75974334841757, -217.7336631617721, -176.0635731173794, -110.95758459951969, -279.2009645490882, -230.0708003717128, -130.4494437957396, -130.3327885940553, -125.15434170127178, -139.56199751790993, -149.08743297769297, -200.84922360632768, -196.01044951636501, -255.87595677781096, -259.04626644939475, -156.29977864511625, -241.1693589666849, -194.8058853346679, -372.5080410225302, -225.94727963589688, -389.5360189718277, -159.71462389391309, -174.8039376323342, -181.67997666316595, -203.0813169716601, -202.26047310847662, -176.45650759189328, -156.7456382782578, -193.20709583170657, -197.2351822009088, -130.71366528109866, -318.4627485882851, -361.2509501810177, -28.903331565445733, -179.50216447395337, 40.479887444937894, -176.8766318622632, -83.70343946400361, -237.8048838086544, -33.9936925229566, -259.967797995939, -163.37178412881153, -224.33209484424003, -239.15350171920727, -206.41876830282686, -288.6911459744195, -214.67183553057268, -283.490478192633, 239.40191714657715, 205.02647818833768, 8.112366129870548, -10.927192982567897, 141.7452440215873, 87.4475385919463, -182.81928273504624, -147.9168383476558, -243.63220727844404, -241.96688290176155, -195.24717773260502, -251.1921680699169, -228.1220253553187, -108.97679853184538, -81.26300399720171, -141.70164632924454, -89.0014748324962, -175.27086022938653, -247.33935199103135, -257.0183115098741, -245.97161562934886, -251.78064545921396, -212.2625210855263, -174.94696180558978]",17.559932330243168,0.7145107440260642,1.0090012321123982,8490.164,706.7,9.688,619341.425,37405.349,160.405,11.886,66000,66000,40.28153846153847,15.299999999999999,0.20000000298023224,4.999999873689376e-05,4290.081,-0.0031473327,4290.083,0.093452245,0.0057696183,1.0414127,0.0
600.8224870902386,-1901.7467469043506,-810.8795105133435,100.0,60,15,72000,False,720,12,212f51d07e9840f9afce8433e261ebfd,2020-07-14_16-07-37,1594742857,46.674667835235596,551.5137083530426,62816,tango5,131.234.250.245,551.5137083530426,0,12,d74d5_00000,0,-456.54388720633943,376.68253417937433,-135.14658508555726,"[142.34311534827543, -852.5787486438516, -1074.0067653516312, -1418.2139552679998, -462.451814166404, -480.97729374672144, -1033.311798799545, -1463.7316963008, -992.0786716045062, -1073.4435172390909, -566.6124203617022, -522.2499664546283, 126.98887953490659, -254.2222224994944, -1018.5807707144451, -1194.0040351214664, -602.6621280321194, -1392.0562665456698, -777.173223533808, 600.8224870902386, -295.001898249463, -914.7760752218189, -628.5421832097023, -907.9277377225494, -1360.417512922913, -948.7740508373654, -1003.5071574364207, -1130.3962431562543, -440.89911114001745, -1440.3072275018399, -668.5795672107895, -1095.5616310597372, -1272.582884831426, -442.3183845963428, 25.213726700812828, -268.0803088340779, -1386.9582834211396, -762.3812711201438, -607.2161600241554, -951.4067138802565, -1172.9756908938791, -871.9734011405224, -745.851378191846, -751.3840204285315, -330.00745514115897, -640.9338774135322, 107.59907927547262, -590.594258114815, -719.5388936767405, -976.0828325860037, -999.2770995342943, -819.1784413414106, -1201.2178683372633, -647.5097224013149, -550.6437477381698, -1291.0535782623747, -1313.9244192900196, -931.7996498442502, -1013.242509719979, -799.4800031656005, -362.47514128614284, 84.47265100564204, -566.6158624838288, 58.95308354979323, -825.257402715642, -673.3900179356194, -1328.1518786239276, -1252.5616874881541, -1243.8602903326523, -610.8766691024985, -1557.5031919054811, -341.2385099210375, -630.0949119710941, -376.2584672886159, -1275.576748009557, -902.89786045355, -1189.1947129550988, -872.9308746742524, -690.5658233295305, -1148.2119136598328, -616.9855998917614, -412.3031624227027, -1402.0838666667746, -283.24451942323515, -381.40749703205086, -1489.6315328997841, -100.7723585932869, -1049.7066252509069, -981.1064712792397, -1141.4221666835356, -795.1023106949159, -1901.7467469043506, -418.8690196847596, -1101.67163956214, -624.0157686132826, -957.2665829964956, -1650.4313539414736, -1055.3290148876638, -945.397151792541, -1007.5301765000659]","[100, 100, 100, 100, 100, 100, 100, 100, 100, 100, 100, 100, 100, 100, 100, 100, 100, 100, 100, 100, 100, 100, 100, 100, 100, 100, 100, 100, 100, 100, 100, 100, 100, 100, 100, 100, 100, 100, 100, 100, 100, 100, 100, 100, 100, 100, 100, 100, 100, 100, 100, 100, 100, 100, 100, 100, 100, 100, 100, 100, 100, 100, 100, 100, 100, 100, 100, 100, 100, 100, 100, 100, 100, 100, 100, 100, 100, 100, 100, 100, 100, 100, 100, 100, 100, 100, 100, 100, 100, 100, 100, 100, 100, 100, 100, 100, 100, 100, 100, 100]","[84.47377438014689, 60.69560986067756, 1.84106705203995, 1.66334777821341, -77.39634757674925, 71.06566385394633, -194.30249134351536, -121.68981936308757, -155.84689557611983, -166.28116019251314, -226.24140256291162, 11.783020394297147, -300.43472433860177, -254.69340258971835, -165.03228609872681, -186.48965740260277, -88.11667678936311, -79.24001813261914, -313.0061110293826, -308.0596474106993, -267.31863980718475, 10.316332832123344, -196.40557820036375, -343.7403116524895, -6.136217529860658, -133.35828030433717, -90.80811508592637, -179.34124028089596, 9.79553653460469, -62.60349749998855, -85.93191058854181, -115.35760987908118, -183.18529416233602, -84.92588835419457, -48.84807999509474, 37.27148923252609, -124.09131557342279, -312.40425691029805, 16.4057706679868, -248.60035356086948, 16.399943375186478, -381.0215867981283, -253.76470885762234, -245.0597374996281, -217.47335833893635, -201.6303573685704, -309.1271908840882, -236.6763433519556, -106.05962406407177, -111.89821618053705, -170.6016535294386, -196.17008289561755, -162.13784288666693, -245.21125204817494, -99.64787571962098, -314.09377906329007, -97.5244409450909, -136.35571696106183, -155.28037571996322, -270.54132883006497, -107.13443647777117, -122.80081169555666, -38.39006600081323, -98.89705438144976, -65.54880967871483, -133.84124212739653, 32.63891732050101, -51.13718349896125, -134.278409217175, -120.04016981943644, -157.6162985830519, -91.81682265650458, -23.07075383961964, 101.09060567853565, 66.8879538116887, -139.58450327701263, 157.2681737916782, -35.60259663036246, 5.441838544269998, -98.60901533917078, 30.758137158265704, -204.28309706729502, -44.96131626515244, 57.4312304695887, -297.9948397902465, -147.7294869275721, -79.0437350797333, -158.8853439224827, -223.78780177203828, -111.1395632223735, -278.3479633034088, -191.57230037456048, -51.07269255456348, -297.60146704590005, -173.18695727441758, -202.22265456861717, -119.68322768602087, 215.45141152696155, -189.03286720110256, -151.79911247450534, -169.95406188774444, -187.64427030970788, -215.76727730601002, -195.73553150324847, -211.6805936088153, -359.8840915257977, -289.41489698759676, -119.57387561420458, -210.3031437560037, -214.411349030552, -29.924632398282192, 49.64907541870235, -190.55722670399805, -181.62594706367457, 97.73545641657245, -11.198249559662816, 79.46654048342795, 166.0445250288089, 195.25175784463335, 73.52245687645953, -65.97478707622281, -80.3922106037816, -80.05080423623437, -63.96606493641979, 66.76454347122895, -71.38257486803359, -130.73931074724084, -237.13867302087795, -149.46143069825126, -54.07955704664986, -156.69935931489366, -186.65774439390555, -228.23103145497393, -133.36344261741658, 72.43635867098784, -124.36838462059154, -70.1397369524669, -144.87594623524097, -73.27233880336942, -256.55028084234283, -210.9464787049578, -133.7786175159301, -242.0022126760932, 8.622190820145303, -404.0255695644499, -97.91103329791696, -389.32814751772594, -139.05033499960084, -184.11524397435738, -145.98718356886195, -238.60021756470954, -181.08718763117795, -237.6284869737503, -70.55209961448085, -216.40889772188459, -4.497161331360901, -115.61746027537916, -226.83704558463222, -165.67982212582507, -39.56882298336082, -330.156043195339, -125.64796327188284, -213.80610534287973, 11.953214962997157, -290.8122909912367, -131.5542179842419, -228.66309143439602, -277.5137523664966, -112.63575453481623, 218.03089296214463, -168.13444708580687, -129.27411192996917, -120.38975112434854, -128.49593942722163, -187.1463955971572, -318.84224602395227, -358.5099072269662, -92.32839935065796, -239.88022363679644, -243.60005566630824, -8.262444856406693, -180.91301663353303, -150.22399176551326, -66.26265142395401, -193.61016255537308, -69.30729997601023, -269.6559774399751, -138.0544327025347, -105.80092902060179, -172.5714969504707, -241.5641438487809, -167.91465109737499, -295.34315628449224, -116.80444011061678, -218.26462552963608, -174.6691211760274, -288.76863718863575, -178.73290454202174, -91.11622412031105, -51.41566448479188, -149.4272527238896, -81.22667342725727, 42.92892414887198, -112.06149398896524, -131.09107451537358, -140.59640145016317, 111.72689486621034, 104.98229465484947, 191.3114005033327, -111.11938735804236, -9.215056960856643, -38.049007763173954, -131.59530296954202, -154.69599306678248, 149.98573766578656, -84.51068573950931, -182.17084906323504, -145.70405060798075, -311.0870421852416, -164.62562485442604, -256.73286005598976, -326.6378566542664, -103.53480147182809, -123.26774668176301, -142.4075730632272, -203.013655140357, -78.56478219885796, -111.59271256411158, -61.400075352066935, -289.25307994570704, -250.0033114912559, 338.5342979116424, -168.65437147347862, -176.43961967329005, -155.355654230244, -126.28401652716882, -208.8092870705515, -102.3166916907833, -161.04162222667887, -197.59944213483078, -225.78324233877905, -172.55001078341166, -235.12578325948033, -136.87502943121308, -137.5515085344266, -265.09011654656825, -120.55967813635968, -177.03024095454964, -139.81679449343227, -177.00210961509475, -209.50755193734895, -48.0570260037362, -154.51652523798097, -163.59674006455714, -284.2640420597956, -60.63086338603597, -227.53452868139468, 144.691321237919, -59.91169967903426, -192.14369212109472, -203.86198315364038, -126.55624127267394, -110.27606681834585, -58.634337383742974, 27.964497099111796, -219.16250275229723, -113.1194745673976, 301.23536803494375, -189.31576391591247, -137.60957903960755, -340.8954510785864, -235.300698496726, -204.71206016848248, -146.3658500721693, 178.5705492573045, 107.76963314512693, -28.459339179194608, -6.456834867253137, -62.89465666606428, -63.41551799383458, -21.192200669312506, 290.01762865113176, -117.55648523871153, -65.38845544467677, 16.318545499946584, -113.22686461629826, -79.61437542959017, -231.1266228854855, -105.61778312692599, -22.36192967560435, -188.02500845801268, -37.41811695501307, -144.94173079410845, -221.17432466707606, -196.9359078881557, -163.52639692423557, -112.87136955333935, -231.94448567791562, -184.61202481616962, -86.19264772618878, -215.56137298562479, -192.07630111467952, -121.95134231602454, -142.25772280667627, -203.85749111785347, -123.5728691934364, -260.3759509293488, -40.50902167789115, -230.76328246541055, -138.1156691620193, -27.53037016358166, -121.88414694315881, -282.3595380083844, -319.3220653880325, -178.32658499997558, -85.68079969408593, -180.0734584723927, -155.45542177439256, 48.21553841380443, -209.82413142260395, -197.23869476029338, -117.8949680010427, -37.37461987378569, -133.39284675739333, -90.19696798085384, -87.86086313727549, -79.86569065794771, -107.19005425011102, -119.2719372301875, -66.25823448179374, -120.29924014453483, -272.7820564949879, -288.04475366055044, -43.30440127492152, -275.93642603337196, -290.68670065400835, -256.27943180195103, -147.0914717472593, -228.95949662089782, -213.2184297311216, -170.37004342459534, -298.00554596419187, -199.4741451003094, -145.7403535488191, -98.33061088770111, -240.75520434818702, -161.3944909345877, -86.10484502464637, -119.7083087854326, -92.46992004449, -217.10020751527927, -230.3611875160901, -145.80425328261478, -207.79863257607383, -196.24034002368603, -241.01943236086413, -60.449429059529805, -58.09378495890011, -139.61932664606383, -104.05769011655585, -188.2283668799961, 60.63128004484903, -127.25425009396983, 45.729005521987666, 1.4941446088324013, -154.84695448784615, 102.70160491403561, 80.12342356880742, -12.341583373982559, -18.640365947624257, -30.706986218155002, -36.66344193743873, -175.80153096609857, -27.66047982504579, -16.670419252274016, -87.95448715509275, -115.06881487254529, -143.4601304127727, -135.7012488488533, 128.56310919057137, 97.5900437728689, 59.89022846851147, -95.9069246115651, 4.517875578259497, -168.362355982675, -214.3564640115266, -76.4279262066095, -109.74514480724329, -193.74505425917792, -62.62045744840997, 26.662842077503917, 94.91833741751418, -256.47221054805595, -295.487415899867, -196.62956333040404, -46.382007652310286, -274.9495618529937, -209.2962211084895, -51.38242268400588, -251.1811931591088, -344.3962341975943, -196.9462456217356, 54.979496736060035, -198.09245138288182, -279.72763340206257, -388.699349169578, -275.91487283072274, -165.10687743896838, -122.38877269249978, -340.93332208801786, -239.23039254351508, -219.59506522529426, -131.99966268265572, -189.7130751006692, -65.36322451863096, -81.94420831907229, -93.29577003037303, -180.78347284463496, -134.89395721964905, -54.59603617013764, -275.81830510585894, -245.84182566624702, -290.4408699828788, -190.79595457439294, -238.4368923434808, -316.169344232622, -111.24830101838499, 2.0106420166428296, -130.36802651128642, 60.38815827290347, -65.80879994740813, -96.21218273350443, -149.3208358727483, -71.14505651351513, -20.232491767195487, -16.027225590605582, -213.28054354589634, -160.08875868113338, -157.8459806802346, -74.12740612817046, -2.5069221247076263, 82.81786832417077, -140.67274862601104, -83.92327805366281, -188.45475223398677, -239.49653681863606, -114.89229942505946, -65.97191482590905, -342.19769260939694, -324.5635520965684, 174.6726403040363, -264.19095014705636, -256.4906147869537, -142.24990822185507, -236.16791446925697, -178.47111313246523, -234.8047613853888, -248.09085348422306, -221.06892476402373, -139.34706623228305, -218.669214743874, -127.21389234530523, -316.475759328171, -113.5191401183116, -65.69306624232904, -114.65371358524497, -59.13266139524033, -203.4565340049553, -130.30340603272853, -100.15330993666387, -249.08780096987766, -26.48270434433445, -73.06930435774896, -111.46929768817793, -219.17400258732437, -120.8634499933101, -171.5771022364406, -143.5562012143741, -227.65054122364253, -265.3906164047401, -167.0993218241212, -176.60445620302332, -314.3508968567372, 89.70990716242454, -94.84856867201366, 46.20773650170995, -166.64091214386002, -169.68310055715682, -117.95116829370289, -188.17375359971672, 105.59165749103494, 124.55411468069906, -180.81692091371914, -247.39872712046878, -183.93696784217707, -299.1071130834018, -339.58868651551245, -151.23545119149662, -159.09845515295774, -162.3895100276848, -122.04371637383424, 155.00144052054245, -177.8097632397775, 183.09548485047665, -160.98955036037452, -54.22065527183391, -103.71922283676051, 44.78009131241418, -65.70344275518988, -41.55471712030713, -270.79327250789277, -148.9210137900136, -178.4625264171622, -317.9585644842045, -371.4738260612258, -202.0223296392854, 6.458724372779765, 73.63177234411603, -87.62272879450097, 376.68253417937433, -301.69051195680714, -168.23214873824955, -168.42374925668176, -140.41697449283237, -215.02906456960164, -96.33495155280212, -220.49724984380273, -209.0046355351869, -188.99957467627445, -45.37199703879089, -281.5684319981843, -137.2150951750893, -140.55700142454307, -187.39437096635854, -106.65462387631501, -161.57761479436346, -255.74011156720297, -122.31587398820962, -120.17218045162357, -374.9617620058209, -189.71076794633183, -259.50158965843525, -201.34284626659075, -45.14135925047078, 45.11618722960133, -144.5219348026888, -322.4416429605633, -235.5762818616343, -255.4614591921099, -318.5628409971527, -313.1606346865533, -456.54388720633943, -142.53641691179783, -2.3497731422235346, -38.78778646670531, -143.2456389069788, 48.68964660499319, -140.63905086204784, -187.60993184620142, -91.78715136881065, -176.6459258058004, -172.80945315904623, -323.61209313617184, -149.2070842461096, -88.94185154353595, -106.79457200168055, -143.58087482636316, 26.963858635381683, -156.2590262427053, -155.403302634379, -279.0235387185057, -238.7412973169188, -301.75359375858835, -50.187545779559386, -158.95343185099554, 71.39282442807269, -217.95460219027794, -224.71104296283676, -248.0862638424295, -337.3669554639159, -281.20859036908143, -341.10389911293265, -204.21733992522653, -282.0813037190121, -108.87612969411866, -38.716772265565396, -269.19660302560607, -152.2408662581351, -81.60530303396291, -231.65884711112528, -237.9141251338513, -249.15651411377397, -13.737319952057039, -131.32504244777064, -174.3861129894203, -285.41492679799524, -170.4192942818718, -182.08901947123317, -115.85143985305004, -79.36938310649641]",17.744254446069863,0.7137528038956467,1.006775436904511,8706.567,689.135,9.812,611487.373,37414.385,160.366,11.664,72000,72000,40.57692307692308,15.299999999999999,0.20000000298023224,4.999999873689376e-05,3808.298,-0.003664768,3808.3008,0.07258804,0.005893111,1.0010022,0.0
469.46866152744957,-1897.793932161255,-815.3256483135975,100.0,60,15,78000,False,780,13,212f51d07e9840f9afce8433e261ebfd,2020-07-14_16-08-24,1594742904,46.70345330238342,598.217161655426,62816,tango5,131.234.250.245,598.217161655426,0,13,d74d5_00000,0,-441.0002078755771,601.7284674044308,-135.88760805226624,"[-103.88567379343246, -1238.9822817945844, -408.24364671810133, -536.9600244249563, 267.75124297993443, -816.1240037927938, -634.3567756329599, -1123.7738746448222, -662.4112662274358, -898.2120888847655, -9.69023413341383, -1438.7359617632228, -925.1948814713569, -419.42132282775816, -147.07082483029376, -822.4820853839412, -903.2729521671081, -1072.3111001427487, -650.8692285649518, -581.5633356523889, -1237.5178369006792, -664.2108369962722, -1286.5315375634207, -944.9580255024644, -753.6416240877262, -1109.2906847081724, -1413.1182546769153, -235.6524135987781, -692.9880464326327, -1002.2905138545614, -1897.793932161255, -1604.2939168397704, -1074.1188091280626, -513.0318195558048, -661.6653251286787, -1236.9534567959117, -1622.7815057560997, -1070.7364578109973, -717.9113883450743, 469.46866152744957, -308.87838649241684, 116.64137719734889, -1167.181652478305, 397.7596799135108, -522.4602760554452, -1227.805071869907, -1329.3913480975648, -1154.88555381662, -1062.148458180826, -567.8159591288841, -948.8298036132112, -926.325302189842, -590.3987494126274, -1257.0380852452965, -998.1168575944687, -1788.158939155724, -124.94436686486256, -906.6233470436117, -960.4310995784024, -1050.2141438438282, -295.001898249463, -914.7760752218189, -628.5421832097023, -907.9277377225494, -1360.417512922913, -948.7740508373654, -1003.5071574364207, -1130.3962431562543, -440.89911114001745, -1440.3072275018399, -668.5795672107895, -1095.5616310597372, -1272.582884831426, -442.3183845963428, 25.213726700812828, -268.0803088340779, -1386.9582834211396, -762.3812711201438, -607.2161600241554, -951.4067138802565, -1172.9756908938791, -871.9734011405224, -745.851378191846, -751.3840204285315, -330.00745514115897, -640.9338774135322, 107.59907927547262, -590.594258114815, -719.5388936767405, -976.0828325860037, -999.2770995342943, -819.1784413414106, -1201.2178683372633, -647.5097224013149, -550.6437477381698, -1291.0535782623747, -1313.9244192900196, -931.7996498442502, -1013.242509719979, -799.4800031656005]","[100, 100, 100, 100, 100, 100, 100, 100, 100, 100, 100, 100, 100, 100, 100, 100, 100, 100, 100, 100, 100, 100, 100, 100, 100, 100, 100, 100, 100, 100, 100, 100, 100, 100, 100, 100, 100, 100, 100, 100, 100, 100, 100, 100, 100, 100, 100, 100, 100, 100, 100, 100, 100, 100, 100, 100, 100, 100, 100, 100, 100, 100, 100, 100, 100, 100, 100, 100, 100, 100, 100, 100, 100, 100, 100, 100, 100, 100, 100, 100, 100, 100, 100, 100, 100, 100, 100, 100, 100, 100, 100, 100, 100, 100, 100, 100, 100, 100, 100, 100]","[193.74521379013007, -117.01505974720385, -110.74767322990508, 80.81799285823004, -160.53513712772232, 9.848989663038617, -236.19525971391255, -176.60544483152762, -240.7654510607849, -267.41107519483563, -158.58699655785713, -159.4180544356668, -104.66047574494443, 73.2753478626963, -129.9839330150066, 58.28611809102501, -215.9946612743531, -89.16604263751924, -55.85822556000419, -142.73782612284973, -122.47058511530771, 83.10534530203137, -139.58541553596874, -159.4133173928571, -43.47688445363289, 81.08352560355515, -40.568194107424915, -68.33636520634083, 204.98606499020323, 134.06309615357495, -85.61471801567967, -210.44497920635928, -148.62844742310767, -223.27290361763409, -134.40237271778352, -13.76058281222943, -187.6881550147148, -37.93379194651644, -134.68531985844106, -63.468463551099404, -121.89706675802849, -88.68397850416092, -225.3605596057292, -193.9214945076316, -97.0716525819883, -176.01635984795678, -297.03794891159583, -134.36585918992205, -16.83566456263116, -108.55892538179245, -203.66032728915502, -141.73868424787747, -94.45154419253144, -97.16612055344832, -159.767427652758, -193.73631821882714, -266.6201285555818, -168.44379585525544, -95.53745025702214, -14.106968345320066, -51.82909492274301, -65.94319994788118, 263.01491183060915, -63.01036956802455, 7.888344524167302, -99.81082604954122, -214.27764179194943, -277.7976890739703, -331.81306829873597, -87.95541982203427, -241.49437260701893, -285.39777016951604, -200.70025120887922, -182.4932562687101, -202.88996377636306, -140.0726629807163, -245.44874645231658, 46.409999215627835, -46.409778058303715, -111.3404963178032, -68.97129789089277, 61.73201334391063, -173.71619344962244, -80.71557045504669, -33.37134211795734, 22.726702258375045, -165.34698800927725, 104.52401276233181, -64.95277448910107, -10.65043523466443, -148.9393923946779, -28.426228697674407, -199.97514195224025, -97.6089948521284, -162.58634972791324, -184.9459777593065, -69.30251206081638, -141.34091072026277, -94.7902704130167, -217.15163622558325, -150.2003617973484, -230.4872609500807, -133.40022822384023, -220.0425572544419, -99.86209249880527, -286.25309795947607, -269.38638676783876, -63.366737438348075, -248.28337414537464, -76.29430440442442, -44.80367323659936, -194.83709849251125, 30.02572576498171, -116.6765040510236, -100.2255799348645, -130.29331451836728, -17.846364900513365, -148.07777447277078, -129.13072762558983, -55.989574200283, -256.9798034657994, -187.25034130944022, -207.37244544337622, -206.62572270970924, -260.22490018862084, -119.06462378373307, -115.73865945879199, -89.42875158954193, -155.21629491587083, -125.23412667199652, -61.74192875543894, -116.85107560463074, -174.81493682373159, -175.9894960250672, -255.96514937961751, -204.84038077090733, -215.4784705182763, -259.4431040458211, -113.37925052114774, -224.9101905890617, -165.0335881512443, -66.52885129506754, -158.1425122769347, -216.96363266900852, -271.0024856469154, -88.44353574554992, -144.37835158488912, -186.3360089926865, 34.11532492988973, -97.59656704757407, -97.29527358586893, -176.13819148566827, -354.89836230389903, -191.87078404163987, -102.16104225833224, -186.927031032763, -196.91345700548504, -342.7376204494265, -250.32204465119588, -208.57967108143222, -216.03459331868402, -198.5308681706928, -126.45287795432516, -99.68887635301179, -179.80315764398938, 601.7284674044308, -213.3084690438133, -218.12750000807029, -163.9044376231838, -147.3910155268172, 4.415205958503278, -115.24609702042696, -126.31780543279979, -144.54389678790767, -262.8614889579283, -124.04433729617165, -112.93350064983262, -138.66695079993085, -140.22189194179086, -223.56234420890704, -390.7575835011385, -164.28493855405657, -289.06952469604767, -389.34503373655593, -298.17527152902124, -366.16158014444, -259.54896063195775, -281.83397213043446, -352.5805792339862, -193.40009745858174, -212.78529318893496, -304.1450141958759, -245.7628823188149, -164.9041429375455, -203.92542706736538, -185.75516363490027, -165.2389140208072, -108.53227914862876, -120.27416770421692, -78.67021818778598, -35.42542378663881, -83.80979428290398, -100.17956751961397, -94.67264807464518, -16.444616921634264, -130.39638996652224, -11.860419059126361, -208.98741420115994, -12.138424640053051, -281.8380603401828, -112.92223333943679, -308.97937499055314, -134.88211990723502, -255.53689926792867, -286.91760547312765, -137.71522381762932, -441.0002078755771, -425.8678281866851, -166.09302498317632, -263.0519275368225, -135.49501257516877, -191.2735045986687, -226.7475315171889, -153.83992129878888, -148.9582807065498, -260.0538331344352, -82.56609833440503, -198.57079281962828, -126.78973698056951, 19.926027198395005, -159.07528986451283, -193.874030717706, -249.59585631167454, -8.50250166900712, -23.80416512012771, 38.91676864008836, 254.47829683521383, -44.59095961302311, 282.4852278004589, -38.01650701516212, -131.12304647647684, -46.63403282457931, -124.2266335345032, 81.41372660117024, -2.8855374044044027, -85.42286285362307, -189.1893487545682, -54.14530015251967, -14.408048647954757, 228.45107559442516, 236.80349592607075, -90.87049676810413, -141.9378992741066, -277.92432468674986, -237.25336737895725, -185.88419450126517, -223.23140987400473, -100.95045676322114, 210.96793643916064, -32.04449178515517, 110.05162224076679, 12.541356907919404, 27.743003048622263, 68.5002530621971, -76.46196504609956, -27.285037909218424, -144.73718382663264, -150.28978557700208, -119.95325222071722, -3.7330514757757967, -129.18150996642095, -247.1726934977142, -231.92990095058428, -180.1302819374027, -273.583968455617, -165.8067170621689, -174.50145760825032, -172.83894591306574, -305.9615389361639, -293.4829740444022, -181.22568607979807, -201.38074551588335, -104.28965089666163, -243.17903334091216, -236.77352918175706, -316.59848591613144, -167.414007936024, -86.63084654513328, -369.6366643009788, -199.37330155387815, -283.3765658436138, -157.60644539025705, -263.3570815173258, 211.20160042522727, -201.62956676251864, -201.2733144294499, 355.7544228767045, -198.94032744135598, -211.21775806548146, -110.50941530678313, -126.84316565437885, -101.7748934692505, -283.55263988587376, -250.27020625851222, -164.11080917013328, -22.27808917506384, 4.515071078637032, -215.3118988506719, -205.4741879440024, -147.89509541099122, -177.98144793985603, -184.17774312295816, -192.11320675555854, -39.17589296789879, -18.834697290107716, -206.12684593188243, -29.81635706293556, -104.33174940424557, -245.99073929999682, -154.9922288692505, -137.74971730156992, -328.2100570767073, -146.6628864218011, -243.4324562759718, -177.66546710488626, -207.10854607047924, -157.40991856074072, -132.23734167887213, -164.85066924888915, -158.84491493060005, -347.80571985595964, -359.1989312659721, -248.3022352788086, -268.99257848763654, -269.6196688810595, -294.23980538628786, 76.2024956994681, -142.92521754917544, -74.16960767406862, 36.871495453702806, -150.25651538474017, 129.33298258995046, -158.1484747838054, -137.77773631352073, -105.69101275606828, -147.04611123487135, -189.9104057162208, -168.04960623912805, -199.84335145790428, -151.88440977080955, -254.0057035930283, -85.2087055220488, -212.2105125155912, -57.27841671902248, -194.6562826152425, -159.0307324655204, -8.634236965856864, -66.88416435448292, -276.3834168373387, -344.6253106053873, -65.97478707622281, -80.3922106037816, -80.05080423623437, -63.96606493641979, 66.76454347122895, -71.38257486803359, -130.73931074724084, -237.13867302087795, -149.46143069825126, -54.07955704664986, -156.69935931489366, -186.65774439390555, -228.23103145497393, -133.36344261741658, 72.43635867098784, -124.36838462059154, -70.1397369524669, -144.87594623524097, -73.27233880336942, -256.55028084234283, -210.9464787049578, -133.7786175159301, -242.0022126760932, 8.622190820145303, -404.0255695644499, -97.91103329791696, -389.32814751772594, -139.05033499960084, -184.11524397435738, -145.98718356886195, -238.60021756470954, -181.08718763117795, -237.6284869737503, -70.55209961448085, -216.40889772188459, -4.497161331360901, -115.61746027537916, -226.83704558463222, -165.67982212582507, -39.56882298336082, -330.156043195339, -125.64796327188284, -213.80610534287973, 11.953214962997157, -290.8122909912367, -131.5542179842419, -228.66309143439602, -277.5137523664966, -112.63575453481623, 218.03089296214463, -168.13444708580687, -129.27411192996917, -120.38975112434854, -128.49593942722163, -187.1463955971572, -318.84224602395227, -358.5099072269662, -92.32839935065796, -239.88022363679644, -243.60005566630824, -8.262444856406693, -180.91301663353303, -150.22399176551326, -66.26265142395401, -193.61016255537308, -69.30729997601023, -269.6559774399751, -138.0544327025347, -105.80092902060179, -172.5714969504707, -241.5641438487809, -167.91465109737499, -295.34315628449224, -116.80444011061678, -218.26462552963608, -174.6691211760274, -288.76863718863575, -178.73290454202174, -91.11622412031105, -51.41566448479188, -149.4272527238896, -81.22667342725727, 42.92892414887198, -112.06149398896524, -131.09107451537358, -140.59640145016317, 111.72689486621034, 104.98229465484947, 191.3114005033327, -111.11938735804236, -9.215056960856643, -38.049007763173954, -131.59530296954202, -154.69599306678248, 149.98573766578656, -84.51068573950931, -182.17084906323504, -145.70405060798075, -311.0870421852416, -164.62562485442604, -256.73286005598976, -326.6378566542664, -103.53480147182809, -123.26774668176301, -142.4075730632272, -203.013655140357, -78.56478219885796, -111.59271256411158, -61.400075352066935, -289.25307994570704, -250.0033114912559, 338.5342979116424, -168.65437147347862, -176.43961967329005, -155.355654230244, -126.28401652716882, -208.8092870705515, -102.3166916907833, -161.04162222667887, -197.59944213483078, -225.78324233877905, -172.55001078341166, -235.12578325948033, -136.87502943121308, -137.5515085344266, -265.09011654656825, -120.55967813635968, -177.03024095454964, -139.81679449343227, -177.00210961509475, -209.50755193734895, -48.0570260037362, -154.51652523798097, -163.59674006455714, -284.2640420597956, -60.63086338603597, -227.53452868139468, 144.691321237919, -59.91169967903426, -192.14369212109472, -203.86198315364038, -126.55624127267394, -110.27606681834585, -58.634337383742974, 27.964497099111796, -219.16250275229723, -113.1194745673976, 301.23536803494375, -189.31576391591247, -137.60957903960755, -340.8954510785864, -235.300698496726, -204.71206016848248, -146.3658500721693, 178.5705492573045, 107.76963314512693, -28.459339179194608, -6.456834867253137, -62.89465666606428, -63.41551799383458, -21.192200669312506, 290.01762865113176, -117.55648523871153, -65.38845544467677, 16.318545499946584, -113.22686461629826, -79.61437542959017, -231.1266228854855, -105.61778312692599, -22.36192967560435, -188.02500845801268, -37.41811695501307, -144.94173079410845, -221.17432466707606, -196.9359078881557, -163.52639692423557, -112.87136955333935, -231.94448567791562, -184.61202481616962, -86.19264772618878, -215.56137298562479, -192.07630111467952, -121.95134231602454, -142.25772280667627, -203.85749111785347, -123.5728691934364, -260.3759509293488, -40.50902167789115, -230.76328246541055, -138.1156691620193, -27.53037016358166, -121.88414694315881, -282.3595380083844, -319.3220653880325, -178.32658499997558, -85.68079969408593, -180.0734584723927, -155.45542177439256, 48.21553841380443, -209.82413142260395, -197.23869476029338, -117.8949680010427, -37.37461987378569, -133.39284675739333, -90.19696798085384, -87.86086313727549, -79.86569065794771, -107.19005425011102, -119.2719372301875, -66.25823448179374, -120.29924014453483, -272.7820564949879, -288.04475366055044, -43.30440127492152, -275.93642603337196, -290.68670065400835, -256.27943180195103, -147.0914717472593, -228.95949662089782, -213.2184297311216, -170.37004342459534, -298.00554596419187, -199.4741451003094, -145.7403535488191, -98.33061088770111, -240.75520434818702, -161.3944909345877, -86.10484502464637, -119.7083087854326, -92.46992004449, -217.10020751527927, -230.3611875160901, -145.80425328261478, -207.79863257607383, -196.24034002368603, -241.01943236086413, -60.449429059529805, -58.09378495890011, -139.61932664606383, -104.05769011655585]",17.905832016321746,0.7134400485024586,1.0052225391855334,8884.937,675.3,9.78,613523.751,37423.063,160.329,11.583,78000,78000,40.57692307692309,15.299999999999999,0.20000000298023224,4.999999873689376e-05,4319.046,-0.0032119693,4319.0474,0.087909274,0.005766642,0.9772504,0.0
469.46866152744957,-1897.793932161255,-876.255649877488,100.0,60,15,84000,False,840,14,212f51d07e9840f9afce8433e261ebfd,2020-07-14_16-09-11,1594742951,46.72314429283142,644.9403059482574,62816,tango5,131.234.250.245,644.9403059482574,0,14,d74d5_00000,0,-478.69275234725717,601.7284674044308,-146.04260831291467,"[-686.4320051214194, -119.54957328438466, 14.007156081137904, -973.1385470620866, -772.8405710398665, -332.68652991694256, -1223.914371840833, -1769.04861630488, -1154.7870049870087, -1091.582922721004, -1540.8688511609082, -1474.7016305378481, -983.7917902697429, -122.3455241853835, -1072.4693395453205, -1826.487242428251, -246.44135836671558, -635.6678890112598, -843.6911801784316, -1050.2781889025516, -1006.5550664950867, -4.9308118663553095, -691.5036005052787, 3.514967225067439, -1097.5736502716532, -438.7827181954638, -705.3639314565062, -1295.9001708758276, -1206.4925020225644, -821.7658898781879, -805.1089062091804, -1198.2523501818425, -819.671208828694, -631.9034491691511, -7.243178772778601, -1647.5922596574515, -1379.9587773292922, -1411.8208924100215, -1256.0698634871048, -1094.2821545112745, 278.482827976321, -1114.7491468779897, -1474.029746458675, -1132.069217853876, -532.9776631775366, -1643.842913468496, -187.52056102615916, 140.52039070928853, -989.9978072156185, -403.7835943049589, -473.3528277501516, -1443.2773460433605, -1279.942809707778, -1280.2272608585522, -638.8579486873108, -871.2305248131673, -836.0289592524601, -1184.7964702456147, -876.9519124067846, -609.6950327367679, -1237.5178369006792, -664.2108369962722, -1286.5315375634207, -944.9580255024644, -753.6416240877262, -1109.2906847081724, -1413.1182546769153, -235.6524135987781, -692.9880464326327, -1002.2905138545614, -1897.793932161255, -1604.2939168397704, -1074.1188091280626, -513.0318195558048, -661.6653251286787, -1236.9534567959117, -1622.7815057560997, -1070.7364578109973, -717.9113883450743, 469.46866152744957, -308.87838649241684, 116.64137719734889, -1167.181652478305, 397.7596799135108, -522.4602760554452, -1227.805071869907, -1329.3913480975648, -1154.88555381662, -1062.148458180826, -567.8159591288841, -948.8298036132112, -926.325302189842, -590.3987494126274, -1257.0380852452965, -998.1168575944687, -1788.158939155724, -124.94436686486256, -906.6233470436117, -960.4310995784024, -1050.2141438438282]","[100, 100, 100, 100, 100, 100, 100, 100, 100, 100, 100, 100, 100, 100, 100, 100, 100, 100, 100, 100, 100, 100, 100, 100, 100, 100, 100, 100, 100, 100, 100, 100, 100, 100, 100, 100, 100, 100, 100, 100, 100, 100, 100, 100, 100, 100, 100, 100, 100, 100, 100, 100, 100, 100, 100, 100, 100, 100, 100, 100, 100, 100, 100, 100, 100, 100, 100, 100, 100, 100, 100, 100, 100, 100, 100, 100, 100, 100, 100, 100, 100, 100, 100, 100, 100, 100, 100, 100, 100, 100, 100, 100, 100, 100, 100, 100, 100, 100, 100, 100]","[-142.18443816888626, -163.42064749861132, 280.4294222838087, -176.7982735651918, -230.93352195244054, -253.5245462200979, -79.71551641140991, -184.23856989919167, 19.204332380833474, -231.8060302105582, -74.6799419850349, 431.6861528409766, -158.20876640267232, -21.93517463700979, -19.496697727102422, -23.72767387235532, -13.345905031950942, 250.72137375222815, -171.26904745962617, -62.78716610386749, -184.52755640887563, -121.98761092449179, -218.77096429179122, -213.7962018734342, -80.88580779073573, -91.55373247892425, -114.2099359768138, -184.514832880886, -175.51618803297467, -126.16007387953213, -94.22731359343872, -132.44880277867836, 258.9151204612597, -62.06502904555732, -161.97968233729043, -140.88082262323726, -151.66244364609074, -172.60412419037988, -128.42002043835492, -305.8549377406221, -282.5451993366571, -182.8276464887286, -161.07185301922175, -478.69275234725717, -305.96641454794326, -263.1666428287252, -178.1804654474217, -381.97048811431097, -246.84439890540176, -170.08063660610745, -187.09379436599556, -159.83070249417705, -186.82968624716497, -204.1077863681624, -191.17836488587, -277.2889627115822, -164.23687227838872, -305.1406055585279, -145.67170657389252, -8.06641071273946, -247.68837401832354, -219.89644561739019, -254.92016348257118, -221.71060342404454, -387.85967748698846, -208.79358713158985, -210.5742054770897, -309.08681759350935, -291.20536706646567, -236.73046032092358, -434.7274286456597, 7.622648565799042, -95.77455636023872, -138.13257029415175, -128.12253764060702, -228.39199976590373, -143.36401773525745, -250.00610847358263, -62.3967522626484, -117.55608787771494, -28.910755673021775, -90.44940874489174, 154.42586058404467, 22.541619788848756, -176.8463938202503, -129.64743906371496, -198.78279453911102, -220.21240641038418, -196.05832019279237, -150.92198551906515, -371.8569808230903, -318.4470489931262, -363.5598476925889, -221.60829260568462, -247.55396351959584, -303.46110879416494, -44.38972007974294, 18.612402550880823, 81.17101813943245, -81.2914745188615, -128.1291117256655, -92.41447273275931, -59.0899554267302, -291.5677923900279, 4.596729885812504, -211.08810410741032, -154.96445486898506, 76.44568789608036, -200.23493018418887, -94.26013583620735, -194.3947040753487, -165.69020305573088, -37.722572804400215, -151.38863422255474, -191.69012764705442, -14.039180603153401, -191.06916838305636, -192.77698251086184, -218.86838979700053, -241.83433996142543, -178.54672895751148, -164.07175280834252, -29.098756672407468, -180.68883766826815, -235.08696455272428, -219.0620258358347, -156.20025263768602, -168.802966226515, 228.97793491564784, -195.30608016271105, -99.16213465664546, 385.562686901554, -85.77806081913658, -181.73246913713197, -128.58150625780416, -174.5362591300585, -30.858430775935357, -90.01687438521046, 53.264248477061436, -103.87357651673672, -41.27535190286812, 80.69485369938351, 54.94169138445123, -40.236897916223356, -185.1569552651954, -159.9940299058699, -135.22024795336003, -198.01076771201008, -218.40959386110188, -200.782055574116, -27.357528484490498, -71.56297039931252, -94.57396781163581, 20.049873308393057, -140.62087375066946, -124.71725105774848, -181.04390209494167, -21.49098109048406, -57.45983692176574, -131.34902147610498, -116.71113638718796, -197.30905348602047, -216.91661069415653, -230.86411016704636, -374.7391938687465, -171.94646255127589, -99.36458459425846, -202.06920900034555, -349.22550421989973, 7.867406028701504, -147.63511031990527, -203.10307603498939, -351.2528719053593, -163.14334557111238, -67.36835431192384, -200.71399637361455, -48.166009885383076, -224.04880796024702, -167.61807352616776, -113.85064782085146, -127.43341289809116, -168.89681951032972, -91.83712406574539, -115.461054897473, -133.32135528028152, -168.1591395572593, -151.95654268601854, -94.05253017782789, -222.9912726296018, -210.694331813687, -227.68288828324904, -290.8747845914581, -51.24640555165312, -100.93810412460807, -183.51031495357145, -103.58057176161209, -188.6592367774907, -191.7365756597597, -233.3666021542723, -170.09846667500383, -80.16689842245701, 47.26735285399038, -53.62504633647612, -141.91378843493266, 72.35591463576587, 11.724233289173839, 105.42580280570212, -58.72351207244484, -107.13337046116122, -30.89224696981454, -464.6357327353951, -159.18044244854326, -259.6844747709626, -324.92132848993094, -171.60293789174565, -267.56734332087444, -336.2792299318931, -165.22690287072095, -265.2534360757186, -174.76450169272226, -231.28475430515476, -207.14995245308305, -461.3679132047249, -129.2424620895905, -178.89081749800442, -185.82636645057877, -208.18896572160068, -248.30436744552378, -155.16870809732757, -208.61819366507143, -204.074854906862, -265.39355424101296, -84.89416032158688, -337.92039225524303, -112.24843040293855, -299.1037031200178, -93.44583483266986, -237.03108642799089, -88.91017903165235, -263.54292069600535, -78.44542283908038, 240.60944970432337, -250.59129516824666, 212.3602615664093, -128.82811085730566, 283.37794557022147, -166.16544711753008, -184.56222183438976, -201.4607009161113, -147.55562823949987, -298.17588987017564, -116.82925890028456, -336.0689346009256, -249.8678359911709, -279.1832454683463, -179.9658306722099, -203.1141562615689, -225.82974346445297, -272.15732847578886, -235.0988116513147, -103.98420301830888, -286.98498670804224, -143.91083626800034, -89.93305173242051, -63.78077686012055, -29.84049915090766, -226.2535374675104, -263.3886127228424, 4.823466336561232, 45.462296687283114, -386.56679288298864, -180.23603843773606, -162.7168342735775, -309.45362245763357, -332.9962385286566, -271.8733868879022, -15.87629043841288, -72.23691337440071, -34.62303967931337, 72.01667749153351, -67.24886030125113, -69.55213472431457, 83.21118137621912, -86.22749774450622, 92.6491784165301, 89.20067442001705, -66.35835565519848, 28.045209896226588, -184.31149782618783, -222.31548676198577, -40.42365949939756, -185.13477661054432, -186.713609673826, -171.0987768436768, -105.40038728947194, -157.48032437429882, 33.92230542720873, -36.09653625698656, -28.328802093198178, -110.39984971821214, -43.59412643304168, -63.76417334697044, -5.938795398495057, -127.04215476551497, -212.508412551522, -20.505165254606748, -257.6070055519256, -261.3210246402278, -246.84263796300334, -169.47455459033168, -318.0856760498007, -189.94644724807137, -200.84782817981676, -365.2718742722508, -297.06782885479834, -147.0709280958526, -212.86900130498896, -56.815349000068665, -187.23109405460104, -190.4937350529573, -155.0062811129877, -222.19552652708512, -305.5559356535214, -219.74468845740154, -143.8212825948306, 0.3129119768894526, -180.3252437962577, -49.99889738828249, -80.32695653606878, -184.69848034875986, -71.38470392388042, -138.38703475318923, -104.81115541684768, -109.91288490213259, -224.47140612486362, -222.26333969225382, -132.96922346322967, -191.59832490548254, -119.01562582035163, -144.59915742728862, -145.56912450831618, -102.27750312779189, -254.37491956780642, -150.20723327109252, -99.13823514169577, -169.747754000454, -243.22357734151248, -268.1047509230528, -103.5800318698869, -210.71982895050334, -175.1974944169231, -133.70319848595113, -302.05475619727974, 48.30339751375955, -58.25835107319594, 42.94574520845733, -90.87719693904599, -116.98496360383, -232.47232559274497, -154.0479407364073, -256.9798034657994, -187.25034130944022, -207.37244544337622, -206.62572270970924, -260.22490018862084, -119.06462378373307, -115.73865945879199, -89.42875158954193, -155.21629491587083, -125.23412667199652, -61.74192875543894, -116.85107560463074, -174.81493682373159, -175.9894960250672, -255.96514937961751, -204.84038077090733, -215.4784705182763, -259.4431040458211, -113.37925052114774, -224.9101905890617, -165.0335881512443, -66.52885129506754, -158.1425122769347, -216.96363266900852, -271.0024856469154, -88.44353574554992, -144.37835158488912, -186.3360089926865, 34.11532492988973, -97.59656704757407, -97.29527358586893, -176.13819148566827, -354.89836230389903, -191.87078404163987, -102.16104225833224, -186.927031032763, -196.91345700548504, -342.7376204494265, -250.32204465119588, -208.57967108143222, -216.03459331868402, -198.5308681706928, -126.45287795432516, -99.68887635301179, -179.80315764398938, 601.7284674044308, -213.3084690438133, -218.12750000807029, -163.9044376231838, -147.3910155268172, 4.415205958503278, -115.24609702042696, -126.31780543279979, -144.54389678790767, -262.8614889579283, -124.04433729617165, -112.93350064983262, -138.66695079993085, -140.22189194179086, -223.56234420890704, -390.7575835011385, -164.28493855405657, -289.06952469604767, -389.34503373655593, -298.17527152902124, -366.16158014444, -259.54896063195775, -281.83397213043446, -352.5805792339862, -193.40009745858174, -212.78529318893496, -304.1450141958759, -245.7628823188149, -164.9041429375455, -203.92542706736538, -185.75516363490027, -165.2389140208072, -108.53227914862876, -120.27416770421692, -78.67021818778598, -35.42542378663881, -83.80979428290398, -100.17956751961397, -94.67264807464518, -16.444616921634264, -130.39638996652224, -11.860419059126361, -208.98741420115994, -12.138424640053051, -281.8380603401828, -112.92223333943679, -308.97937499055314, -134.88211990723502, -255.53689926792867, -286.91760547312765, -137.71522381762932, -441.0002078755771, -425.8678281866851, -166.09302498317632, -263.0519275368225, -135.49501257516877, -191.2735045986687, -226.7475315171889, -153.83992129878888, -148.9582807065498, -260.0538331344352, -82.56609833440503, -198.57079281962828, -126.78973698056951, 19.926027198395005, -159.07528986451283, -193.874030717706, -249.59585631167454, -8.50250166900712, -23.80416512012771, 38.91676864008836, 254.47829683521383, -44.59095961302311, 282.4852278004589, -38.01650701516212, -131.12304647647684, -46.63403282457931, -124.2266335345032, 81.41372660117024, -2.8855374044044027, -85.42286285362307, -189.1893487545682, -54.14530015251967, -14.408048647954757, 228.45107559442516, 236.80349592607075, -90.87049676810413, -141.9378992741066, -277.92432468674986, -237.25336737895725, -185.88419450126517, -223.23140987400473, -100.95045676322114, 210.96793643916064, -32.04449178515517, 110.05162224076679, 12.541356907919404, 27.743003048622263, 68.5002530621971, -76.46196504609956, -27.285037909218424, -144.73718382663264, -150.28978557700208, -119.95325222071722, -3.7330514757757967, -129.18150996642095, -247.1726934977142, -231.92990095058428, -180.1302819374027, -273.583968455617, -165.8067170621689, -174.50145760825032, -172.83894591306574, -305.9615389361639, -293.4829740444022, -181.22568607979807, -201.38074551588335, -104.28965089666163, -243.17903334091216, -236.77352918175706, -316.59848591613144, -167.414007936024, -86.63084654513328, -369.6366643009788, -199.37330155387815, -283.3765658436138, -157.60644539025705, -263.3570815173258, 211.20160042522727, -201.62956676251864, -201.2733144294499, 355.7544228767045, -198.94032744135598, -211.21775806548146, -110.50941530678313, -126.84316565437885, -101.7748934692505, -283.55263988587376, -250.27020625851222, -164.11080917013328, -22.27808917506384, 4.515071078637032, -215.3118988506719, -205.4741879440024, -147.89509541099122, -177.98144793985603, -184.17774312295816, -192.11320675555854, -39.17589296789879, -18.834697290107716, -206.12684593188243, -29.81635706293556, -104.33174940424557, -245.99073929999682, -154.9922288692505, -137.74971730156992, -328.2100570767073, -146.6628864218011, -243.4324562759718, -177.66546710488626, -207.10854607047924, -157.40991856074072, -132.23734167887213, -164.85066924888915, -158.84491493060005, -347.80571985595964, -359.1989312659721, -248.3022352788086, -268.99257848763654, -269.6196688810595, -294.23980538628786, 76.2024956994681, -142.92521754917544, -74.16960767406862, 36.871495453702806, -150.25651538474017, 129.33298258995046, -158.1484747838054, -137.77773631352073, -105.69101275606828, -147.04611123487135, -189.9104057162208, -168.04960623912805, -199.84335145790428, -151.88440977080955, -254.0057035930283, -85.2087055220488, -212.2105125155912, -57.27841671902248, -194.6562826152425, -159.0307324655204, -8.634236965856864, -66.88416435448292, -276.3834168373387, -344.6253106053873]",18.06378386035948,0.7133147197072183,1.0039835256596656,9014.863,665.567,9.444,635346.583,37424.551,160.323,11.63,84000,84000,40.8015625,15.299999999999999,0.20000000298023224,4.999999873689376e-05,4518.4077,-0.004912701,4518.411,0.0766341,0.008129242,0.96114993,0.0
437.28999855621146,-1882.7309879454597,-834.5673032809212,100.0,60,15,90000,False,900,15,212f51d07e9840f9afce8433e261ebfd,2020-07-14_16-09-58,1594742998,46.731077909469604,691.671383857727,62816,tango5,131.234.250.245,691.671383857727,0,15,d74d5_00000,0,-464.6357327353951,727.3212562440758,-139.0945505468202,"[-983.3479529868476, -1361.736713003639, -1503.9840204233108, -1183.0775337718085, -543.1170057431129, -1310.8971945615372, -184.40429904633254, -1102.0490923493871, -690.1636828797965, -599.7426699884046, -745.9391599586437, -844.6683937381216, -1882.7309879454597, -640.042885294357, -237.8693540319706, 228.0310762884934, -705.9007456341701, -447.2002073321503, -1470.6201930343545, -196.11377818241073, -794.4827389224931, -518.77453910192, -1109.9921068599137, -925.5053690488124, -840.5425809263797, -855.2174347092352, -1063.9839527709835, -702.3354999661403, -527.5661060594458, -955.26208881099, -759.5209393839652, -1368.8880627101414, -1476.8095875616318, -697.0311982267616, -1094.55276595785, -127.80899562712077, -1210.9711784277358, -1028.0588479767837, -299.0922267990035, -233.36504916130707, -873.413257543784, -1031.9952380150032, -1599.1424650481454, -913.7691302775294, -915.9498963495569, -1184.93606917962, -1164.8911769507533, -804.2488815459963, -142.92235494161469, -1017.0110168373743, -1092.5889273159903, -1094.1245546618236, -1213.2009701448656, -1165.0845717109191, -166.54852133659847, -414.917769369015, 437.28999855621146, -715.8804776178871, -747.7446626978304, -568.7293833797888, -1006.5550664950867, -4.9308118663553095, -691.5036005052787, 3.514967225067439, -1097.5736502716532, -438.7827181954638, -705.3639314565062, -1295.9001708758276, -1206.4925020225644, -821.7658898781879, -805.1089062091804, -1198.2523501818425, -819.671208828694, -631.9034491691511, -7.243178772778601, -1647.5922596574515, -1379.9587773292922, -1411.8208924100215, -1256.0698634871048, -1094.2821545112745, 278.482827976321, -1114.7491468779897, -1474.029746458675, -1132.069217853876, -532.9776631775366, -1643.842913468496, -187.52056102615916, 140.52039070928853, -989.9978072156185, -403.7835943049589, -473.3528277501516, -1443.2773460433605, -1279.942809707778, -1280.2272608585522, -638.8579486873108, -871.2305248131673, -836.0289592524601, -1184.7964702456147, -876.9519124067846, -609.6950327367679]","[100, 100, 100, 100, 100, 100, 100, 100, 100, 100, 100, 100, 100, 100, 100, 100, 100, 100, 100, 100, 100, 100, 100, 100, 100, 100, 100, 100, 100, 100, 100, 100, 100, 100, 100, 100, 100, 100, 100, 100, 100, 100, 100, 100, 100, 100, 100, 100, 100, 100, 100, 100, 100, 100, 100, 100, 100, 100, 100, 100, 100, 100, 100, 100, 100, 100, 100, 100, 100, 100, 100, 100, 100, 100, 100, 100, 100, 100, 100, 100, 100, 100, 100, 100, 100, 100, 100, 100, 100, 100, 100, 100, 100, 100, 100, 100, 100, 100, 100, 100]","[-163.4537359836219, -69.27208605983124, -165.5086698908414, -170.16392038918923, -237.59765368736768, -177.35188697599602, -378.48093364774644, -191.99926628622674, -299.8053817818301, -109.33170365237969, -259.0090823532741, -123.11034528218154, -170.6654416039048, -251.74393656671154, -380.56474836841136, -275.65001354842184, -267.8212779547176, -157.53860238114436, -218.3560764578453, -303.80920992546294, -107.05705595633941, -168.46611721451993, -227.1460900136274, -158.24298420401234, 23.751978289596824, -74.3385334784762, -173.97911673750917, -99.63870375810566, -37.91520923201871, -180.99742082660026, -183.6296152256943, -156.41123864537968, -315.5990951114023, -135.4636384838368, -354.0914277422744, -165.70217935295094, 9.346879411299586, 4.731865382094949, 19.831561029907203, -109.78044216858004, -125.98829379171949, 17.45413109066512, -182.1013472264034, -167.3698628200278, -280.1776620330341, -161.16541500943, -181.18890779184284, -130.04589746864858, -168.03141599346284, -197.82484339424812, -166.34315746545082, 116.59868739263375, -128.23306995379264, -146.3298834654758, -266.22777243917835, 381.8588011012871, -142.5782979677253, -267.7216478696766, -180.98620744164242, -124.0875453714695, -121.29369526318851, -144.6434734943779, -86.54134543309982, -80.07788096297342, -93.71256753772008, -219.6701972672838, -36.94634791080618, -258.5663548444356, -105.97388141620009, -198.5745358446731, -160.15074222961778, -84.45653149238913, -289.0379811688897, -325.8313550147677, -296.6810998416823, -431.6295348860558, -452.7539657388191, -86.79705129524422, -62.98778814696181, -80.75287940411283, -144.47318492432123, -210.82060779924737, 0.21265022204885378, -141.22107524176178, -123.91205417666987, 1.2378274031370853, 74.94851361865499, -125.24742153006035, -56.490804346897576, -8.405415000135196, 68.97873971301495, -46.212088879857625, -228.3601445930721, -74.99886381235065, 727.3212562440758, -218.6978223833166, -172.39485015612698, -31.70335315366786, -116.98936689968087, -189.0444921972077, -66.6501690265959, -129.11851420089036, -169.33915470018994, -132.22835188239202, -69.28094938858284, 67.87903926271167, -138.83762835114118, -5.3931622725566735, -244.40648744160393, -343.8897663325956, -213.8952123133358, -229.03972295292937, -263.7959204231629, -175.59308357072675, 55.29666383507291, -108.17062631819982, 0.8840996736847826, 26.575700521392143, -37.26077542514997, -133.4388404692101, -202.16193447197386, -126.95870686619186, -173.73950889689323, -114.77919794335513, -46.09242603031125, -130.75096471376767, 136.5098126854774, -183.11547408105025, 10.476064701893282, -43.67096880421407, -267.2896238269273, -171.68434977709865, -255.07849780740952, -30.071467079372148, -123.58706170381159, -207.55396454163082, -238.3452567512678, -255.355858976424, -148.7714610286084, -193.22111287871277, -86.07400446346813, -116.5058518210232, -323.48547774825283, -57.44746110874748, -96.02130937483152, -195.48137942088917, -129.56621491233548, -207.45626511499975, -133.80183911186182, -78.21557299146164, -274.9414428985006, -170.1766793946073, -107.77017885284553, -142.5490489264296, 44.09258029409301, -203.87266493094518, -229.4565838615121, -151.76917172153773, -124.08893717026162, -198.81257736037008, -159.62574754380407, -200.23093511349862, -74.15958595984019, -143.37352349728462, -231.14629160919003, -145.02978387533878, -69.91304290369366, -38.71327212079386, -67.72946327128125, -69.4376967207044, -64.75437512061568, 3.5214079170758428, -218.06795091491637, -111.09802794900415, -65.32690915152735, -198.7611814312556, -92.58552117105546, -173.14725642695728, -226.52313529838645, -198.9180853318068, -289.99238405175913, -50.41994815597728, -5.720660415155864, -46.84933111531559, -125.14705850356194, -241.39155714219524, -190.10651986323973, -198.08330547901767, -299.88437808775166, -171.8395354452164, -335.5596318432738, -173.41469199164058, -196.65928068636958, -413.7517080915342, -192.54474066015104, -222.2772805491793, -207.025868888692, -244.55070868570755, -84.19527919399222, -8.490787727172082, -227.16059349935034, -140.1643184700553, -96.88331192940856, -140.13690740678362, -180.22188508741297, -123.74079609951747, -148.11431683484213, -277.49379693899846, -177.21734448285767, -187.7646265142196, -83.43486645834544, -52.233549980746744, 196.30251252816686, 103.03836159753371, -94.84429549997131, -196.63715781375788, -162.12866051690568, -243.24202620868556, -215.62172949970466, -110.74324495964645, -91.9448050006067, -387.2907122421872, -247.87934611844153, -42.58999303492973, -205.23441724341814, -125.05142224849884, -156.54760191934773, -250.7560674121484, 47.11520750589857, 74.75944252546888, -162.01931562440643, -81.89727325927414, -120.16290553681897, -56.88738240987179, -185.95035451706931, 164.52047504312182, -144.12697258181927, -247.96176904563245, -36.2971887060306, 216.450760646122, -207.83390263577064, -219.5582879151645, -91.97456654765173, 5.918495029882912, -159.33215349468895, -200.63284198039145, -233.09173803763517, -176.75840178230175, -196.78148219883803, -115.02349750942145, -223.36734851418322, -86.97276997262391, -304.3285326448636, -217.41517425847303, -325.09165019315003, -270.3861091686866, -217.4334422003061, -264.4875565826681, -36.35906308751994, 12.099738013873381, -138.12132771830065, -275.413774854725, -253.31756532172705, -222.65713730912907, -194.70756976752213, -78.90855509657142, -181.52340233872442, -146.75560477771205, -152.87938600014485, -161.175378368882, -108.69719907989268, -348.8860210916735, -70.53233921071867, -186.42170478109205, -309.0310428092887, -161.367762206952, -192.15009542941138, -267.2906332005593, -115.28522087656889, -230.7578854437905, -233.0671477956147, -126.34019420480757, -193.7944141970407, -181.1108959839031, -139.60612439062143, -53.4806130509605, -131.3510853033638, -104.90574862010784, 36.323405570435646, 50.06250481150186, -40.90802852236957, 6.313784020700089, -28.60767294176722, -166.10634788011535, -241.2378384417088, -198.30874036919977, -102.6064163938433, -233.49048438494688, -317.6910952782043, 76.32355803053035, -89.7867723486525, -101.83986389037979, -158.03430353740777, -355.42090151879484, -283.57379854895964, -103.93328747179544, -252.36340604261926, -152.9868663975654, -15.605538122894552, -274.7466931735616, -201.62122945564613, -196.80082146953652, -223.1859979449706, -162.63687912788134, -125.34465790277194, -171.93250439086535, -329.31299552029606, -200.78793525808084, -99.74388764909791, -70.627094513004, -119.17712242067155, -270.81802018511024, -290.12047581637205, -314.59797112666365, 63.717441700912275, 111.51327506735849, -113.55864775482705, 175.35941962613504, -188.99879326399764, -214.5812167121796, 132.07330299215099, -116.09066912463646, -143.98482587248878, -139.759377287806, -106.36046576882208, -40.795734307412445, 28.11356569679199, 189.08146330321472, -2.458572742080131, 225.15204532394378, 14.148068937174921, -16.746571962832967, -145.80707546827622, -140.4816523247052, -53.58073309579735, -156.27879316396238, -193.15497931495145, -26.577244250194582, -158.91893075764705, -23.45062401706383, -219.07660593070503, -163.8997891726673, -142.72409974479325, -39.67461307495468, -44.37279539867895, -159.0157891974369, 87.66405637249848, 50.682577269042994, -245.92815082363745, -257.7592816015769, -178.54672895751148, -164.07175280834252, -29.098756672407468, -180.68883766826815, -235.08696455272428, -219.0620258358347, -156.20025263768602, -168.802966226515, 228.97793491564784, -195.30608016271105, -99.16213465664546, 385.562686901554, -85.77806081913658, -181.73246913713197, -128.58150625780416, -174.5362591300585, -30.858430775935357, -90.01687438521046, 53.264248477061436, -103.87357651673672, -41.27535190286812, 80.69485369938351, 54.94169138445123, -40.236897916223356, -185.1569552651954, -159.9940299058699, -135.22024795336003, -198.01076771201008, -218.40959386110188, -200.782055574116, -27.357528484490498, -71.56297039931252, -94.57396781163581, 20.049873308393057, -140.62087375066946, -124.71725105774848, -181.04390209494167, -21.49098109048406, -57.45983692176574, -131.34902147610498, -116.71113638718796, -197.30905348602047, -216.91661069415653, -230.86411016704636, -374.7391938687465, -171.94646255127589, -99.36458459425846, -202.06920900034555, -349.22550421989973, 7.867406028701504, -147.63511031990527, -203.10307603498939, -351.2528719053593, -163.14334557111238, -67.36835431192384, -200.71399637361455, -48.166009885383076, -224.04880796024702, -167.61807352616776, -113.85064782085146, -127.43341289809116, -168.89681951032972, -91.83712406574539, -115.461054897473, -133.32135528028152, -168.1591395572593, -151.95654268601854, -94.05253017782789, -222.9912726296018, -210.694331813687, -227.68288828324904, -290.8747845914581, -51.24640555165312, -100.93810412460807, -183.51031495357145, -103.58057176161209, -188.6592367774907, -191.7365756597597, -233.3666021542723, -170.09846667500383, -80.16689842245701, 47.26735285399038, -53.62504633647612, -141.91378843493266, 72.35591463576587, 11.724233289173839, 105.42580280570212, -58.72351207244484, -107.13337046116122, -30.89224696981454, -464.6357327353951, -159.18044244854326, -259.6844747709626, -324.92132848993094, -171.60293789174565, -267.56734332087444, -336.2792299318931, -165.22690287072095, -265.2534360757186, -174.76450169272226, -231.28475430515476, -207.14995245308305, -461.3679132047249, -129.2424620895905, -178.89081749800442, -185.82636645057877, -208.18896572160068, -248.30436744552378, -155.16870809732757, -208.61819366507143, -204.074854906862, -265.39355424101296, -84.89416032158688, -337.92039225524303, -112.24843040293855, -299.1037031200178, -93.44583483266986, -237.03108642799089, -88.91017903165235, -263.54292069600535, -78.44542283908038, 240.60944970432337, -250.59129516824666, 212.3602615664093, -128.82811085730566, 283.37794557022147, -166.16544711753008, -184.56222183438976, -201.4607009161113, -147.55562823949987, -298.17588987017564, -116.82925890028456, -336.0689346009256, -249.8678359911709, -279.1832454683463, -179.9658306722099, -203.1141562615689, -225.82974346445297, -272.15732847578886, -235.0988116513147, -103.98420301830888, -286.98498670804224, -143.91083626800034, -89.93305173242051, -63.78077686012055, -29.84049915090766, -226.2535374675104, -263.3886127228424, 4.823466336561232, 45.462296687283114, -386.56679288298864, -180.23603843773606, -162.7168342735775, -309.45362245763357, -332.9962385286566, -271.8733868879022, -15.87629043841288, -72.23691337440071, -34.62303967931337, 72.01667749153351, -67.24886030125113, -69.55213472431457, 83.21118137621912, -86.22749774450622, 92.6491784165301, 89.20067442001705, -66.35835565519848, 28.045209896226588, -184.31149782618783, -222.31548676198577, -40.42365949939756, -185.13477661054432, -186.713609673826, -171.0987768436768, -105.40038728947194, -157.48032437429882, 33.92230542720873, -36.09653625698656, -28.328802093198178, -110.39984971821214, -43.59412643304168, -63.76417334697044, -5.938795398495057, -127.04215476551497, -212.508412551522, -20.505165254606748, -257.6070055519256, -261.3210246402278, -246.84263796300334, -169.47455459033168, -318.0856760498007, -189.94644724807137, -200.84782817981676, -365.2718742722508, -297.06782885479834, -147.0709280958526, -212.86900130498896, -56.815349000068665, -187.23109405460104, -190.4937350529573, -155.0062811129877, -222.19552652708512, -305.5559356535214, -219.74468845740154, -143.8212825948306, 0.3129119768894526, -180.3252437962577, -49.99889738828249, -80.32695653606878, -184.69848034875986, -71.38470392388042, -138.38703475318923, -104.81115541684768, -109.91288490213259, -224.47140612486362, -222.26333969225382, -132.96922346322967, -191.59832490548254, -119.01562582035163, -144.59915742728862, -145.56912450831618, -102.27750312779189, -254.37491956780642, -150.20723327109252, -99.13823514169577, -169.747754000454, -243.22357734151248, -268.1047509230528, -103.5800318698869, -210.71982895050334, -175.1974944169231, -133.70319848595113, -302.05475619727974, 48.30339751375955, -58.25835107319594, 42.94574520845733, -90.87719693904599, -116.98496360383, -232.47232559274497, -154.0479407364073]",18.198657227118183,0.7131132266290351,1.002988447903715,9115.473,658.221,9.463,634051.574,37424.965,160.321,11.568,90000,90000,40.66461538461538,15.299999999999999,0.20000000298023224,4.999999873689376e-05,4703.3843,-0.0048597474,4703.3877,0.06849349,0.0073254327,0.95006585,0.0
1055.4200693142438,-1599.1424650481454,-866.4873751164073,100.0,60,15,96000,False,960,16,212f51d07e9840f9afce8433e261ebfd,2020-07-14_16-10-45,1594743045,46.9720094203949,738.643393278122,62816,tango5,131.234.250.245,738.643393278122,0,16,d74d5_00000,0,-413.7517080915342,406.8893264063201,-144.41456251940122,"[-485.008463714523, -815.8085167291691, -249.95111383579828, -714.5806471026069, -186.50100270451495, -275.4326884074268, -616.9828658609055, -1280.2200764987458, -875.1960275767224, -969.8404738885051, -1228.72229756905, -583.228667651867, -1061.2801321807951, -1198.2057748237546, -1118.7855177107958, -1312.422713688872, -1264.7426245542401, -1113.3953822917333, -1042.784878017646, -1388.8004032659178, -1296.1703661327872, -1249.62492295763, 1055.4200693142438, -1506.0618205345593, -524.3165537618385, -1135.7216353194344, -616.2377328318405, -929.1969981983644, -358.1010431382523, -1338.6148919216118, -1145.0386134226887, -507.3078177121911, -289.9467392742477, -1128.6471236545729, -1266.614469758589, -1536.664567166768, -695.0399941152532, 885.580276026927, -1164.1741854811364, -1251.6055467437498, -894.2114499673231, -1032.8087821017352, -863.5408042647349, -1407.7374068282572, -1389.4401940539108, -1535.8300520942341, -1228.5503674639108, -735.4075604444186, -1058.0534558456998, -1179.2012094064917, -1474.0380101907776, -435.6048002800636, -1063.470262146705, -100.5522912390658, -1258.3857481733305, -1130.0071327995884, -628.8656315726212, -970.2937045121789, -1032.9781229612104, -470.214985060042, -794.4827389224931, -518.77453910192, -1109.9921068599137, -925.5053690488124, -840.5425809263797, -855.2174347092352, -1063.9839527709835, -702.3354999661403, -527.5661060594458, -955.26208881099, -759.5209393839652, -1368.8880627101414, -1476.8095875616318, -697.0311982267616, -1094.55276595785, -127.80899562712077, -1210.9711784277358, -1028.0588479767837, -299.0922267990035, -233.36504916130707, -873.413257543784, -1031.9952380150032, -1599.1424650481454, -913.7691302775294, -915.9498963495569, -1184.93606917962, -1164.8911769507533, -804.2488815459963, -142.92235494161469, -1017.0110168373743, -1092.5889273159903, -1094.1245546618236, -1213.2009701448656, -1165.0845717109191, -166.54852133659847, -414.917769369015, 437.28999855621146, -715.8804776178871, -747.7446626978304, -568.7293833797888]","[100, 100, 100, 100, 100, 100, 100, 100, 100, 100, 100, 100, 100, 100, 100, 100, 100, 100, 100, 100, 100, 100, 100, 100, 100, 100, 100, 100, 100, 100, 100, 100, 100, 100, 100, 100, 100, 100, 100, 100, 100, 100, 100, 100, 100, 100, 100, 100, 100, 100, 100, 100, 100, 100, 100, 100, 100, 100, 100, 100, 100, 100, 100, 100, 100, 100, 100, 100, 100, 100, 100, 100, 100, 100, 100, 100, 100, 100, 100, 100, 100, 100, 100, 100, 100, 100, 100, 100, 100, 100, 100, 100, 100, 100, 100, 100, 100, 100, 100, 100]","[-110.74740918914651, -126.07485678773526, -175.58335469780644, -57.703870546771796, 26.610493258346878, -41.50946575141028, -207.80311012660124, -18.211902493960256, -38.33100581511168, -179.4513954781425, -245.47976801795295, -126.5313347974009, -43.81280415523858, -17.41065055387653, -85.16116695786289, -8.605252873182987, 5.237515600247928, -100.19875489588503, -118.73387691721143, -242.69543262461917, -181.67088609655775, -153.95047003148187, 32.60750456657614, -50.13748599931319, -22.315840128558055, -63.47003111218184, -44.27727255354169, -93.19511121224288, -6.605354768467825, 43.36260707047683, 316.9436393468481, -11.538885876370664, 24.421565481979673, -243.89883703629022, -162.55212698764706, -198.80804333594662, -218.1618215998575, -85.08345925852801, 11.445250340859063, -166.85953614875513, -15.730151788387005, -142.59314740623608, -162.43330454320628, -250.79744736263103, -148.68326153753435, -320.9453389519093, -214.88169755101103, -182.47902655245156, -149.3716917353509, -56.986411514890136, -206.13813236722893, -161.69104590967714, -112.3202779751882, -188.68846807438757, -258.6892874135745, -274.867253648512, -18.960242367363477, -231.58227689096185, -176.38185421707755, -9.359559351016255, -39.218188267455105, -358.90970358595007, -201.77243520258455, -148.77709954646457, -166.25443396718842, -313.7904369994078, -155.78713748208628, -112.50384609067265, -116.61980524860998, -129.15269328350485, -210.05603366831312, 140.89084812131972, -179.64531084178722, -130.5496050682261, 61.84792074247358, -277.5886031352234, -277.23056690732733, -258.11396697070484, 0.8781810306481608, -290.7595971718302, -223.73910052001358, -204.04723889081467, -235.51700992395016, -245.02100934779185, -165.43285770076469, -210.0040500841719, -199.83401935668527, -178.41686771026698, -278.5093839544601, -86.58833890444845, -331.3178364595591, -175.56178900852854, -287.62247227060357, -176.95280044167185, -99.31628621779603, -241.65152929071343, -313.6535370934055, -309.46758468623335, -193.1969707727221, -118.47967361922505, -215.94656943900776, -113.99828894364632, -140.30079075806498, -215.18205037703348, -296.2528742625739, -186.3871581684486, -116.13976894403423, -159.13273978157673, -176.61077537512068, -251.5172879562213, -281.41357136350643, 48.632457426075284, -283.5640315136331, -98.31166923523965, -344.68900845510234, -373.0230613789786, -23.21158276742959, -243.06052120634956, -205.3924816082858, -199.42374784977213, -267.8448172425278, -246.03156038034288, -256.98531972981317, -113.71587460199059, -282.02870533583894, -129.5640888422745, -194.09331160445407, -231.62618448559564, -177.76645013307538, -214.4681464871084, -202.2456820020697, -229.42514824532395, 70.26026012393585, 227.32039558979966, 283.4909124815725, 131.92433018948844, 257.28484699717075, 85.13932393227655, -227.6705130824249, -202.41822674377127, -241.58348695875034, -311.37323268532907, -178.97292173187685, -344.0434393324072, -123.19194951594017, -227.9429152697012, -78.61636981213108, -119.85307166379737, -126.72283961843878, 152.0105921181697, -240.28997022083837, -203.8737071301902, -69.68620195179413, -285.70493266339275, -29.11749065855932, -307.0493326946604, -87.60117538591328, -222.64612130858197, -220.17876782677118, -77.79448984564726, 127.50738776272074, -135.5245662276472, -139.08606202678834, -202.0995937369195, -165.64682022523778, -95.38984335159735, -189.818237950741, -137.15644090707892, 172.66710783023103, -146.14330579434062, 91.90959648035181, -113.03773702381561, -204.6749983759196, -158.82170625475942, -248.41582823455667, -175.97206828438206, -217.48547322868785, -183.14696619588113, -277.26149977141705, -236.33305620668597, -281.2758633118505, -192.04461342982682, -210.98944629875447, -247.57505558175808, -52.91653966041258, -160.2370951400861, -68.5487891904814, -194.72224214376075, -1.3476904993224301, -161.00180093210713, 45.95150516993003, -127.63880011645031, -27.232390959863803, 14.721542639534796, -175.2264415314402, -38.00594861560623, 7.436535149177158, -71.64003595604994, -148.72960141894094, -272.1836822721588, -169.3012655689714, -191.7484820363951, -175.55236200719722, -171.13173035091086, -173.43600920443785, -316.66569764105014, -182.79106237529487, -276.264532622164, -305.1972677258023, -12.25990018983772, -130.11495904274537, -306.24871452629566, -239.00246821130742, -228.24172279269698, -318.66251933975025, -314.3941832539721, -89.36451328634172, -46.435077663839806, -63.55565017765778, -149.82470528026258, -152.89615465287915, -192.96389305427138, -94.178883522914, 35.31085107592069, 406.8893264063201, 319.42362212338065, 72.23228821669555, 145.9030717275248, -197.59794593315988, -125.09075111513712, -232.11688635999664, -155.51453257607923, -245.84932233812776, -208.00474715863717, -3.469564257243454, -257.004449136582, -310.88644778843866, -212.27785457292347, -286.3452286221757, -181.62200236638435, -124.55315588913923, -255.1193129529241, -10.095214608303753, -170.58203886048176, -210.29652743313923, -123.56520022333467, -212.58297679078157, -170.96848962725244, -203.27562630607227, -95.74612540278571, -115.4168762505977, -234.81868772424608, -49.56052604154574, -140.07402050820565, -284.00818811178, -176.82267827144273, -140.0710539261814, -73.00433740557901, -240.94957958119755, -190.79487697266327, -282.5951470100234, -251.42277608336838, -253.52964875190608, -188.44537842909898, -234.03089728399272, -237.45488071664153, -160.7465244469553, -177.87470561764655, -330.43692790569384, -248.8962580829794, -227.3283041129679, -280.2940399701928, -209.57371047802215, -156.3437596207106, -355.6431629740672, -306.6470749382742, -201.8763123409261, -151.93264831175415, -245.84107963540802, -216.12231725605213, -183.8353199080774, -228.94269001169292, -182.192558830888, -55.039849587144055, -170.88100133427287, -119.78737173014669, 37.76255750100138, -245.26933646296885, -184.6548656860997, -306.6612788390843, -88.16463600590096, -223.97753760742674, -129.28029482523317, -125.3148428819539, -226.0370762073024, -205.71229481730927, -68.78514748328665, -272.52106360357, -174.87887051146848, -231.26675678355429, -319.93614369630836, -307.91440712759254, -142.01885979266484, -201.97786774359722, -276.12981428457454, -226.06091754604228, 41.66060413591295, -81.34734605725588, -123.67935059947935, -186.45935293543786, -71.41212813989166, -14.367226683911055, -180.81761727989567, -114.94546293805958, -301.1948732748186, -133.72652493423243, -141.12608201721704, -191.65970170248124, -88.9945625805262, 9.611630742147188, 79.88684639648184, 63.91708846264587, -60.87310507326059, -104.10018918655413, -217.3060910595822, -105.64118866700439, -239.3162327994673, -238.45189547099, -242.95467410282419, -214.71566607346122, -232.02866473880863, -130.44389037243155, -128.93006926822122, -220.89000033684073, -215.48417245785654, -202.23033562542938, -49.984646164950085, -145.61452459681635, -106.30028853458857, -133.67010267882466, -136.0416722371255, -57.25439736031615, -49.12032286498665, -190.84191338395996, -184.2480553761176, -158.83228047792187, -117.300868481862, -269.9502639273311, -159.75254229253866, -167.22803692282127, -248.84668481955103, -218.39216651962104, -107.07491453360878, -131.68377787306952, -148.41283309233887, -105.45436301052032, 101.56067842902858, 91.47437173108504, -206.60158176382586, -202.7812573534706, -202.16193447197386, -126.95870686619186, -173.73950889689323, -114.77919794335513, -46.09242603031125, -130.75096471376767, 136.5098126854774, -183.11547408105025, 10.476064701893282, -43.67096880421407, -267.2896238269273, -171.68434977709865, -255.07849780740952, -30.071467079372148, -123.58706170381159, -207.55396454163082, -238.3452567512678, -255.355858976424, -148.7714610286084, -193.22111287871277, -86.07400446346813, -116.5058518210232, -323.48547774825283, -57.44746110874748, -96.02130937483152, -195.48137942088917, -129.56621491233548, -207.45626511499975, -133.80183911186182, -78.21557299146164, -274.9414428985006, -170.1766793946073, -107.77017885284553, -142.5490489264296, 44.09258029409301, -203.87266493094518, -229.4565838615121, -151.76917172153773, -124.08893717026162, -198.81257736037008, -159.62574754380407, -200.23093511349862, -74.15958595984019, -143.37352349728462, -231.14629160919003, -145.02978387533878, -69.91304290369366, -38.71327212079386, -67.72946327128125, -69.4376967207044, -64.75437512061568, 3.5214079170758428, -218.06795091491637, -111.09802794900415, -65.32690915152735, -198.7611814312556, -92.58552117105546, -173.14725642695728, -226.52313529838645, -198.9180853318068, -289.99238405175913, -50.41994815597728, -5.720660415155864, -46.84933111531559, -125.14705850356194, -241.39155714219524, -190.10651986323973, -198.08330547901767, -299.88437808775166, -171.8395354452164, -335.5596318432738, -173.41469199164058, -196.65928068636958, -413.7517080915342, -192.54474066015104, -222.2772805491793, -207.025868888692, -244.55070868570755, -84.19527919399222, -8.490787727172082, -227.16059349935034, -140.1643184700553, -96.88331192940856, -140.13690740678362, -180.22188508741297, -123.74079609951747, -148.11431683484213, -277.49379693899846, -177.21734448285767, -187.7646265142196, -83.43486645834544, -52.233549980746744, 196.30251252816686, 103.03836159753371, -94.84429549997131, -196.63715781375788, -162.12866051690568, -243.24202620868556, -215.62172949970466, -110.74324495964645, -91.9448050006067, -387.2907122421872, -247.87934611844153, -42.58999303492973, -205.23441724341814, -125.05142224849884, -156.54760191934773, -250.7560674121484, 47.11520750589857, 74.75944252546888, -162.01931562440643, -81.89727325927414, -120.16290553681897, -56.88738240987179, -185.95035451706931, 164.52047504312182, -144.12697258181927, -247.96176904563245, -36.2971887060306, 216.450760646122, -207.83390263577064, -219.5582879151645, -91.97456654765173, 5.918495029882912, -159.33215349468895, -200.63284198039145, -233.09173803763517, -176.75840178230175, -196.78148219883803, -115.02349750942145, -223.36734851418322, -86.97276997262391, -304.3285326448636, -217.41517425847303, -325.09165019315003, -270.3861091686866, -217.4334422003061, -264.4875565826681, -36.35906308751994, 12.099738013873381, -138.12132771830065, -275.413774854725, -253.31756532172705, -222.65713730912907, -194.70756976752213, -78.90855509657142, -181.52340233872442, -146.75560477771205, -152.87938600014485, -161.175378368882, -108.69719907989268, -348.8860210916735, -70.53233921071867, -186.42170478109205, -309.0310428092887, -161.367762206952, -192.15009542941138, -267.2906332005593, -115.28522087656889, -230.7578854437905, -233.0671477956147, -126.34019420480757, -193.7944141970407, -181.1108959839031, -139.60612439062143, -53.4806130509605, -131.3510853033638, -104.90574862010784, 36.323405570435646, 50.06250481150186, -40.90802852236957, 6.313784020700089, -28.60767294176722, -166.10634788011535, -241.2378384417088, -198.30874036919977, -102.6064163938433, -233.49048438494688, -317.6910952782043, 76.32355803053035, -89.7867723486525, -101.83986389037979, -158.03430353740777, -355.42090151879484, -283.57379854895964, -103.93328747179544, -252.36340604261926, -152.9868663975654, -15.605538122894552, -274.7466931735616, -201.62122945564613, -196.80082146953652, -223.1859979449706, -162.63687912788134, -125.34465790277194, -171.93250439086535, -329.31299552029606, -200.78793525808084, -99.74388764909791, -70.627094513004, -119.17712242067155, -270.81802018511024, -290.12047581637205, -314.59797112666365, 63.717441700912275, 111.51327506735849, -113.55864775482705, 175.35941962613504, -188.99879326399764, -214.5812167121796, 132.07330299215099, -116.09066912463646, -143.98482587248878, -139.759377287806, -106.36046576882208, -40.795734307412445, 28.11356569679199, 189.08146330321472, -2.458572742080131, 225.15204532394378, 14.148068937174921, -16.746571962832967, -145.80707546827622, -140.4816523247052, -53.58073309579735, -156.27879316396238, -193.15497931495145, -26.577244250194582, -158.91893075764705, -23.45062401706383, -219.07660593070503, -163.8997891726673, -142.72409974479325, -39.67461307495468, -44.37279539867895, -159.0157891974369, 87.66405637249848, 50.682577269042994, -245.92815082363745, -257.7592816015769]",18.31999135821492,0.713650935843111,1.0020361139396423,9179.093,653.659,9.563,627429.58,37421.563,160.335,11.666,96000,96000,40.73384615384616,15.299999999999999,0.20000000298023224,4.999999873689376e-05,4713.4756,-0.0035389436,4713.4775,0.07263837,0.00660791,0.9272867,0.0
1055.4200693142438,-1643.2329684435883,-888.9208859000953,100.0,60,15,102000,False,1020,17,212f51d07e9840f9afce8433e261ebfd,2020-07-14_16-11-32,1594743092,47.09155344963074,785.7349467277527,62816,tango5,131.234.250.245,785.7349467277527,0,17,d74d5_00000,0,-411.4774015243656,539.0705203247409,-148.15348098334923,"[-1055.3875824048503, -343.58089800685565, -618.5256729702845, -764.4082726752032, -446.04939600566615, 499.22858722500365, -1308.183286992973, -1144.130929647098, -1394.8374187876873, -185.31183692927317, -1356.9202541125794, -1600.95979962141, -954.2077380364498, -1468.2874984077962, -1338.892292096598, -976.0220485997094, -1408.5097019481434, -1215.1756982629915, -371.86782746611823, -1572.00933790242, -1299.01369745526, -1643.2329684435883, 62.72061187730446, -816.1174706478904, -1141.1597078240322, -380.9834609258629, -408.92741136423126, -1006.8973304643246, -1407.5618843821655, -335.9846406284153, -390.6251254526357, -1487.519459058531, -108.98924239046244, -850.9794462304294, -1257.1946770959328, 25.6410408996684, -117.634079263026, -1191.3038968661224, -898.1120530476205, -812.248470216514, -807.7092726776168, -1286.4985032338534, 60.03605172633177, -539.4967222599328, -1332.1170102434335, -1100.3709439883655, -1488.9053459346167, -1486.1586064365222, -854.606004585255, -1017.3811966916261, -655.6325971050259, -646.3384088556583, -731.4348988931372, -1228.554912501357, -848.8439738764562, -1079.999163328532, -1283.8558615785523, -962.7891138684661, -857.2677359037846, -366.72544895385613, -1296.1703661327872, -1249.62492295763, 1055.4200693142438, -1506.0618205345593, -524.3165537618385, -1135.7216353194344, -616.2377328318405, -929.1969981983644, -358.1010431382523, -1338.6148919216118, -1145.0386134226887, -507.3078177121911, -289.9467392742477, -1128.6471236545729, -1266.614469758589, -1536.664567166768, -695.0399941152532, 885.580276026927, -1164.1741854811364, -1251.6055467437498, -894.2114499673231, -1032.8087821017352, -863.5408042647349, -1407.7374068282572, -1389.4401940539108, -1535.8300520942341, -1228.5503674639108, -735.4075604444186, -1058.0534558456998, -1179.2012094064917, -1474.0380101907776, -435.6048002800636, -1063.470262146705, -100.5522912390658, -1258.3857481733305, -1130.0071327995884, -628.8656315726212, -970.2937045121789, -1032.9781229612104, -470.214985060042]","[100, 100, 100, 100, 100, 100, 100, 100, 100, 100, 100, 100, 100, 100, 100, 100, 100, 100, 100, 100, 100, 100, 100, 100, 100, 100, 100, 100, 100, 100, 100, 100, 100, 100, 100, 100, 100, 100, 100, 100, 100, 100, 100, 100, 100, 100, 100, 100, 100, 100, 100, 100, 100, 100, 100, 100, 100, 100, 100, 100, 100, 100, 100, 100, 100, 100, 100, 100, 100, 100, 100, 100, 100, 100, 100, 100, 100, 100, 100, 100, 100, 100, 100, 100, 100, 100, 100, 100, 100, 100, 100, 100, 100, 100, 100, 100, 100, 100, 100, 100]","[-187.95547293166987, -249.53032389320026, -43.831536841515636, -124.16226088115724, -288.3805691888093, -161.52741866849857, 23.002688496735882, -151.36347710858234, 42.15909438872754, -196.40226391309145, 34.82953802407262, -95.80647789471828, -134.8379270633367, -177.61900818197748, -132.48343063188784, -93.2819123990833, -73.2978721927813, -7.00552250121768, -105.67942107273758, -173.57568919576875, -101.14180736827488, -179.5966928600695, -115.04436289990757, -89.37029927844497, -178.9156931257091, -131.5130350156634, -109.39331698180364, 128.6517738524939, -72.83723466940431, -82.04189006557934, 90.30639354678546, -55.278890602021455, 141.40639434064173, -50.18280240546473, 211.77048838796964, 161.2070039570925, -394.45969178816074, -197.00501917756623, -145.5894828297902, -173.2124684913524, -188.94377686322417, -208.97284784288146, -231.5549975776864, -226.81804943648976, -217.84145575792613, -163.1612480529457, -113.65620923699312, -191.09896958505547, -233.41757029210527, -146.50512954642608, -215.01643452549422, -223.1739278811238, -273.4045456230137, -303.31981091952383, -37.34790088379133, -28.679286369607198, -86.25647435266615, 24.031830961469158, -36.12389191658113, -20.936114368096515, -119.76219197390206, -324.67629674452706, -222.6244959081027, -243.42951880187786, -181.13844126578965, -265.2893094183793, -55.42232834511179, -411.4231140817609, -214.20857850055825, -365.823217322182, -315.2004078768536, -238.88215349494527, -409.29004732282937, -152.89260647113323, -236.27374180509634, -106.45024265519612, -232.00520591731654, 182.70410613512146, -245.61460670729087, -257.2930491748347, -201.06559428849496, -186.67572624518354, -236.76188409243753, -340.87663789955604, -263.74957928446656, -245.63251689271996, -186.47315914119199, -195.71605334760028, -256.3994785990417, -190.92150483157852, -248.19656727743174, -222.92792067272217, -128.98359755850166, -175.36101377481262, -27.104216462653067, -173.4487328535877, -184.11324592591745, -254.3836491667006, -206.18747892558588, -235.96723476587414, -236.584187517787, -291.27390564627837, -254.32003357544514, -215.13597659081685, -217.7813105201509, -182.8958939791817, -231.0129652417646, -114.02951835563465, -70.57651874335282, -62.51087662396249, -95.36762286182399, -48.920544427013475, -71.37709977370758, -23.115165036257977, -191.52894211873422, -352.70292350494896, -247.1949784142342, -342.08872136111086, -257.5824915720239, -180.91128093136936, -332.30516220368355, -172.14754916215384, -166.76179051792252, -208.9077569879642, -179.59560720322511, -239.2958313803104, -300.6392962895408, -264.61025066105134, -205.35267011998454, -387.5107709345392, -269.1394591847283, -215.98052125374397, -205.3562016194121, -5.063158729541065, 539.0705203247409, 27.951275910609684, -239.0378744000276, -54.84394960906572, -51.41923900213364, -99.75021572789427, -175.15290262633644, -160.78359839418732, -153.32492460301614, -175.68659029432231, -181.51078374226853, -218.8858507818834, -219.88983187573243, -228.48775516921273, -144.44878008029485, -147.93670617464053, -165.03258228848318, -25.686033360685578, -177.91715224841732, -10.816350657521873, 20.465748379574677, -21.99709075032969, -67.65917506034116, -50.531496047154555, -29.702235499376613, -29.2800963787728, -119.65000384731461, -112.10440453127168, -138.3472055542747, -302.4395914113399, -147.76618991963568, -158.94999588824072, -151.1511772999583, -108.24317039087656, -291.26898936550657, -157.91166693889286, -191.31059199987283, -262.93107455870324, -214.3706209333682, -289.7689405858226, 75.87262564628634, -9.03526663453413, -80.75964398836669, 88.10210103453146, -110.79372594554398, -299.37073074078785, -138.84771057465133, 330.4303182505932, -55.18835102471797, -210.31782897099757, -122.6991876591473, -194.00236547371497, -201.50034743608614, -157.80902344653657, -339.19547745414053, -308.6453481844035, -228.97939043248044, -251.38987210488318, -29.062622430498628, 170.2903062770857, -90.12356047863707, -103.66539008132396, -101.33922176824875, 44.91124609116009, -122.57086894841122, -340.9779991848302, 186.69273452388938, -161.73240684275424, -154.49600054016145, -257.89490523816136, -219.23671506665093, -127.4271463061785, -276.34498679956687, -258.82302754527575, -189.03947528202679, -186.3233260962331, -121.10860993587112, -138.81372044607605, 352.66867968086257, 151.18428839655772, -110.3433286061267, -107.94626818967875, -30.26599765734563, -24.834660534638886, 21.106059355348155, -23.35274307014028, -79.33414419959801, 19.04740684334898, -37.90164330985087, -31.831925299854113, -294.5776426326217, -313.02783737694705, -198.595687435341, -315.36916081150554, -147.5953169288295, -108.63920161642574, -115.48521670447833, -215.04806083520475, -97.28294180496935, -214.06131515771432, -33.66121074310963, -191.4505707700667, -202.91126058218754, -64.372431691626, -92.94181597462423, -226.91118045489912, -195.64622048254782, -50.43229355225872, -76.00669754659195, -211.90257123896012, -93.53827951563794, -180.1832103416206, -209.9568130808615, -314.85306352432485, -136.58952646578823, -175.98896814648367, -201.87084002723319, -247.23929198916358, 7.334140670355372, -155.66250131435797, 62.43328605727783, 14.60064786505513, 27.680678372029195, 103.64980007597208, -89.7326902873259, -142.10849905617445, -126.43574771933484, -64.85903230895495, -90.29862105671701, -26.062131831425432, -216.10664337381277, -238.60491840256375, -252.99488853741803, -269.0801443876019, -285.3700802229386, -69.9603353190971, -256.73136556973793, -93.77082890478466, -214.20075148831606, -34.46133647455414, -212.79258958378603, -288.4140719671867, -411.4774015243656, -62.042114312050586, -364.9531311239109, -115.12899153296954, -147.28359522911515, -388.0201122122064, -239.39552787883187, -364.8398603408414, -136.46990206674113, -253.5593362062376, -265.7193465696627, -226.17463337420705, -342.76382863084297, -104.91251743405896, -184.44151547036222, -67.26215271694876, -152.6143043644459, -2.6116859685959257, 15.812682560627238, -174.335557540374, -366.24160621043603, -218.24153369620663, -36.44124231726551, -237.9339394879712, -214.0928645662869, 98.25429927060954, -91.30654561316648, -76.93129633214916, -144.5624568773844, -226.99373298664784, -15.438727291594812, -247.1204136788576, -36.175934056868755, -224.99811985048223, -164.4950009488454, 41.88978697099131, -149.6926912314282, -148.12414350733613, -143.68725198587055, -205.59248100641668, -51.72344865629654, -32.61488250578822, -200.4578074277726, -146.9039846440701, -127.77807962211872, -247.20875344070174, -242.5099667529301, -263.6963206137645, -160.88798053922673, -65.62398212358055, -86.15584214497984, -176.3624679409273, -210.60199655469592, -149.2117045730465, -169.03420720453704, -170.00019833532295, -189.6750307922127, -115.5670046912483, -246.54150291940147, -189.18121938580873, -217.2232085454571, -268.3285307381879, -251.96264329619632, -115.49784142532417, -147.0603253247805, -283.78331224860653, -156.93907014800146, -231.14485358073705, -112.66430699316888, -44.93669053850768, -265.9061456591889, -151.1980469488615, -134.22471594953012, -124.03072093861122, -158.22703170952153, -134.6501276103797, -6.527470265025469, -299.60766943071627, 94.31567752332865, 49.52857472401759, 123.6733357095707, -156.11915674170518, -224.0612819220232, -254.0625982470446, -267.8448172425278, -246.03156038034288, -256.98531972981317, -113.71587460199059, -282.02870533583894, -129.5640888422745, -194.09331160445407, -231.62618448559564, -177.76645013307538, -214.4681464871084, -202.2456820020697, -229.42514824532395, 70.26026012393585, 227.32039558979966, 283.4909124815725, 131.92433018948844, 257.28484699717075, 85.13932393227655, -227.6705130824249, -202.41822674377127, -241.58348695875034, -311.37323268532907, -178.97292173187685, -344.0434393324072, -123.19194951594017, -227.9429152697012, -78.61636981213108, -119.85307166379737, -126.72283961843878, 152.0105921181697, -240.28997022083837, -203.8737071301902, -69.68620195179413, -285.70493266339275, -29.11749065855932, -307.0493326946604, -87.60117538591328, -222.64612130858197, -220.17876782677118, -77.79448984564726, 127.50738776272074, -135.5245662276472, -139.08606202678834, -202.0995937369195, -165.64682022523778, -95.38984335159735, -189.818237950741, -137.15644090707892, 172.66710783023103, -146.14330579434062, 91.90959648035181, -113.03773702381561, -204.6749983759196, -158.82170625475942, -248.41582823455667, -175.97206828438206, -217.48547322868785, -183.14696619588113, -277.26149977141705, -236.33305620668597, -281.2758633118505, -192.04461342982682, -210.98944629875447, -247.57505558175808, -52.91653966041258, -160.2370951400861, -68.5487891904814, -194.72224214376075, -1.3476904993224301, -161.00180093210713, 45.95150516993003, -127.63880011645031, -27.232390959863803, 14.721542639534796, -175.2264415314402, -38.00594861560623, 7.436535149177158, -71.64003595604994, -148.72960141894094, -272.1836822721588, -169.3012655689714, -191.7484820363951, -175.55236200719722, -171.13173035091086, -173.43600920443785, -316.66569764105014, -182.79106237529487, -276.264532622164, -305.1972677258023, -12.25990018983772, -130.11495904274537, -306.24871452629566, -239.00246821130742, -228.24172279269698, -318.66251933975025, -314.3941832539721, -89.36451328634172, -46.435077663839806, -63.55565017765778, -149.82470528026258, -152.89615465287915, -192.96389305427138, -94.178883522914, 35.31085107592069, 406.8893264063201, 319.42362212338065, 72.23228821669555, 145.9030717275248, -197.59794593315988, -125.09075111513712, -232.11688635999664, -155.51453257607923, -245.84932233812776, -208.00474715863717, -3.469564257243454, -257.004449136582, -310.88644778843866, -212.27785457292347, -286.3452286221757, -181.62200236638435, -124.55315588913923, -255.1193129529241, -10.095214608303753, -170.58203886048176, -210.29652743313923, -123.56520022333467, -212.58297679078157, -170.96848962725244, -203.27562630607227, -95.74612540278571, -115.4168762505977, -234.81868772424608, -49.56052604154574, -140.07402050820565, -284.00818811178, -176.82267827144273, -140.0710539261814, -73.00433740557901, -240.94957958119755, -190.79487697266327, -282.5951470100234, -251.42277608336838, -253.52964875190608, -188.44537842909898, -234.03089728399272, -237.45488071664153, -160.7465244469553, -177.87470561764655, -330.43692790569384, -248.8962580829794, -227.3283041129679, -280.2940399701928, -209.57371047802215, -156.3437596207106, -355.6431629740672, -306.6470749382742, -201.8763123409261, -151.93264831175415, -245.84107963540802, -216.12231725605213, -183.8353199080774, -228.94269001169292, -182.192558830888, -55.039849587144055, -170.88100133427287, -119.78737173014669, 37.76255750100138, -245.26933646296885, -184.6548656860997, -306.6612788390843, -88.16463600590096, -223.97753760742674, -129.28029482523317, -125.3148428819539, -226.0370762073024, -205.71229481730927, -68.78514748328665, -272.52106360357, -174.87887051146848, -231.26675678355429, -319.93614369630836, -307.91440712759254, -142.01885979266484, -201.97786774359722, -276.12981428457454, -226.06091754604228, 41.66060413591295, -81.34734605725588, -123.67935059947935, -186.45935293543786, -71.41212813989166, -14.367226683911055, -180.81761727989567, -114.94546293805958, -301.1948732748186, -133.72652493423243, -141.12608201721704, -191.65970170248124, -88.9945625805262, 9.611630742147188, 79.88684639648184, 63.91708846264587, -60.87310507326059, -104.10018918655413, -217.3060910595822, -105.64118866700439, -239.3162327994673, -238.45189547099, -242.95467410282419, -214.71566607346122, -232.02866473880863, -130.44389037243155, -128.93006926822122, -220.89000033684073, -215.48417245785654, -202.23033562542938, -49.984646164950085, -145.61452459681635, -106.30028853458857, -133.67010267882466, -136.0416722371255, -57.25439736031615, -49.12032286498665, -190.84191338395996, -184.2480553761176, -158.83228047792187, -117.300868481862, -269.9502639273311, -159.75254229253866, -167.22803692282127, -248.84668481955103, -218.39216651962104, -107.07491453360878, -131.68377787306952, -148.41283309233887, -105.45436301052032, 101.56067842902858, 91.47437173108504, -206.60158176382586, -202.7812573534706]",18.443544444730268,0.7138465160719853,1.0011109279032633,9254.734,648.317,9.655,621438.213,37419.534,160.344,11.548,102000,102000,40.7723076923077,15.299999999999999,0.20000000298023224,4.999999873689376e-05,4461.708,-0.0038037521,4461.711,0.08137393,0.0064454135,0.89052856,0.0
1160.1685895528772,-1708.4304235754728,-770.9784537108269,100.0,60,15,108000,False,1080,18,212f51d07e9840f9afce8433e261ebfd,2020-07-14_16-12-19,1594743139,46.76858615875244,832.5035328865051,62816,tango5,131.234.250.245,832.5035328865051,0,18,d74d5_00000,0,-411.4774015243656,976.5593326739439,-128.49640895180445,"[-962.2552851215873, -1116.700521057245, -803.9036587286, -358.1211183582464, -917.4506332928538, -43.14099029043467, -1387.971407734991, -1311.3475970698933, -1356.0951964500055, -1708.4304235754728, -501.5382401316997, -1364.414404158193, -694.8039397501105, 481.97642264447785, -908.7468177353762, -1085.8863191877288, -576.8311861763157, -677.8538211072807, -841.0458370646189, -862.657372314413, -472.9051685262635, -969.1901801104048, -841.7126357292921, -231.1844073351695, 99.4094999098553, -536.921045419191, 285.1666696814243, -459.7816109899585, -622.6100884669886, 145.7102202102025, -855.30368030586, -9.582431453157877, -862.0823401289576, -476.73970772434967, -151.70936544599965, -891.1097869783586, -1310.4821802489084, -639.1176456296413, -1177.0889279235432, -803.9856076265182, -1139.055047510621, -1202.9348177641111, -1094.5108854560315, -1190.6246892418696, -1117.969472362678, -1434.2837981165565, -715.2431874962377, -1050.1930802026748, -744.4458472076113, -665.2613607727603, -1079.1322487593357, 685.4716852534311, 230.80072910480965, -873.0943053308562, -656.5996856879635, -1030.4544459534332, 1160.1685895528772, -344.64736378234227, -1550.8936331534408, -1525.7307011238179, -1299.01369745526, -1643.2329684435883, 62.72061187730446, -816.1174706478904, -1141.1597078240322, -380.9834609258629, -408.92741136423126, -1006.8973304643246, -1407.5618843821655, -335.9846406284153, -390.6251254526357, -1487.519459058531, -108.98924239046244, -850.9794462304294, -1257.1946770959328, 25.6410408996684, -117.634079263026, -1191.3038968661224, -898.1120530476205, -812.248470216514, -807.7092726776168, -1286.4985032338534, 60.03605172633177, -539.4967222599328, -1332.1170102434335, -1100.3709439883655, -1488.9053459346167, -1486.1586064365222, -854.606004585255, -1017.3811966916261, -655.6325971050259, -646.3384088556583, -731.4348988931372, -1228.554912501357, -848.8439738764562, -1079.999163328532, -1283.8558615785523, -962.7891138684661, -857.2677359037846, -366.72544895385613]","[100, 100, 100, 100, 100, 100, 100, 100, 100, 100, 100, 100, 100, 100, 100, 100, 100, 100, 100, 100, 100, 100, 100, 100, 100, 100, 100, 100, 100, 100, 100, 100, 100, 100, 100, 100, 100, 100, 100, 100, 100, 100, 100, 100, 100, 100, 100, 100, 100, 100, 100, 100, 100, 100, 100, 100, 100, 100, 100, 100, 100, 100, 100, 100, 100, 100, 100, 100, 100, 100, 100, 100, 100, 100, 100, 100, 100, 100, 100, 100, 100, 100, 100, 100, 100, 100, 100, 100, 100, 100, 100, 100, 100, 100, 100, 100, 100, 100, 100, 100]","[-146.1305392588527, -214.84481278892298, -194.27076743626313, -171.73691928753638, -158.72030704936427, -76.55193930064912, -185.52872115407038, -207.48184706513922, -203.59602828172015, -45.51184810178376, -310.30814654687407, -164.27392990765634, 115.69249784872005, -198.5504913302938, -218.20400959941185, -146.82421190365295, -168.34483596688975, -187.6726077770721, -130.0735627842568, 63.557615729178245, -36.489520696038355, -21.953750817298243, -147.34231802410804, -85.81958176572364, -185.54898225654765, -271.1058099718975, -393.7401503919037, 291.8539960171348, -203.7876963146777, -155.12199037496117, -102.4556754432639, 8.492294899375352, 12.029870873323736, 92.22642280307547, 88.44050897109962, -141.87441239404552, -276.75885769270394, -151.1853764253851, -194.46612523283397, -304.07947133362427, -234.57885923226297, -226.90271781818026, -272.8458574728931, -276.3737404979941, -204.98025321160844, -161.92984943495543, -163.18835328994612, -232.02954316249583, -205.6805955305337, -235.85052947354185, -317.0799226370497, -179.35059785083322, -188.4690852719151, -229.66446568613253, -288.96876542241114, -270.839594928186, -355.7912688652509, -280.6572314900372, -181.27142620837202, -330.90213666121383, -148.1703269857851, -78.89713414663598, -36.62915353784892, -39.89201905242328, -6.238284706840549, -191.711321702167, -211.99900768994416, -242.37319167325242, -238.81833386995967, -263.2212730591756, -217.11348368700106, -190.8891141788611, -144.11805419011876, -107.59328117699953, -202.16345875593964, -129.0082839955908, -160.8896128891374, 48.968751257674974, -140.69264093244766, 185.7280027761268, -125.0704770978785, -111.60871414463217, 373.9788452659367, 299.64140677737214, -208.73432955113776, -112.78335892220578, -73.86460482291308, -135.04862060281928, -222.56480205907425, -155.75110177722635, -295.05941505473436, -165.35375657592039, -205.90160379504385, -97.98641893423802, -136.1074528060913, -185.47767202170124, -118.61143348805933, -158.02392865285972, -209.38975468899926, -225.7553584367547, 41.75178058828803, 93.19750850206776, -161.48009732098527, -170.97676340737252, -231.5948384392409, -193.41829527036256, -215.77225507628086, 295.388428406963, -131.00363870695514, -17.397666244357378, -121.60373304096416, -169.08040931428823, -124.84666384653617, -277.1137259115169, -150.78069992740257, -183.42938719381317, -137.41996710424326, -105.27949531295262, -161.1531315917626, -124.59469118423844, -53.091997327736024, -104.36237588152687, -166.04632914242976, 265.297652170756, -161.9391889895629, -252.76292935576376, -269.1557554860424, -180.3517841603291, -147.95707602976842, -101.24160803162479, -148.07104789817828, -122.41290850446231, -153.25756970590336, -207.49040193499658, -195.69398079942488, -99.3985809811888, -136.33982970901428, -49.532272598763925, -28.918417244649454, 13.281341904085053, -70.29211641432852, -117.11301377942004, 6.608140988825612, -34.750342789682534, -77.1936794018934, 106.7107606997718, 36.23268426379802, -20.065957257459356, 7.532689186990961, 46.19300241864722, -161.68100183179305, -258.5312249659669, 105.85025877823776, -207.00175891285915, 31.548195965930763, -47.105514452741055, -49.728160128669494, 127.70824842189792, -103.9162694905038, 70.49797627774635, -173.8230012027688, 414.427875803722, -35.82585316085657, -19.42734714231804, -94.68896686551007, -101.46350005636496, -136.38341966157034, -71.99252410333698, -25.848638555237766, -108.87240484753978, -182.95639798825735, 62.80968033966846, -200.80921974171198, -166.93310767391043, 35.13270415788235, -66.83672888473143, 20.064176815440437, 42.965620098143916, 59.21956254128259, 55.16488548218446, -129.24993228798036, -209.37294399075284, -124.32103021870154, -241.0099642297635, -129.20620449334726, -22.143605085312114, -76.49821762727595, -56.1865171800059, 59.905585651588915, -77.59576714501395, 52.01406786687118, 88.77841698067766, -343.847961681383, -58.17884727919119, -170.23895754952068, -137.73581029492036, -25.630341131677888, -126.45042219226421, 40.98740724106274, -62.62982568196706, -184.20855097480725, -108.06912038571943, 5.740973420753389, -168.56059134367183, -165.07642758010925, 177.15644071863153, -57.61193330983366, 119.9258354441615, -80.75861987271715, -145.34466084613248, -112.33813864409485, -308.9206655422921, -98.99823583482994, -167.465520216386, -47.48047039715029, -155.90675634360557, -289.7337181855293, -64.6996599718504, -220.84218589995083, -219.1598010109118, -242.25982016481757, -273.786995015846, -53.44674316465249, -86.81874774531083, -267.51059680623825, -112.50309502097994, -132.60711002654318, 13.768647134083201, -162.1913724571211, -221.1211462193033, -106.53072380149429, -220.6992909046438, -218.31098510549225, -248.23540943548903, -223.5653421660604, -64.40060274696692, -160.37847643662263, -111.81682385458298, -145.77643182679563, -98.0479305954885, -292.978367892328, -375.61286752121725, -222.69534442817942, -144.539191078682, -20.006393682690288, -83.22288290752223, -196.4452272966071, -161.40409480260482, -308.365593705519, -251.9300863092477, -99.05742523045133, -185.73239041968628, -155.0083798741973, -144.62769688284448, -179.70187645503376, -239.93005485143607, -223.29664836507203, -151.94622902744698, -129.66624280218605, -173.31231130825918, -225.10049703160905, -339.63331031880307, -159.45821954346968, -163.45410823754384, -269.2021995447156, -207.39202837549288, -200.4041653553287, -105.5014763668792, -51.141289711799466, -284.32831300846374, -330.6681343698083, -154.4643946953706, -215.8120697610391, -367.07404561215236, -222.60110763997253, -143.66404603821283, -142.2299325282992, -136.1449919320158, -124.47506487908284, -146.57765023892244, -94.30088837340173, -71.51465954451629, -227.51110636104087, -170.33935998818652, -146.18661417767146, -153.2022336618525, -185.8821335229383, -167.07163249098485, -155.36161364488646, -200.7356309318095, -86.34678923543788, -165.96339288732332, 32.102995120751515, -168.1414156289064, 31.028255862661517, -145.0727446301168, 63.189644891778826, -172.64250068682705, -201.07894246862955, -240.68507374162834, -205.0084656929366, -126.90594785229254, -191.7489680504356, -180.20322393597525, -204.41148526613523, -170.85415796156084, 84.20712820580778, 82.684925677016, 44.70763458718323, 24.134374636186976, 374.4120532460813, 75.32556890115704, -56.143636767309204, -140.97862355202554, 17.379255135096614, -5.149695023625314, -223.25162468574183, 638.9450539984149, -115.89655915282795, -105.82313243332543, -217.4429929745503, -157.73607769264203, -162.14250231648174, -114.05304076102837, -60.30474791789005, -112.10860151003905, -68.48746146961804, -162.95828201943186, -109.7971766000727, -142.94341617091166, -218.6175667406862, -182.0880611686411, -236.61356882355656, -109.26905391848501, -83.16463213931155, -200.70156316275222, 55.18102042911164, 134.84280739131, 976.5593326739439, -68.15771397646793, -31.21809019622586, 92.9612332312062, -132.9542442774194, 15.705481687727957, -37.059210102091754, 71.55607198775635, -106.79770534374117, -155.09775773457343, -333.3207518038038, -267.1981296884403, -191.07717912230743, -169.0120730810444, -268.8394139457181, -321.44608551212434, -189.95926028042177, -309.7256923318211, -174.4762616534002, -242.67640341674087, -295.6544816945913, -313.23860174684035, -332.30516220368355, -172.14754916215384, -166.76179051792252, -208.9077569879642, -179.59560720322511, -239.2958313803104, -300.6392962895408, -264.61025066105134, -205.35267011998454, -387.5107709345392, -269.1394591847283, -215.98052125374397, -205.3562016194121, -5.063158729541065, 539.0705203247409, 27.951275910609684, -239.0378744000276, -54.84394960906572, -51.41923900213364, -99.75021572789427, -175.15290262633644, -160.78359839418732, -153.32492460301614, -175.68659029432231, -181.51078374226853, -218.8858507818834, -219.88983187573243, -228.48775516921273, -144.44878008029485, -147.93670617464053, -165.03258228848318, -25.686033360685578, -177.91715224841732, -10.816350657521873, 20.465748379574677, -21.99709075032969, -67.65917506034116, -50.531496047154555, -29.702235499376613, -29.2800963787728, -119.65000384731461, -112.10440453127168, -138.3472055542747, -302.4395914113399, -147.76618991963568, -158.94999588824072, -151.1511772999583, -108.24317039087656, -291.26898936550657, -157.91166693889286, -191.31059199987283, -262.93107455870324, -214.3706209333682, -289.7689405858226, 75.87262564628634, -9.03526663453413, -80.75964398836669, 88.10210103453146, -110.79372594554398, -299.37073074078785, -138.84771057465133, 330.4303182505932, -55.18835102471797, -210.31782897099757, -122.6991876591473, -194.00236547371497, -201.50034743608614, -157.80902344653657, -339.19547745414053, -308.6453481844035, -228.97939043248044, -251.38987210488318, -29.062622430498628, 170.2903062770857, -90.12356047863707, -103.66539008132396, -101.33922176824875, 44.91124609116009, -122.57086894841122, -340.9779991848302, 186.69273452388938, -161.73240684275424, -154.49600054016145, -257.89490523816136, -219.23671506665093, -127.4271463061785, -276.34498679956687, -258.82302754527575, -189.03947528202679, -186.3233260962331, -121.10860993587112, -138.81372044607605, 352.66867968086257, 151.18428839655772, -110.3433286061267, -107.94626818967875, -30.26599765734563, -24.834660534638886, 21.106059355348155, -23.35274307014028, -79.33414419959801, 19.04740684334898, -37.90164330985087, -31.831925299854113, -294.5776426326217, -313.02783737694705, -198.595687435341, -315.36916081150554, -147.5953169288295, -108.63920161642574, -115.48521670447833, -215.04806083520475, -97.28294180496935, -214.06131515771432, -33.66121074310963, -191.4505707700667, -202.91126058218754, -64.372431691626, -92.94181597462423, -226.91118045489912, -195.64622048254782, -50.43229355225872, -76.00669754659195, -211.90257123896012, -93.53827951563794, -180.1832103416206, -209.9568130808615, -314.85306352432485, -136.58952646578823, -175.98896814648367, -201.87084002723319, -247.23929198916358, 7.334140670355372, -155.66250131435797, 62.43328605727783, 14.60064786505513, 27.680678372029195, 103.64980007597208, -89.7326902873259, -142.10849905617445, -126.43574771933484, -64.85903230895495, -90.29862105671701, -26.062131831425432, -216.10664337381277, -238.60491840256375, -252.99488853741803, -269.0801443876019, -285.3700802229386, -69.9603353190971, -256.73136556973793, -93.77082890478466, -214.20075148831606, -34.46133647455414, -212.79258958378603, -288.4140719671867, -411.4774015243656, -62.042114312050586, -364.9531311239109, -115.12899153296954, -147.28359522911515, -388.0201122122064, -239.39552787883187, -364.8398603408414, -136.46990206674113, -253.5593362062376, -265.7193465696627, -226.17463337420705, -342.76382863084297, -104.91251743405896, -184.44151547036222, -67.26215271694876, -152.6143043644459, -2.6116859685959257, 15.812682560627238, -174.335557540374, -366.24160621043603, -218.24153369620663, -36.44124231726551, -237.9339394879712, -214.0928645662869, 98.25429927060954, -91.30654561316648, -76.93129633214916, -144.5624568773844, -226.99373298664784, -15.438727291594812, -247.1204136788576, -36.175934056868755, -224.99811985048223, -164.4950009488454, 41.88978697099131, -149.6926912314282, -148.12414350733613, -143.68725198587055, -205.59248100641668, -51.72344865629654, -32.61488250578822, -200.4578074277726, -146.9039846440701, -127.77807962211872, -247.20875344070174, -242.5099667529301, -263.6963206137645, -160.88798053922673, -65.62398212358055, -86.15584214497984, -176.3624679409273, -210.60199655469592, -149.2117045730465, -169.03420720453704, -170.00019833532295, -189.6750307922127, -115.5670046912483, -246.54150291940147, -189.18121938580873, -217.2232085454571, -268.3285307381879, -251.96264329619632, -115.49784142532417, -147.0603253247805, -283.78331224860653, -156.93907014800146, -231.14485358073705, -112.66430699316888, -44.93669053850768, -265.9061456591889, -151.1980469488615, -134.22471594953012, -124.03072093861122, -158.22703170952153, -134.6501276103797, -6.527470265025469, -299.60766943071627, 94.31567752332865, 49.52857472401759, 123.6733357095707, -156.11915674170518, -224.0612819220232, -254.0625982470446]",18.53309902037339,0.7141715645991034,1.000021722521525,9282.164,646.401,9.931,604141.686,37423.75,160.326,11.626,108000,108000,40.66461538461538,15.299999999999999,0.20000000298023224,4.999999873689376e-05,5286.1704,-0.003930446,5286.173,0.09410376,0.0064533153,0.84780383,0.0
1160.1685895528772,-1736.5298550638993,-699.2775657295077,100.0,60,15,114000,False,1140,19,212f51d07e9840f9afce8433e261ebfd,2020-07-14_16-13-06,1594743186,46.96020984649658,879.4637427330017,62816,tango5,131.234.250.245,879.4637427330017,0,19,d74d5_00000,0,-467.8239880094871,976.5593326739439,-116.54626095491795,"[-214.16123840969422, 678.3852709905273, -961.6109538798013, -888.5885206563393, -219.79169920740878, -1625.2296686679872, -743.024576254574, 52.771536321682674, -234.9312579365881, -485.1030401109588, -1274.1914465686557, -936.1853596938787, -1160.654386069702, -1174.465344549146, -1240.5372563802982, -1155.4770522439007, -1481.8763568488114, -1195.3333564451832, 565.9595513753724, -93.6305391537097, -184.5756995176988, -819.8670755111102, -958.1601154266356, -1062.6033329750571, -23.63075459156157, -528.8760668788454, -1491.3376796920174, -1011.3699974865366, -1199.8685546733657, -1736.5298550638993, -301.3585282481883, -1616.9310840655778, 515.4896814212502, -1170.3580663358557, -589.8444556618193, -668.12515999261, -536.1828217866489, -1008.2494745006385, -904.8094231165526, -1497.7033990397208, 197.7518383496611, -624.7597658137704, -1208.3287099134088, -686.8939608251349, -509.4882876126362, -466.4882777105282, -25.4386991058356, -478.623342752758, -764.5841408363749, -919.808060503289, -1649.0029150371151, -371.8556782706014, -552.2582330554736, -639.3677138851641, -750.7047145918741, -467.2446965861502, -1256.5963627248138, -837.4319058987301, -640.8813028885521, -573.3300995037927, -472.9051685262635, -969.1901801104048, -841.7126357292921, -231.1844073351695, 99.4094999098553, -536.921045419191, 285.1666696814243, -459.7816109899585, -622.6100884669886, 145.7102202102025, -855.30368030586, -9.582431453157877, -862.0823401289576, -476.73970772434967, -151.70936544599965, -891.1097869783586, -1310.4821802489084, -639.1176456296413, -1177.0889279235432, -803.9856076265182, -1139.055047510621, -1202.9348177641111, -1094.5108854560315, -1190.6246892418696, -1117.969472362678, -1434.2837981165565, -715.2431874962377, -1050.1930802026748, -744.4458472076113, -665.2613607727603, -1079.1322487593357, 685.4716852534311, 230.80072910480965, -873.0943053308562, -656.5996856879635, -1030.4544459534332, 1160.1685895528772, -344.64736378234227, -1550.8936331534408, -1525.7307011238179]","[100, 100, 100, 100, 100, 100, 100, 100, 100, 100, 100, 100, 100, 100, 100, 100, 100, 100, 100, 100, 100, 100, 100, 100, 100, 100, 100, 100, 100, 100, 100, 100, 100, 100, 100, 100, 100, 100, 100, 100, 100, 100, 100, 100, 100, 100, 100, 100, 100, 100, 100, 100, 100, 100, 100, 100, 100, 100, 100, 100, 100, 100, 100, 100, 100, 100, 100, 100, 100, 100, 100, 100, 100, 100, 100, 100, 100, 100, 100, 100, 100, 100, 100, 100, 100, 100, 100, 100, 100, 100, 100, 100, 100, 100, 100, 100, 100, 100, 100, 100]","[-38.62090511910627, -86.21002047519501, -33.63677439296255, 20.18349875314401, -63.38009117466646, -12.49694600090722, 102.8352493317183, -59.760237645201904, -149.3055438629018, 824.817034920242, 90.42719235602823, -130.6284241093581, -149.48875883346756, -214.4139938366932, -145.45818746618374, -230.77594972924635, -114.05077596314752, -107.42328805106224, -77.22063112491003, -203.0702758815655, -25.223902255850195, -156.0357635332019, -248.16093866995377, -178.87700919085844, -109.01060403468415, -62.0922043790898, -83.12096150964389, -101.70293931468528, 298.6913801956076, -162.55637016491366, -238.48651890228803, -343.808796778882, -211.1637620683594, -268.96673001416445, -230.12117598396117, -332.6826849203323, -34.14367198177944, -138.2508846363366, -135.77905791491114, -132.26933052777628, -186.20083983293733, -116.38079136083272, 123.07402187730035, 2.7106959997159956, -23.960619462198075, -95.50713749351183, -73.34971688563041, 119.80429228600713, -32.04310473154215, -7.13444241574201, -79.62107138943732, -108.83186140024708, 12.09013239143438, -19.390910391053975, 9.117617458081812, -109.73896651498058, -22.413725473462392, -83.87032600938761, -83.566448922687, -194.63119064852287, -231.23626322191527, -208.74083320651846, -236.95443611280825, -204.94773406083553, -216.71639732137052, -175.59578264520695, -203.78403288147132, -264.1319078481561, 193.031145986674, -220.35423582083212, -132.01835506850057, -308.92797406159417, -179.65715276488808, -72.20887777624986, -323.4041591189051, -149.91720100005253, -256.1698265665431, -179.29716884306336, -244.98526158155937, -200.41732092730425, -240.41769345270174, 63.917251546295525, -290.7393891394852, -261.8229309943912, -219.31298410678593, -286.5033686042942, -225.64705980778382, -62.600653166127856, -201.08681001636356, -245.3863806789421, -139.98170269631495, -156.43114830175892, -127.74592492866685, -246.11211109453484, -209.32971219444627, -275.8764530281772, -214.44814442411297, -349.45851634371877, -220.6462859417473, -168.87298466718025, -215.61815527564994, -312.8322701964036, -221.92936844068856, -202.1739905523398, -211.86251873777215, -136.86385535875857, -202.2104018864129, -220.29322146921115, 177.96976532629023, 233.1755480054455, 205.58987430278842, -29.48450004059166, 109.65723609874988, -130.94837231731103, 73.97086335425743, -55.49698177629671, 49.69216174688471, 85.06711607243437, -35.87017040062218, -210.99352815036698, 49.00936516232907, -172.42060512955362, 321.8186616192738, -137.2906054172372, -116.42932718110772, -129.2631885714027, -112.64009571475192, -146.2669958084257, -51.942537112499764, -143.14388407495886, -195.53612142083242, -170.33744137964155, -154.43373469866881, -217.6900798252803, -181.5094185988126, -34.84262530344373, -189.99756646803507, -179.68669053239495, -156.08675383191206, -260.3771538706469, -283.1831622799522, -217.81206167334116, -62.89890557149575, -82.24529574770597, 67.52309494958814, -159.43093203633993, 55.12765801810414, 35.95134639286549, 50.980470305958036, -73.78239222173775, -99.71800772715889, -128.8728773784643, -16.947042599126732, -60.15257535963773, -33.919980872138815, -189.26558294231896, -234.3771736629864, -188.7820930783562, -296.8561390608752, -277.44261067970433, -252.2471704836722, -241.63249272642193, -146.84149502392742, 56.78817196299492, -257.37487240306706, -220.34791194460666, -179.91410001597959, -263.6797900619519, -157.00089159300757, -311.5263525221229, -135.1185811845203, -145.68935768653935, -222.73069327799845, -227.80267840917747, -308.0066089075923, -253.0695153926048, -277.5828380238938, -285.4180636755726, -325.09249724356545, -287.3603318206704, -130.56581398731865, -16.123729987542887, 31.09131031758951, -112.90800464430035, 13.031697535812562, -85.88398748242821, -414.76840960536305, -271.13799887901456, -254.87374779367846, -176.09919056355295, -199.32934923276963, -300.7223879911987, 125.10652847005092, 137.66914820386216, 12.66307518570361, 123.93595511898921, 48.97511755777298, 67.13985688487175, -228.8875537318037, -134.6091710345115, -120.02921854434196, -132.0998632970491, -240.43207229555085, -314.30018743259575, 3.1342421034484604, -186.94627783296784, -162.81156854514097, -150.75639134785237, 64.89203154909704, -157.3564915884036, -257.934021214092, -118.60381828450991, -197.35436907935002, -168.01923157460658, -78.36840177921715, 152.15468193916493, -103.73740516652937, -68.05296910262818, -152.9745421008302, -116.60492068621654, -12.578951643552287, -82.23403308689164, -172.82111012817074, -102.77879852828167, -214.0023337012681, -169.72117663312625, -135.54606340964872, -213.37999210014306, -323.37844834803155, -169.9183533975234, -33.143389297977336, -150.66395077860042, -63.857189873310524, -163.84809142110723, -234.04656597432557, -246.18515387655358, -96.4882905583727, -467.8239880094871, -206.7656459278821, -246.39375469310173, 304.22383935441616, 130.70226418382188, -36.57547370131139, -62.32061218524486, -58.01019270931802, -80.26798659270247, -168.44553385981277, -220.16151364852774, -294.0289554855135, 32.77301234831645, 10.012370682386232, 15.09085414938088, -194.99352822655044, -168.30973401641705, -173.8032610159296, -284.32058887101994, -133.90120928503902, -253.00038849845149, -182.69071374430823, -333.58554726079427, 32.815866935927126, -25.36421708605561, -72.79026691909557, -105.27908275080857, -67.07442254623656, -120.29995497764911, -57.57395198689667, -147.00675759391203, -22.102198662058314, -95.43100184588424, -68.33887877499345, -233.26225765377862, -76.96753453152375, 182.2805423319734, 10.663559001908325, -280.86370808411397, -113.7660788571269, 236.71943326217448, 64.6767841742819, -82.43340938169851, -54.55483322682936, -76.08059507663688, 75.55340078368019, -107.91174877083414, -220.48500147534017, -142.79309806545277, -112.86532727592501, 29.878432051113336, -113.99158264023146, -117.43925798237163, -27.728962473715605, -137.07432425434635, -166.58182521663926, -201.76818826907106, -329.12318985293484, -45.18625574434676, -354.6149533171029, 7.796094044641846, 107.55897448073333, -306.2387301142809, -189.5925494458736, -183.4489486446688, -408.4886647266862, -288.4033314541217, -181.29592694889163, -397.77349381687617, -191.2438243097962, 1.3889592890236155, -29.350352867063584, -66.04919889295104, -43.34362627884097, -43.25763521097304, -87.6957544244813, -141.4287182542023, -168.91090073588052, 5.912370183682255, -153.06839685554488, -7.066832969047324, -124.22629510633003, -215.59877017749585, -224.6797176489754, -128.9924683473783, 226.70359128207102, -172.57405388705536, -173.75171739928913, 93.3243396003983, -154.74349830742415, -166.27549197975748, -184.71186361459442, -164.546482891207, -110.04012242436711, -13.850359974977401, 66.27012121958266, -46.193527879013914, -184.06347914955458, -179.36732837781986, -217.7132169351631, -200.28589893561346, -333.1883026921911, -164.92764320597848, -108.41258182520598, -232.06871913066104, -61.8811789854314, -179.61231995137254, -94.32192450371726, -133.6136002412842, -162.0385891199516, -205.96429309697297, -16.946530724792346, -214.12284383841518, -98.96183399820214, -74.94264287571713, -100.10548461628022, -135.80196683514492, -178.2603899780366, -19.903096012881146, -75.41689406576407, 19.73451102193677, -132.9175668023102, -186.56666366673696, -53.091997327736024, -104.36237588152687, -166.04632914242976, 265.297652170756, -161.9391889895629, -252.76292935576376, -269.1557554860424, -180.3517841603291, -147.95707602976842, -101.24160803162479, -148.07104789817828, -122.41290850446231, -153.25756970590336, -207.49040193499658, -195.69398079942488, -99.3985809811888, -136.33982970901428, -49.532272598763925, -28.918417244649454, 13.281341904085053, -70.29211641432852, -117.11301377942004, 6.608140988825612, -34.750342789682534, -77.1936794018934, 106.7107606997718, 36.23268426379802, -20.065957257459356, 7.532689186990961, 46.19300241864722, -161.68100183179305, -258.5312249659669, 105.85025877823776, -207.00175891285915, 31.548195965930763, -47.105514452741055, -49.728160128669494, 127.70824842189792, -103.9162694905038, 70.49797627774635, -173.8230012027688, 414.427875803722, -35.82585316085657, -19.42734714231804, -94.68896686551007, -101.46350005636496, -136.38341966157034, -71.99252410333698, -25.848638555237766, -108.87240484753978, -182.95639798825735, 62.80968033966846, -200.80921974171198, -166.93310767391043, 35.13270415788235, -66.83672888473143, 20.064176815440437, 42.965620098143916, 59.21956254128259, 55.16488548218446, -129.24993228798036, -209.37294399075284, -124.32103021870154, -241.0099642297635, -129.20620449334726, -22.143605085312114, -76.49821762727595, -56.1865171800059, 59.905585651588915, -77.59576714501395, 52.01406786687118, 88.77841698067766, -343.847961681383, -58.17884727919119, -170.23895754952068, -137.73581029492036, -25.630341131677888, -126.45042219226421, 40.98740724106274, -62.62982568196706, -184.20855097480725, -108.06912038571943, 5.740973420753389, -168.56059134367183, -165.07642758010925, 177.15644071863153, -57.61193330983366, 119.9258354441615, -80.75861987271715, -145.34466084613248, -112.33813864409485, -308.9206655422921, -98.99823583482994, -167.465520216386, -47.48047039715029, -155.90675634360557, -289.7337181855293, -64.6996599718504, -220.84218589995083, -219.1598010109118, -242.25982016481757, -273.786995015846, -53.44674316465249, -86.81874774531083, -267.51059680623825, -112.50309502097994, -132.60711002654318, 13.768647134083201, -162.1913724571211, -221.1211462193033, -106.53072380149429, -220.6992909046438, -218.31098510549225, -248.23540943548903, -223.5653421660604, -64.40060274696692, -160.37847643662263, -111.81682385458298, -145.77643182679563, -98.0479305954885, -292.978367892328, -375.61286752121725, -222.69534442817942, -144.539191078682, -20.006393682690288, -83.22288290752223, -196.4452272966071, -161.40409480260482, -308.365593705519, -251.9300863092477, -99.05742523045133, -185.73239041968628, -155.0083798741973, -144.62769688284448, -179.70187645503376, -239.93005485143607, -223.29664836507203, -151.94622902744698, -129.66624280218605, -173.31231130825918, -225.10049703160905, -339.63331031880307, -159.45821954346968, -163.45410823754384, -269.2021995447156, -207.39202837549288, -200.4041653553287, -105.5014763668792, -51.141289711799466, -284.32831300846374, -330.6681343698083, -154.4643946953706, -215.8120697610391, -367.07404561215236, -222.60110763997253, -143.66404603821283, -142.2299325282992, -136.1449919320158, -124.47506487908284, -146.57765023892244, -94.30088837340173, -71.51465954451629, -227.51110636104087, -170.33935998818652, -146.18661417767146, -153.2022336618525, -185.8821335229383, -167.07163249098485, -155.36161364488646, -200.7356309318095, -86.34678923543788, -165.96339288732332, 32.102995120751515, -168.1414156289064, 31.028255862661517, -145.0727446301168, 63.189644891778826, -172.64250068682705, -201.07894246862955, -240.68507374162834, -205.0084656929366, -126.90594785229254, -191.7489680504356, -180.20322393597525, -204.41148526613523, -170.85415796156084, 84.20712820580778, 82.684925677016, 44.70763458718323, 24.134374636186976, 374.4120532460813, 75.32556890115704, -56.143636767309204, -140.97862355202554, 17.379255135096614, -5.149695023625314, -223.25162468574183, 638.9450539984149, -115.89655915282795, -105.82313243332543, -217.4429929745503, -157.73607769264203, -162.14250231648174, -114.05304076102837, -60.30474791789005, -112.10860151003905, -68.48746146961804, -162.95828201943186, -109.7971766000727, -142.94341617091166, -218.6175667406862, -182.0880611686411, -236.61356882355656, -109.26905391848501, -83.16463213931155, -200.70156316275222, 55.18102042911164, 134.84280739131, 976.5593326739439, -68.15771397646793, -31.21809019622586, 92.9612332312062, -132.9542442774194, 15.705481687727957, -37.059210102091754, 71.55607198775635, -106.79770534374117, -155.09775773457343, -333.3207518038038, -267.1981296884403, -191.07717912230743, -169.0120730810444, -268.8394139457181, -321.44608551212434, -189.95926028042177, -309.7256923318211, -174.4762616534002, -242.67640341674087, -295.6544816945913, -313.23860174684035]",18.60824094078093,0.7142909365033678,0.9988620189304572,9318.365,643.89,10.23,586520.241,37436.81,160.27,11.797,114000,114000,40.501538461538466,15.299999999999999,0.20000000298023224,4.999999873689376e-05,4665.8926,-0.003504658,4665.895,0.09625945,0.0059410958,0.8139897,0.0
721.4106383400621,-1736.5298550638993,-692.897853390345,100.0,60,15,120000,False,1200,20,212f51d07e9840f9afce8433e261ebfd,2020-07-14_16-13-53,1594743233,47.00609517097473,926.4698379039764,62816,tango5,131.234.250.245,926.4698379039764,0,20,d74d5_00000,0,-467.8239880094871,610.3586615629216,-115.4829755650575,"[-1475.7215774632023, -1129.2347052940863, -1053.3727506443638, -818.3305551610024, -820.8186893172907, 413.2889281388761, -839.1474466530457, -749.5005999372346, -1080.1716009109095, -577.4428062141187, 88.00499288734801, -675.450917140515, -188.29818255923144, -1142.2920700698828, -1090.6585829085275, 314.0135046943698, -1275.041301366082, -1632.3385446633422, -789.7581669243247, -582.9141158866368, -389.02730416846646, -858.555427742728, -1337.5329520951307, -814.6835763297303, 32.21951467912665, -997.9944826135343, 721.4106383400621, -1715.9470995293325, -398.16349623422013, -1418.3226249928246, -833.8127289532451, -711.7031869019029, -428.4292550482042, -1084.2310683244505, -1443.5149435643377, 56.893119962153065, -776.6043118228198, -610.8748331139781, -1422.5879447206737, -314.0045187159879, -1327.168443462089, 5.860539017247223, 327.27136963629124, -206.2848302973991, -729.3389580777908, -1092.2028993674191, -895.6920070405142, -574.3291941597969, 333.0425180822265, -535.1066037343905, -343.35965029805385, -1124.327853192725, 9.350591343190263, -455.326008213495, -45.091459171698794, -1445.3839798865001, -384.66019719078366, 576.2589246026839, -683.683546283766, -828.7350897468643, -184.5756995176988, -819.8670755111102, -958.1601154266356, -1062.6033329750571, -23.63075459156157, -528.8760668788454, -1491.3376796920174, -1011.3699974865366, -1199.8685546733657, -1736.5298550638993, -301.3585282481883, -1616.9310840655778, 515.4896814212502, -1170.3580663358557, -589.8444556618193, -668.12515999261, -536.1828217866489, -1008.2494745006385, -904.8094231165526, -1497.7033990397208, 197.7518383496611, -624.7597658137704, -1208.3287099134088, -686.8939608251349, -509.4882876126362, -466.4882777105282, -25.4386991058356, -478.623342752758, -764.5841408363749, -919.808060503289, -1649.0029150371151, -371.8556782706014, -552.2582330554736, -639.3677138851641, -750.7047145918741, -467.2446965861502, -1256.5963627248138, -837.4319058987301, -640.8813028885521, -573.3300995037927]","[100, 100, 100, 100, 100, 100, 100, 100, 100, 100, 100, 100, 100, 100, 100, 100, 100, 100, 100, 100, 100, 100, 100, 100, 100, 100, 100, 100, 100, 100, 100, 100, 100, 100, 100, 100, 100, 100, 100, 100, 100, 100, 100, 100, 100, 100, 100, 100, 100, 100, 100, 100, 100, 100, 100, 100, 100, 100, 100, 100, 100, 100, 100, 100, 100, 100, 100, 100, 100, 100, 100, 100, 100, 100, 100, 100, 100, 100, 100, 100, 100, 100, 100, 100, 100, 100, 100, 100, 100, 100, 100, 100, 100, 100, 100, 100, 100, 100, 100, 100]","[-243.7308848282754, -337.6571775391474, -240.23693210032937, -197.44869490759538, -277.9608896694591, -178.6869984183939, -378.35954676293807, -160.3134788126697, -12.744427328485497, -246.24684668144928, -106.6306937762668, -224.93971193227827, -90.8339353301831, -115.37541351794368, -182.83361031508898, -122.96697550833461, -247.16236945822575, -294.200446514588, -169.07932109770954, -114.22394685397174, -119.97121778444964, -84.22552116534591, -167.36913190086392, -163.46141635866118, -137.66323848078585, -79.25882396007067, -91.43069689861424, -91.12094036525471, -116.68957635728373, -304.6554132552813, 126.22148899937679, 87.11384099216386, 113.58691524487233, -19.746887089508707, 3.9344007375389536, 102.17916925443265, 5.501630513707759, -252.29641029392255, -197.93917113375463, -225.95399347299988, -254.9736431737287, 86.5141409076517, -20.797362013415835, -184.73331269860924, -155.05385163188498, -128.22313738019147, -123.69062727177966, -137.00230894135362, -249.10570879926178, -117.7498119760685, -183.6139038030425, -145.40162036714585, -198.15932494684264, -186.14123101854852, -140.14941261160607, -185.06716703176423, 48.1600210695653, -53.655490900239364, -79.26436240795896, -167.4663943321145, -58.52735651016407, 8.448565257125889, 2.510329236816884, 71.08726102177539, 138.50705638323333, -74.02086250143964, -189.26516725943594, -77.07590049589045, -63.17278414204482, -58.79652222842029, -161.79828873090068, -125.34225428382285, -144.25631774163048, 63.93896487881892, 58.42368992419734, -33.50708759783376, -9.767504098885553, -123.12992792389767, -241.55769480601558, -117.4561739185645, -80.96194338560254, -175.22528305852495, -338.03505670242043, -189.0559181987543, -171.98517394130624, -156.71589657194193, -185.7030357715356, -213.36435254550273, -215.8027310165822, -147.08739306165774, 202.63944988361737, 92.33233020277686, -10.804310154973706, -14.888579640416937, 33.83121558453925, 10.903398818827304, -241.01960283876178, -212.04199650171358, -189.86762555822725, -171.5572817959786, -207.65173839554114, -252.90305627586255, -227.35179599300992, -208.37601395094686, -364.18740875265655, -220.0604574523021, -374.42174674841095, -237.94112176601584, -33.024995100747375, -193.41242173177022, -202.51991861158263, -188.11269596076747, -182.00472629150283, 9.31659077204685, -109.98269190989572, -147.81316468175942, -109.18541785347244, -59.63775237345767, -113.09135857610778, -43.203730491943965, 31.708621913177957, 59.228153874646125, -194.5870127045127, -62.67273160986946, -20.289733159033347, -202.414602482875, -36.93496997612779, -64.12176468939029, -188.1605296367815, -91.47087957582954, -183.82388076584166, -294.04340309875704, -222.28607123241756, -166.89425959470836, -153.44231521239263, -318.54207663339565, -280.33292775158117, -196.03530167063496, -133.18598879856887, -360.7493627519482, -100.3927813357693, 46.103548429863864, -217.29798497304805, -49.16100690025996, 53.013756990071855, 29.074108468773538, -41.70065882818862, 15.74346131577147, -11.121125478497289, -12.790027788804338, -193.24414467243594, -147.76553639561342, -148.53777663571537, -142.79477119934236, -184.525308762211, -181.12694494821727, 223.8705293379902, 129.37521602879139, 27.725957845536957, 34.162630376034315, 51.94113792278178, 254.33516682892932, -332.8485747519349, -220.01996037543236, -271.5102537384475, -233.06223710833828, -432.187201628853, -226.31887192632786, -131.54161619959015, -45.90481851402387, 272.8376339910953, -107.59835666629239, -208.38502470244282, -177.57131414296546, -230.88817963154983, -268.98589633130854, -215.78731183738992, -329.7678767192202, -214.53346378107636, -158.35989669228104, -175.84302011250128, -172.13322363770672, -229.76987697332098, 25.51031217686225, -259.65660350909155, -21.920316897487822, 215.72792007912145, -149.39069713972052, -193.69484242646016, -162.00894143347045, -150.01458832288247, -272.32203765849005, -221.20581829494165, -64.62295103560051, -64.5185764921279, 104.40372917876064, -33.95660132974547, -148.52903707454928, -189.90343981512908, -147.70565884202824, -173.85325989314035, -253.234788236656, -223.161992461255, -96.3719290762412, -160.7984983350158, -295.41753849059864, -295.88602938489663, -119.52672288725904, -333.0747709180594, -238.8113835485055, -69.27815192961337, 5.144034129465632, 141.06476566172242, -97.22908495269871, 133.66463862011685, -56.473081566839326, -137.97913876903866, -201.1251479768803, -196.55377511506524, -205.69770147289105, 145.3526381772081, -180.6011866661542, -132.14377484576383, -120.64401616512991, -148.4260221396891, -126.66793574060401, 52.128903000799696, -135.1219872235917, -188.92752726715827, -234.1314679528417, -185.5793656534177, -304.45003956333625, -270.6376326045849, -238.86191167933578, -21.778408141837005, 55.59673115264803, -113.35547439027597, -40.46931678522771, -143.13884920224277, -50.85920134905222, -71.27196665674398, -268.9500325078724, -314.73749653346664, -262.5055130731509, -131.25552691422524, -278.44790777663167, -9.546596276532002, -3.8041568807073514, 36.317697248920936, 16.220466215570685, -67.79571799277848, 34.46884670277373, -46.33540940251322, 77.8908315690667, 82.71365722556394, 42.4667359698842, 72.4413718956354, 98.09418237865609, -110.1822280346074, 14.00446594715218, -60.89128319681409, 8.83684701475714, -10.523990542904876, -47.528641484981925, 70.91213977326278, -164.31352684770056, -131.69474155276725, -216.4564187690939, -165.2558858254265, -122.53052485606347, -234.1264787193206, -253.74183898250268, -226.13144365418876, -107.9585541935698, -146.42863586673414, -123.8159479511034, -312.96900264063703, -91.55208891421742, -30.224781933229448, -171.90170364470444, -131.0364193569293, -158.00801055079575, 208.2547908459836, 28.80960466430029, -379.45584854443354, -225.45419316434894, -23.805897117698695, -182.67765084359968, 185.56736560733825, -73.90932154134124, 5.2383707713561884, 70.22080046690093, 33.96331204378323, 111.96199073418884, -144.77381955890453, 4.161816007405635, -135.57005807034542, -107.00391935658904, -85.037078338057, -66.88354441790078, -88.06679576056199, -48.58198887324512, -159.31497112209624, -13.648945876869254, 2.534213604545024, -36.28116226982648, -176.70146457605657, -316.0844624442103, -146.11616381516038, -116.30799008399833, -115.8932631835874, -253.2245090897117, -22.21794281335472, -8.48197611286186, -100.60604225485291, 1.7831147109316987, 59.479856144950546, 79.3935816683773, -238.83675512720876, -99.06134264867146, -104.7080975761168, 58.91402135688308, -94.99957718715257, 23.365742968771617, -62.33948063528074, -89.53788663520575, 610.3586615629216, -168.09027131145848, -205.40059952048114, -130.08188263219517, -45.40935336750086, -454.58078630660987, -221.0898079222125, -206.8693515839082, -287.0188167582356, -230.41586394803332, -119.49581796189277, 235.20707195205347, -101.33372704756978, -156.1119602788019, -88.09520563071182, -154.83055822386044, 124.74228735224975, 56.531365318328575, 130.7356144583882, 291.0485266077601, 24.63694981196431, -51.435818946006655, -170.0214028837322, -7.185899204961695, -190.67189485547033, -111.51202476025387, -125.04527470367384, -79.24704987567424, -197.51841021450863, -7.798424227265247, -288.8379027010729, -127.88167821970329, -44.595585804898285, -162.10308857941533, 49.00936516232907, -172.42060512955362, 321.8186616192738, -137.2906054172372, -116.42932718110772, -129.2631885714027, -112.64009571475192, -146.2669958084257, -51.942537112499764, -143.14388407495886, -195.53612142083242, -170.33744137964155, -154.43373469866881, -217.6900798252803, -181.5094185988126, -34.84262530344373, -189.99756646803507, -179.68669053239495, -156.08675383191206, -260.3771538706469, -283.1831622799522, -217.81206167334116, -62.89890557149575, -82.24529574770597, 67.52309494958814, -159.43093203633993, 55.12765801810414, 35.95134639286549, 50.980470305958036, -73.78239222173775, -99.71800772715889, -128.8728773784643, -16.947042599126732, -60.15257535963773, -33.919980872138815, -189.26558294231896, -234.3771736629864, -188.7820930783562, -296.8561390608752, -277.44261067970433, -252.2471704836722, -241.63249272642193, -146.84149502392742, 56.78817196299492, -257.37487240306706, -220.34791194460666, -179.91410001597959, -263.6797900619519, -157.00089159300757, -311.5263525221229, -135.1185811845203, -145.68935768653935, -222.73069327799845, -227.80267840917747, -308.0066089075923, -253.0695153926048, -277.5828380238938, -285.4180636755726, -325.09249724356545, -287.3603318206704, -130.56581398731865, -16.123729987542887, 31.09131031758951, -112.90800464430035, 13.031697535812562, -85.88398748242821, -414.76840960536305, -271.13799887901456, -254.87374779367846, -176.09919056355295, -199.32934923276963, -300.7223879911987, 125.10652847005092, 137.66914820386216, 12.66307518570361, 123.93595511898921, 48.97511755777298, 67.13985688487175, -228.8875537318037, -134.6091710345115, -120.02921854434196, -132.0998632970491, -240.43207229555085, -314.30018743259575, 3.1342421034484604, -186.94627783296784, -162.81156854514097, -150.75639134785237, 64.89203154909704, -157.3564915884036, -257.934021214092, -118.60381828450991, -197.35436907935002, -168.01923157460658, -78.36840177921715, 152.15468193916493, -103.73740516652937, -68.05296910262818, -152.9745421008302, -116.60492068621654, -12.578951643552287, -82.23403308689164, -172.82111012817074, -102.77879852828167, -214.0023337012681, -169.72117663312625, -135.54606340964872, -213.37999210014306, -323.37844834803155, -169.9183533975234, -33.143389297977336, -150.66395077860042, -63.857189873310524, -163.84809142110723, -234.04656597432557, -246.18515387655358, -96.4882905583727, -467.8239880094871, -206.7656459278821, -246.39375469310173, 304.22383935441616, 130.70226418382188, -36.57547370131139, -62.32061218524486, -58.01019270931802, -80.26798659270247, -168.44553385981277, -220.16151364852774, -294.0289554855135, 32.77301234831645, 10.012370682386232, 15.09085414938088, -194.99352822655044, -168.30973401641705, -173.8032610159296, -284.32058887101994, -133.90120928503902, -253.00038849845149, -182.69071374430823, -333.58554726079427, 32.815866935927126, -25.36421708605561, -72.79026691909557, -105.27908275080857, -67.07442254623656, -120.29995497764911, -57.57395198689667, -147.00675759391203, -22.102198662058314, -95.43100184588424, -68.33887877499345, -233.26225765377862, -76.96753453152375, 182.2805423319734, 10.663559001908325, -280.86370808411397, -113.7660788571269, 236.71943326217448, 64.6767841742819, -82.43340938169851, -54.55483322682936, -76.08059507663688, 75.55340078368019, -107.91174877083414, -220.48500147534017, -142.79309806545277, -112.86532727592501, 29.878432051113336, -113.99158264023146, -117.43925798237163, -27.728962473715605, -137.07432425434635, -166.58182521663926, -201.76818826907106, -329.12318985293484, -45.18625574434676, -354.6149533171029, 7.796094044641846, 107.55897448073333, -306.2387301142809, -189.5925494458736, -183.4489486446688, -408.4886647266862, -288.4033314541217, -181.29592694889163, -397.77349381687617, -191.2438243097962, 1.3889592890236155, -29.350352867063584, -66.04919889295104, -43.34362627884097, -43.25763521097304, -87.6957544244813, -141.4287182542023, -168.91090073588052, 5.912370183682255, -153.06839685554488, -7.066832969047324, -124.22629510633003, -215.59877017749585, -224.6797176489754, -128.9924683473783, 226.70359128207102, -172.57405388705536, -173.75171739928913, 93.3243396003983, -154.74349830742415, -166.27549197975748, -184.71186361459442, -164.546482891207, -110.04012242436711, -13.850359974977401, 66.27012121958266, -46.193527879013914, -184.06347914955458, -179.36732837781986, -217.7132169351631, -200.28589893561346, -333.1883026921911, -164.92764320597848, -108.41258182520598, -232.06871913066104, -61.8811789854314, -179.61231995137254, -94.32192450371726, -133.6136002412842, -162.0385891199516, -205.96429309697297, -16.946530724792346, -214.12284383841518, -98.96183399820214, -74.94264287571713, -100.10548461628022, -135.80196683514492, -178.2603899780366, -19.903096012881146, -75.41689406576407, 19.73451102193677, -132.9175668023102, -186.56666366673696]",18.698596025801642,0.7144848343852793,0.9981828384385082,9358.202,641.149,10.259,584824.663,37442.473,160.246,11.761,120000,120000,41.07230769230769,15.299999999999999,0.20000000298023224,4.999999873689376e-05,4413.853,-0.0032710962,4413.8555,0.11369785,0.0044623683,0.7582862,0.0
721.4106383400621,-1902.0374762712263,-750.7194535404418,100.0,60,15,126000,False,1260,21,212f51d07e9840f9afce8433e261ebfd,2020-07-14_16-14-40,1594743280,47.0649037361145,973.5347416400909,62816,tango5,131.234.250.245,973.5347416400909,0,21,d74d5_00000,0,-454.58078630660987,610.3586615629216,-125.11990892340695,"[-0.3294973857077875, -1077.9471131375244, -866.4806804120063, -1658.360799680481, -925.9100522660033, -857.646773929811, 279.1298689300231, -921.9994397201154, -1717.8941067606806, -501.69450446292217, -1250.8332148110965, -882.7397070628647, -544.9415495992596, -1285.2729101979146, -585.7357218167363, -463.8603899178256, -1488.8146954309448, -1227.12196850599, 200.13240882097313, -813.1944591380022, -761.6280643848795, -643.4958537245059, -851.7565203163043, -858.9205094808234, -954.2159833045457, -543.4541612336251, -763.9700581059511, -1607.1488396261745, -1184.05721567087, -1181.348851747861, -1411.4255029673059, -271.44986322480855, -839.212657614835, -1239.8255636755878, -585.28389963385, -986.7995169697656, 303.8848676110694, -411.30467852849324, -585.8147101897353, -653.7498796059162, -1010.7207896361964, -786.5374903279874, -1126.726945015511, -1216.1337429837006, -1293.6399122225637, -1902.0374762712263, -439.8594309232943, -1690.1296838360865, 217.6985616093572, -178.75261851099535, -1697.89117445682, -486.7536729075604, -503.80759195205076, -1627.792079472897, -730.2928201335392, -801.2999001695658, -694.6758021790483, -557.0496411139492, -959.698364372138, -798.9787509568796, -389.02730416846646, -858.555427742728, -1337.5329520951307, -814.6835763297303, 32.21951467912665, -997.9944826135343, 721.4106383400621, -1715.9470995293325, -398.16349623422013, -1418.3226249928246, -833.8127289532451, -711.7031869019029, -428.4292550482042, -1084.2310683244505, -1443.5149435643377, 56.893119962153065, -776.6043118228198, -610.8748331139781, -1422.5879447206737, -314.0045187159879, -1327.168443462089, 5.860539017247223, 327.27136963629124, -206.2848302973991, -729.3389580777908, -1092.2028993674191, -895.6920070405142, -574.3291941597969, 333.0425180822265, -535.1066037343905, -343.35965029805385, -1124.327853192725, 9.350591343190263, -455.326008213495, -45.091459171698794, -1445.3839798865001, -384.66019719078366, 576.2589246026839, -683.683546283766, -828.7350897468643]","[100, 100, 100, 100, 100, 100, 100, 100, 100, 100, 100, 100, 100, 100, 100, 100, 100, 100, 100, 100, 100, 100, 100, 100, 100, 100, 100, 100, 100, 100, 100, 100, 100, 100, 100, 100, 100, 100, 100, 100, 100, 100, 100, 100, 100, 100, 100, 100, 100, 100, 100, 100, 100, 100, 100, 100, 100, 100, 100, 100, 100, 100, 100, 100, 100, 100, 100, 100, 100, 100, 100, 100, 100, 100, 100, 100, 100, 100, 100, 100, 100, 100, 100, 100, 100, 100, 100, 100, 100, 100, 100, 100, 100, 100, 100, 100, 100, 100, 100, 100]","[138.58200580777492, -42.38058350924818, -30.29807522542329, -13.262149034637886, 33.27173620022896, -86.24243162440206, -160.4735148486654, -196.06570360372532, -142.77211246767018, -299.53476746631964, -126.41992535373886, -152.68108939740378, 59.82906599694877, -228.6188804676559, -122.69182297565715, -152.5206878977394, -162.20319501269486, -260.27516005520584, -277.4206577942991, -295.4258850646933, -351.35933618575723, -270.7452687824017, -209.92705425065708, -253.48259760267152, -62.46909945700752, -238.7788368086182, -243.73142164311267, -164.50316151082964, -241.38305019387298, 24.955517347438985, -174.45681086883374, -156.45002641068507, -175.42775136084066, -94.2096751355548, -109.53097922823939, -147.5715309256577, 153.93175495035635, -25.892445576219068, -9.985826624129094, 89.60085645655865, 16.94035163375776, 54.53517808969895, -154.33255816596375, -210.79857846409018, -92.81887404362364, -164.63126554069532, -174.53134752315108, -124.88681598259289, -435.7605947606714, -312.97218639291407, -332.4601230469858, -193.4927693445131, -211.5920826383449, -231.61635057725238, 147.7436454254387, -305.292144990919, -31.39155939126337, 11.584541154562988, -250.85975353758974, -73.4792331231509, -287.4263772928149, -206.77465014339774, -244.03775765082628, -213.7343972452469, -201.4029938184592, -97.45703866035203, -103.94177441416444, -60.704478828699465, -311.21533611047755, -135.01322561643246, -111.28011082081174, -160.58478127227872, -214.64305947893294, -176.75796886214107, 51.48787648255882, -107.77234555591575, 124.96544040089668, -222.22149258572546, -90.3617672273845, -293.1641717703581, -224.08112280693177, -296.3050356817323, -252.30446717164213, -129.05634553986482, -140.19337626213354, -86.02227522931007, -106.26751589605556, -116.72352444008217, -43.06934708789572, -93.45968290125951, -96.28972203891553, -103.88518588054372, -133.35589222736238, -129.72288508027947, 117.08868254521805, -117.69538723594256, -317.0223730520238, -241.78027214616318, -192.71330763144158, -294.85703668930483, -223.71979185529827, -218.72191405671396, -266.3018384724893, -182.54165473559053, -152.50014217912187, -201.84313669514734, -199.6880042181435, -224.24719220549576, 23.27151387175323, -63.294387305209526, 72.79564119055415, 393.85116885431256, -100.65774759648777, -125.83378019394948, -157.72377662257955, -242.26122894763006, 24.469140337406778, -132.79528026220322, -158.56149041277004, -146.3218232302266, -69.9139079874797, -98.9818817142075, -182.12979439606198, -174.71749126857026, -71.29517343953272, -164.58981557902646, 2.542548276566503, -201.8319280693885, 101.75041443884264, -206.79918293888588, -130.51867188249634, -208.63903354914413, -78.07799792734382, -307.996241958109, -174.98912978542313, -64.12867317938439, -239.380661962159, 12.816184496114769, -57.26040081576612, -177.75207216709734, -223.4771387961143, -112.08499514030436, -113.26992498976034, -175.07597757178257, -57.09872084542293, -197.67909087095592, -144.30922432625704, -88.23203836096211, -269.16549261107366, -197.73141628987412, -68.46358054423267, 111.16243104559818, -275.9926184174452, -150.99198091522618, -120.33076168419915, -38.83765071812035, -62.505656889870934, -179.41672344675922, -119.24579736194325, -133.352369946163, -141.9244210972756, -127.52508936393976, -271.80900498246615, -428.5354426729556, -225.94572700241667, -339.293907785102, -132.63752259408798, -208.9272345891484, -198.9923261279131, -144.8045087504031, -232.49481839899744, -141.36290750947379, -278.1958211092784, -188.20683377480424, -245.54350022668402, -210.63076294349224, -134.20127542493637, -343.97497764594345, -125.57988487887654, -121.41845062792693, -293.2519633068788, -190.74355907768214, -203.15610201055333, -208.82614384685786, -260.4762624880893, -254.971472237244, -61.00259697677504, -151.6559317155008, -14.143365557713999, -33.25489194039415, -21.46806284417552, 10.074985809750668, -173.1558130450597, -204.57196158919822, -51.58514723862667, -158.18257098166595, -108.26820771775124, -143.4489570425319, -315.1922824909727, -207.17011852059147, -195.6047776280133, -183.39818595444308, -190.09743937905787, -148.3627597025109, -138.00719605394735, 11.779719580555895, -132.01939780503656, -53.47875481057471, -149.56268085824777, -123.99558968660078, -224.5937786835989, 226.28921668625657, -225.52015716795066, -228.543878760213, -283.4988893712497, -250.93202967301082, -8.318020509289457, 3.54981129714442, 25.300023171840827, 214.57133075873406, -15.832361397761142, 84.61408429040002, 116.3100641862561, -242.7769308904069, -138.2143014260264, -220.5634981663352, 205.88442341496992, -131.94443564695112, -158.19801289554803, -105.79475922278922, 94.34266639046244, -169.43645304456987, -95.74659772526199, -150.98155369202846, -29.105142761274543, -216.37410544280974, -73.82446463903236, -110.88049441919826, -32.38026809884719, -191.18540424475444, -131.41407670626276, -52.63140317823523, -245.74757495509786, -130.8614318712748, -272.1174375516308, -177.9488653736957, -33.633673051646696, -178.1954439173772, -151.00320096939942, -97.76585829583912, -193.5804748831364, -132.35883921058934, -148.70586763451098, -130.97536210449212, -100.90926240701059, -352.1310903155414, -165.94548600295633, -228.05987655099952, -114.56481715642904, -205.887733164957, -294.52131541866476, -262.4419304150524, -292.00344414248883, -46.714502686108304, -270.65576271116464, -108.98339427388873, -229.1908454793519, -167.35982086352988, -173.07477065574193, -344.37531823888816, -282.22978103187216, -377.37912212193737, -393.0207801489926, -253.98511407511901, -285.9872517610493, -309.4354271322525, -81.34411944811596, -255.1946127902493, 43.555058047992354, 43.74491074663736, -44.29437479182944, -146.32629268772936, -194.404642759229, -280.72289714058195, -297.0441172930661, -294.6367055136216, -325.94538746333035, -297.3759336662577, -58.82916369791787, 49.442069278213864, 243.06873223797334, -133.2895041939688, -81.80535883239816, 199.11178681745628, 50.91966183740414, -39.663355554596656, -14.979410652009795, -131.66235050050565, 28.226478474321688, -71.59364211560829, -199.5478308279254, -319.4587712413297, -376.83211349710194, -222.9415117079714, -221.6133056572946, -357.49764152519464, -165.1350759823651, -112.94714422035855, -125.17482323513855, -24.003276289540604, -93.52524765572377, 34.03189447556594, -189.93551564822556, -165.17204992566658, 19.37135684658032, 59.85661414957079, 6.674293405721931, -234.60229078003164, -240.72491969012782, -302.07598803181924, -365.53158354469844, -268.7734338062036, -215.3315366195331, -235.3546177805105, -96.19303439169276, -188.01619503245664, -249.69279673888403, -337.11221677870975, 90.7443743150387, 49.97704849316441, -100.64919981167034, -178.55954345574563, -189.9239136851573, 61.43136438649369, -295.0979993763332, -98.50060822715311, 48.0548174477982, -220.50830881746052, -174.7513884540793, 58.603435803158206, -209.95512138295166, -196.1192367755131, -202.86435329016808, -48.316595341041655, -39.75280841341524, -76.67318240322919, -147.12652794658368, -42.31617371951124, -156.31430266058632, -179.97293856515478, -61.38133304409469, -159.14637537736365, -196.10757101667872, -206.7758437082609, -109.7283806378897, -259.9389491697692, -71.74830063480717, -185.20844014408394, -84.53725679987232, -87.81742357045677, 31.708621913177957, 59.228153874646125, -194.5870127045127, -62.67273160986946, -20.289733159033347, -202.414602482875, -36.93496997612779, -64.12176468939029, -188.1605296367815, -91.47087957582954, -183.82388076584166, -294.04340309875704, -222.28607123241756, -166.89425959470836, -153.44231521239263, -318.54207663339565, -280.33292775158117, -196.03530167063496, -133.18598879856887, -360.7493627519482, -100.3927813357693, 46.103548429863864, -217.29798497304805, -49.16100690025996, 53.013756990071855, 29.074108468773538, -41.70065882818862, 15.74346131577147, -11.121125478497289, -12.790027788804338, -193.24414467243594, -147.76553639561342, -148.53777663571537, -142.79477119934236, -184.525308762211, -181.12694494821727, 223.8705293379902, 129.37521602879139, 27.725957845536957, 34.162630376034315, 51.94113792278178, 254.33516682892932, -332.8485747519349, -220.01996037543236, -271.5102537384475, -233.06223710833828, -432.187201628853, -226.31887192632786, -131.54161619959015, -45.90481851402387, 272.8376339910953, -107.59835666629239, -208.38502470244282, -177.57131414296546, -230.88817963154983, -268.98589633130854, -215.78731183738992, -329.7678767192202, -214.53346378107636, -158.35989669228104, -175.84302011250128, -172.13322363770672, -229.76987697332098, 25.51031217686225, -259.65660350909155, -21.920316897487822, 215.72792007912145, -149.39069713972052, -193.69484242646016, -162.00894143347045, -150.01458832288247, -272.32203765849005, -221.20581829494165, -64.62295103560051, -64.5185764921279, 104.40372917876064, -33.95660132974547, -148.52903707454928, -189.90343981512908, -147.70565884202824, -173.85325989314035, -253.234788236656, -223.161992461255, -96.3719290762412, -160.7984983350158, -295.41753849059864, -295.88602938489663, -119.52672288725904, -333.0747709180594, -238.8113835485055, -69.27815192961337, 5.144034129465632, 141.06476566172242, -97.22908495269871, 133.66463862011685, -56.473081566839326, -137.97913876903866, -201.1251479768803, -196.55377511506524, -205.69770147289105, 145.3526381772081, -180.6011866661542, -132.14377484576383, -120.64401616512991, -148.4260221396891, -126.66793574060401, 52.128903000799696, -135.1219872235917, -188.92752726715827, -234.1314679528417, -185.5793656534177, -304.45003956333625, -270.6376326045849, -238.86191167933578, -21.778408141837005, 55.59673115264803, -113.35547439027597, -40.46931678522771, -143.13884920224277, -50.85920134905222, -71.27196665674398, -268.9500325078724, -314.73749653346664, -262.5055130731509, -131.25552691422524, -278.44790777663167, -9.546596276532002, -3.8041568807073514, 36.317697248920936, 16.220466215570685, -67.79571799277848, 34.46884670277373, -46.33540940251322, 77.8908315690667, 82.71365722556394, 42.4667359698842, 72.4413718956354, 98.09418237865609, -110.1822280346074, 14.00446594715218, -60.89128319681409, 8.83684701475714, -10.523990542904876, -47.528641484981925, 70.91213977326278, -164.31352684770056, -131.69474155276725, -216.4564187690939, -165.2558858254265, -122.53052485606347, -234.1264787193206, -253.74183898250268, -226.13144365418876, -107.9585541935698, -146.42863586673414, -123.8159479511034, -312.96900264063703, -91.55208891421742, -30.224781933229448, -171.90170364470444, -131.0364193569293, -158.00801055079575, 208.2547908459836, 28.80960466430029, -379.45584854443354, -225.45419316434894, -23.805897117698695, -182.67765084359968, 185.56736560733825, -73.90932154134124, 5.2383707713561884, 70.22080046690093, 33.96331204378323, 111.96199073418884, -144.77381955890453, 4.161816007405635, -135.57005807034542, -107.00391935658904, -85.037078338057, -66.88354441790078, -88.06679576056199, -48.58198887324512, -159.31497112209624, -13.648945876869254, 2.534213604545024, -36.28116226982648, -176.70146457605657, -316.0844624442103, -146.11616381516038, -116.30799008399833, -115.8932631835874, -253.2245090897117, -22.21794281335472, -8.48197611286186, -100.60604225485291, 1.7831147109316987, 59.479856144950546, 79.3935816683773, -238.83675512720876, -99.06134264867146, -104.7080975761168, 58.91402135688308, -94.99957718715257, 23.365742968771617, -62.33948063528074, -89.53788663520575, 610.3586615629216, -168.09027131145848, -205.40059952048114, -130.08188263219517, -45.40935336750086, -454.58078630660987, -221.0898079222125, -206.8693515839082, -287.0188167582356, -230.41586394803332, -119.49581796189277, 235.20707195205347, -101.33372704756978, -156.1119602788019, -88.09520563071182, -154.83055822386044, 124.74228735224975, 56.531365318328575, 130.7356144583882, 291.0485266077601, 24.63694981196431, -51.435818946006655, -170.0214028837322, -7.185899204961695, -190.67189485547033, -111.51202476025387, -125.04527470367384, -79.24704987567424, -197.51841021450863, -7.798424227265247, -288.8379027010729, -127.88167821970329, -44.595585804898285, -162.10308857941533]",18.783810460797493,0.7145553856193261,0.9976489753029122,9386.376,639.224,10.325,581140.49,37441.654,160.249,11.795,126000,126000,40.74461538461539,15.299999999999999,0.10000000149011612,4.999999873689376e-05,3656.3132,-0.005364334,3656.3176,0.11212725,0.010501287,0.75652254,0.0
1296.1179047923274,-1902.0374762712263,-666.3160076809327,100.0,60,15,132000,False,1320,22,212f51d07e9840f9afce8433e261ebfd,2020-07-14_16-15-27,1594743327,47.09381651878357,1020.6285581588745,62816,tango5,131.234.250.245,1020.6285581588745,0,22,d74d5_00000,0,-428.5354426729556,606.4856830780359,-111.05266794682214,"[-1060.7206819919745, -396.9128174132504, -11.834672278805154, -377.76316172459417, -847.3263645369912, 623.7905218560437, -311.2749246333346, -850.3190059108822, -1338.4778078067054, -418.6342458330604, -852.2529844235725, -706.3402570345241, -766.5377322447217, -1054.597734142127, -783.5589197280843, -49.64843951601154, 21.510778978125632, -670.2022404538271, 180.5767563601731, 116.12676167707005, -1260.991527135505, -836.8978021237975, -774.0948206187161, -680.6746182961019, -1332.3692797404533, -364.1576056408357, -205.63472112073245, -543.5871010522645, -1457.922972580172, 627.6382883391922, -1355.2527723250976, -316.7780162818474, -1102.1526425306902, -984.8885746061444, -936.631924087851, -170.966509119557, -980.2156939084852, -838.2000520735197, -154.28947056845183, -904.930523918862, -23.4281067192077, 1296.1179047923274, -562.3782414729968, -367.26073676183216, -1021.4818231736483, -1348.1981601932025, -1285.854810506187, -101.57531901095466, -836.894365753043, -304.3736018341808, -693.0432761970504, -848.3533476674479, -123.94997152802321, -958.12074687365, -69.19492732439853, -217.78389644173376, -49.51611484540387, -452.5294354793873, -1119.3743633934157, 899.0448707085291, -761.6280643848795, -643.4958537245059, -851.7565203163043, -858.9205094808234, -954.2159833045457, -543.4541612336251, -763.9700581059511, -1607.1488396261745, -1184.05721567087, -1181.348851747861, -1411.4255029673059, -271.44986322480855, -839.212657614835, -1239.8255636755878, -585.28389963385, -986.7995169697656, 303.8848676110694, -411.30467852849324, -585.8147101897353, -653.7498796059162, -1010.7207896361964, -786.5374903279874, -1126.726945015511, -1216.1337429837006, -1293.6399122225637, -1902.0374762712263, -439.8594309232943, -1690.1296838360865, 217.6985616093572, -178.75261851099535, -1697.89117445682, -486.7536729075604, -503.80759195205076, -1627.792079472897, -730.2928201335392, -801.2999001695658, -694.6758021790483, -557.0496411139492, -959.698364372138, -798.9787509568796]","[100, 100, 100, 100, 100, 100, 100, 100, 100, 100, 100, 100, 100, 100, 100, 100, 100, 100, 100, 100, 100, 100, 100, 100, 100, 100, 100, 100, 100, 100, 100, 100, 100, 100, 100, 100, 100, 100, 100, 100, 100, 100, 100, 100, 100, 100, 100, 100, 100, 100, 100, 100, 100, 100, 100, 100, 100, 100, 100, 100, 100, 100, 100, 100, 100, 100, 100, 100, 100, 100, 100, 100, 100, 100, 100, 100, 100, 100, 100, 100, 100, 100, 100, 100, 100, 100, 100, 100, 100, 100, 100, 100, 100, 100, 100, 100, 100, 100, 100, 100]","[-254.11701423572245, -31.963683540138433, -216.86231682357226, -171.06038279606776, -236.29310018309258, -150.42418441338108, 12.767430613149909, -80.56706742826135, -72.55757007697916, -223.74898816638145, 97.1018692530321, -129.90849160781022, -89.220575556493, 91.6550591868161, -19.48456090955964, 52.11215157673574, -29.82747342439032, -17.069273151912622, -182.9879821303792, -145.1330649157053, -20.864878176822476, -113.50699484123159, -43.67125869777267, 128.40101703731713, -124.17944171502346, -116.67134294691525, -198.41125396834335, -136.90239118941497, -110.563592397682, -160.5983423196115, 168.78769406763695, 193.32060049180382, 202.39532811784272, 12.578581207737264, 26.399282701820056, 20.30903526920296, 20.015542917868494, -73.35888807768755, -130.93541137161478, 10.383941756621436, -93.49006518288043, -43.89004467564119, -42.177123394913615, -89.89685930169965, -285.49708781632347, -77.55443429337653, -22.90700517347556, -332.28649593109384, -130.4342893372614, -284.40888022124096, -204.6388416121281, -157.1933541818353, -340.6252994941728, -221.17714296006935, -190.66852764364847, 217.6351665996267, -29.86454848042056, -180.0162472617649, -10.187401226270556, -225.53268782058194, -136.21896505585852, -156.85943226768546, -133.72816905149642, -206.12175622291454, -239.3288605319874, 20.00419870636938, 137.24063100174922, -100.93884679729435, -229.9215117917688, -202.77888651953904, -148.34115708379156, -161.60048584388076, -92.81809587006728, -170.26594714743754, -147.30669155563393, -160.7480477172583, -103.74106242664527, -91.65788752768064, -263.8600301165095, -52.621174072284155, -320.3796548117749, -21.34038018015547, -288.00220176855225, -108.39429319285045, -137.98388609712526, -104.29400145957615, -96.43495498346563, -238.13503255304352, -98.02106622102009, -108.68997841385331, -61.655628661837305, -162.30044860641763, 566.9147206173786, -48.74224928062584, -197.7151499354191, -146.14968364909112, -46.05664510558964, -169.32856473361358, -227.3933365478195, 230.90501197759585, 289.10799108644846, -55.72367769889651, -173.3047357720415, -87.84267364076459, -79.54448065725853, -89.11553627930832, -69.937071272273, -170.45774283218068, -35.14759420695738, -10.444379635420479, 91.89488344702659, 86.81332597784461, 119.3644877460388, -71.90396696835909, 96.00285920370304, 14.272244019594618, 58.29922777690229, -68.27287266740738, -83.39338063283992, 99.2186839771174, -214.65871187963955, -173.29726015121474, -83.20206492071179, -236.54810036931386, -308.10711242645624, -245.17827738816794, -70.26624230537122, -173.72079446494456, -264.96544039272885, -200.9870211383366, -195.46390903625053, 68.50560521383355, -210.32919863053826, -18.202258687163038, -138.08788020216375, -189.96097104225873, -117.29916591895855, -100.21534613763322, -211.88208766786474, -134.3542463499271, 125.50180085750821, -207.9842632092731, -132.45817773022813, -119.49764419631741, -237.8966636677116, -231.16612562336542, -151.9520242980559, -230.3385192839087, -228.71050115537034, -252.3054457120414, -191.91747322263328, -99.27742493214981, 117.69527228673637, 59.18499520761917, -171.7571357748663, -78.08583920554052, -124.07660577305168, -128.89846344301506, 444.66514007618525, -136.7044833389078, -160.96659543556262, -99.65371320638009, -153.69441393373793, -153.28394523269458, -66.82344911063862, 18.038581954477614, -36.45737369734687, -151.3665010323238, -289.218385109593, -243.24460703391574, -305.42998369460037, -190.32562217308518, -235.76566835300596, -193.9387062159738, 134.08062776277885, 67.21602850730777, 158.74087076050995, 45.713457569956006, 154.66449087481578, 67.22281286382345, -383.9467065264205, -176.66507090023694, -226.05515490740294, -152.57415338647516, -115.73077668056632, -300.28090992399774, -195.65464939669465, -14.890019948976352, -37.47152062058564, -5.190242416372911, -59.291663070233774, -4.27992082898375, -168.21450650057506, -270.3665309793937, -133.6195418618307, -184.8787826838673, -217.441304469134, -127.63197603588935, -156.74620602445773, -223.88572918448702, -70.54628527010983, -290.45879637559256, -128.4249642977005, -114.82659345380083, -225.14055060692283, -220.01771347462935, -246.3486562523802, -136.81595300502943, 22.590821971054588, -130.8998727199446, -59.55617493734847, -148.38309611796913, 80.54213753662408, -38.304584628485784, -40.25332660621865, 34.98853563384067, -395.2690574161207, -63.876322450344766, -109.5644071480221, -81.71560109918936, -225.72687227556565, -104.06343351924268, -154.50904503786717, -250.43888030882852, 2.7747791148967362, -187.49473330462214, -35.72887869137077, -212.8032938457275, 21.79643351806032, -37.13840694262447, -113.8500591171997, 36.18394325892861, 159.0243928326595, -220.30577411827613, -83.9745719491497, -66.15180130618437, -164.07894322593646, -226.26186277793693, -179.09022661999015, -185.37311803966404, -114.87326505498973, -110.49199719802718, -103.64964721924004, -149.17584819172745, 224.6254075769879, 230.13724336778822, 606.4856830780359, 239.93058682161018, 58.61742763781345, 73.24893921557558, 229.84268309332916, 87.99258494596468, -120.71765271348602, 125.73670118517937, -203.6571431354912, -229.13865758015996, 42.40373387867973, -177.00522310771865, -126.18479017061573, -21.120860463275072, -69.94925736074002, -79.22590875945384, 124.13339082007055, -194.91331082781772, -171.21932512493257, -159.11954002108638, -30.80221046042518, -138.2818746628002, -244.39594356293958, -277.6629293414634, -213.09325544679936, -192.54746444218117, -212.34066910800252, -205.42901674220423, -198.8869595807064, -325.90079487331116, -233.5645969192513, -188.2380430966295, -314.5938955058402, -258.42503441571233, -257.9029072188663, -33.13033334988669, 5.078903721790701, 175.07178833868625, 60.07953921517821, -128.0441191081233, -178.64503354283576, -35.11639763565052, -133.75279576678443, -190.9469555202943, -24.853271104196672, -123.92623751923429, -111.66126577805456, -251.7538400644778, -42.382130649847625, -45.783834946201885, 84.1366881007241, -61.88303999560554, -96.14099650617366, -142.32028783707568, -228.38694351024415, -125.89326216471486, -180.60828825809762, -119.02334077955759, 108.78211234055294, -147.91355382498898, -179.18362325826138, -118.21857260327089, -98.24517178847898, -229.79382551935032, 36.31362665754489, -259.2257811556319, -38.581278909001725, 14.382150825440347, 29.198999465426095, 40.36139725036412, -42.99257623623443, -126.31866392401801, -173.44855388258895, -140.13823978774852, -102.54832794728499, -233.23651952559163, -226.44925376876319, -82.29985196167365, 19.247499248532275, 168.1186369336685, 61.589013017370775, -55.99584417169551, -151.86680403808057, -110.28742831419359, 154.19613313461292, -9.551489958576074, -150.60312425276837, -166.6248269792802, 60.59056765040047, -105.79115603612313, -115.25488934216665, 35.42445024979884, 12.86946156382739, -33.253763953421675, -21.177538911485907, 71.87616554804495, -175.7553852377322, -17.228301446981238, -250.74696156493937, -33.276914567485484, 75.55016551794168, -51.07203818019039, -123.12957020132681, -276.2116070568047, -251.83108657734377, -128.80174403246167, -92.1788163053491, -247.22153922012748, 215.0774020072088, 175.77678988212674, 105.64258799451459, -46.116606325947586, 268.6820190782732, 179.98267807235203, -69.9139079874797, -98.9818817142075, -182.12979439606198, -174.71749126857026, -71.29517343953272, -164.58981557902646, 2.542548276566503, -201.8319280693885, 101.75041443884264, -206.79918293888588, -130.51867188249634, -208.63903354914413, -78.07799792734382, -307.996241958109, -174.98912978542313, -64.12867317938439, -239.380661962159, 12.816184496114769, -57.26040081576612, -177.75207216709734, -223.4771387961143, -112.08499514030436, -113.26992498976034, -175.07597757178257, -57.09872084542293, -197.67909087095592, -144.30922432625704, -88.23203836096211, -269.16549261107366, -197.73141628987412, -68.46358054423267, 111.16243104559818, -275.9926184174452, -150.99198091522618, -120.33076168419915, -38.83765071812035, -62.505656889870934, -179.41672344675922, -119.24579736194325, -133.352369946163, -141.9244210972756, -127.52508936393976, -271.80900498246615, -428.5354426729556, -225.94572700241667, -339.293907785102, -132.63752259408798, -208.9272345891484, -198.9923261279131, -144.8045087504031, -232.49481839899744, -141.36290750947379, -278.1958211092784, -188.20683377480424, -245.54350022668402, -210.63076294349224, -134.20127542493637, -343.97497764594345, -125.57988487887654, -121.41845062792693, -293.2519633068788, -190.74355907768214, -203.15610201055333, -208.82614384685786, -260.4762624880893, -254.971472237244, -61.00259697677504, -151.6559317155008, -14.143365557713999, -33.25489194039415, -21.46806284417552, 10.074985809750668, -173.1558130450597, -204.57196158919822, -51.58514723862667, -158.18257098166595, -108.26820771775124, -143.4489570425319, -315.1922824909727, -207.17011852059147, -195.6047776280133, -183.39818595444308, -190.09743937905787, -148.3627597025109, -138.00719605394735, 11.779719580555895, -132.01939780503656, -53.47875481057471, -149.56268085824777, -123.99558968660078, -224.5937786835989, 226.28921668625657, -225.52015716795066, -228.543878760213, -283.4988893712497, -250.93202967301082, -8.318020509289457, 3.54981129714442, 25.300023171840827, 214.57133075873406, -15.832361397761142, 84.61408429040002, 116.3100641862561, -242.7769308904069, -138.2143014260264, -220.5634981663352, 205.88442341496992, -131.94443564695112, -158.19801289554803, -105.79475922278922, 94.34266639046244, -169.43645304456987, -95.74659772526199, -150.98155369202846, -29.105142761274543, -216.37410544280974, -73.82446463903236, -110.88049441919826, -32.38026809884719, -191.18540424475444, -131.41407670626276, -52.63140317823523, -245.74757495509786, -130.8614318712748, -272.1174375516308, -177.9488653736957, -33.633673051646696, -178.1954439173772, -151.00320096939942, -97.76585829583912, -193.5804748831364, -132.35883921058934, -148.70586763451098, -130.97536210449212, -100.90926240701059, -352.1310903155414, -165.94548600295633, -228.05987655099952, -114.56481715642904, -205.887733164957, -294.52131541866476, -262.4419304150524, -292.00344414248883, -46.714502686108304, -270.65576271116464, -108.98339427388873, -229.1908454793519, -167.35982086352988, -173.07477065574193, -344.37531823888816, -282.22978103187216, -377.37912212193737, -393.0207801489926, -253.98511407511901, -285.9872517610493, -309.4354271322525, -81.34411944811596, -255.1946127902493, 43.555058047992354, 43.74491074663736, -44.29437479182944, -146.32629268772936, -194.404642759229, -280.72289714058195, -297.0441172930661, -294.6367055136216, -325.94538746333035, -297.3759336662577, -58.82916369791787, 49.442069278213864, 243.06873223797334, -133.2895041939688, -81.80535883239816, 199.11178681745628, 50.91966183740414, -39.663355554596656, -14.979410652009795, -131.66235050050565, 28.226478474321688, -71.59364211560829, -199.5478308279254, -319.4587712413297, -376.83211349710194, -222.9415117079714, -221.6133056572946, -357.49764152519464, -165.1350759823651, -112.94714422035855, -125.17482323513855, -24.003276289540604, -93.52524765572377, 34.03189447556594, -189.93551564822556, -165.17204992566658, 19.37135684658032, 59.85661414957079, 6.674293405721931, -234.60229078003164, -240.72491969012782, -302.07598803181924, -365.53158354469844, -268.7734338062036, -215.3315366195331, -235.3546177805105, -96.19303439169276, -188.01619503245664, -249.69279673888403, -337.11221677870975, 90.7443743150387, 49.97704849316441, -100.64919981167034, -178.55954345574563, -189.9239136851573, 61.43136438649369, -295.0979993763332, -98.50060822715311, 48.0548174477982, -220.50830881746052, -174.7513884540793, 58.603435803158206, -209.95512138295166, -196.1192367755131, -202.86435329016808, -48.316595341041655, -39.75280841341524, -76.67318240322919, -147.12652794658368, -42.31617371951124, -156.31430266058632, -179.97293856515478, -61.38133304409469, -159.14637537736365, -196.10757101667872, -206.7758437082609, -109.7283806378897, -259.9389491697692, -71.74830063480717, -185.20844014408394, -84.53725679987232, -87.81742357045677]",18.859503906721013,0.7145130502560485,0.9969643487453871,9436.227,635.847,10.38,578023.736,37433.237,160.285,11.92,132000,132000,40.821538461538466,15.299999999999999,0.10000000149011612,4.999999873689376e-05,4433.9014,-0.003593351,4433.904,0.10758559,0.0061546313,0.7206772,0.0
1296.1179047923274,-1667.9863030252943,-621.2107187693256,100.0,60,15,138000,False,1380,23,212f51d07e9840f9afce8433e261ebfd,2020-07-14_16-16-14,1594743374,47.00209426879883,1067.6306524276733,62816,tango5,131.234.250.245,1067.6306524276733,0,23,d74d5_00000,0,-445.50313351114835,606.4856830780359,-103.5351197948876,"[-553.2851938127449, -767.1000624075401, 4.046221739582299, -651.8627208851411, -1228.326635939131, -261.1985224691849, -1209.3084766315421, 5.028184111631176, -582.5603965959917, -425.95373235496186, 101.27421469557763, -1238.0289950048457, -1483.75347277752, -13.037079418007622, -899.1846494172322, 163.8566179982918, -247.40220834089982, -951.6927849536893, -378.7403076622022, -1185.6050187477645, -1262.7395235291056, 146.1711236976593, -4.9927181561825975, -1470.5975790510713, -1667.9863030252943, -752.6791653614805, -132.45876097126154, -144.48593105875668, -1375.2441072569768, -474.50080286452936, -666.2533295910417, 558.3630004795391, -674.3329763303057, -589.2136996894704, -40.77543866964532, -438.3148382612887, -499.6547286694518, 361.03009518046895, -977.4591575504785, -914.5621072829384, -237.15001364122224, -49.74908173292697, -1111.7861433344117, 127.64540092951376, -128.72060386083237, -721.3845681938052, -1443.6201955750848, -970.0553811270358, -1533.1200304837262, -1235.170438570083, -580.6593048133528, -700.0995859255848, -633.3988130203986, -1066.6161124375842, -723.7012626619343, -1618.0891833567227, -252.74664768026267, -1541.4128727182278, -1479.763036226114, -636.8052266030382, -1260.991527135505, -836.8978021237975, -774.0948206187161, -680.6746182961019, -1332.3692797404533, -364.1576056408357, -205.63472112073245, -543.5871010522645, -1457.922972580172, 627.6382883391922, -1355.2527723250976, -316.7780162818474, -1102.1526425306902, -984.8885746061444, -936.631924087851, -170.966509119557, -980.2156939084852, -838.2000520735197, -154.28947056845183, -904.930523918862, -23.4281067192077, 1296.1179047923274, -562.3782414729968, -367.26073676183216, -1021.4818231736483, -1348.1981601932025, -1285.854810506187, -101.57531901095466, -836.894365753043, -304.3736018341808, -693.0432761970504, -848.3533476674479, -123.94997152802321, -958.12074687365, -69.19492732439853, -217.78389644173376, -49.51611484540387, -452.5294354793873, -1119.3743633934157, 899.0448707085291]","[100, 100, 100, 100, 100, 100, 100, 100, 100, 100, 100, 100, 100, 100, 100, 100, 100, 100, 100, 100, 100, 100, 100, 100, 100, 100, 100, 100, 100, 100, 100, 100, 100, 100, 100, 100, 100, 100, 100, 100, 100, 100, 100, 100, 100, 100, 100, 100, 100, 100, 100, 100, 100, 100, 100, 100, 100, 100, 100, 100, 100, 100, 100, 100, 100, 100, 100, 100, 100, 100, 100, 100, 100, 100, 100, 100, 100, 100, 100, 100, 100, 100, 100, 100, 100, 100, 100, 100, 100, 100, 100, 100, 100, 100, 100, 100, 100, 100, 100, 100]","[-152.43583589101664, -53.87174645578329, -89.61064701791497, -94.44003822092068, -27.314095141931208, -135.61283108517753, -54.36471467755325, -74.94173713761445, -185.21516441534885, -169.53386047499566, -41.97446275214594, -241.07012294988084, -112.85445323745466, -89.72772144161026, -2.3563778597387617, -80.06568991204587, -100.47686021974133, 389.5273244101745, -120.42958471831905, -140.45527852832922, -97.2865842809624, -189.74692244029634, -11.312698896119656, -92.63165202111492, -263.1263598517661, -247.13394323655282, -195.82705580012788, -189.52228279304984, -159.51709986421608, -173.19989439342012, -212.77543492952984, -8.71052337397778, -97.44845539241612, 177.59880496781784, -40.806109655955595, -79.05680408512337, -183.02018616082555, -242.1553916159542, -89.87549674217026, -244.73135550790678, -250.491157133285, -199.03488947139675, 35.60202505120278, -17.835771576469938, 7.595043513666754, 18.58078448293964, 51.648301045066084, -90.56219840477505, -156.09020651754284, -121.49392841180097, -126.0856271399258, -74.55394751919974, -106.83930751370659, 2.50262050618619, -28.654348167356545, -153.84308021207897, -62.91306478620439, -87.41626096759384, -13.737062857899973, -79.38991536382817, -234.83114036569017, 65.02160495126174, 62.974302722626, -13.539626743500254, 112.91462357872958, 108.7344505521514, -289.1624925709319, -214.9572815431625, -155.43024455492437, -99.83389060710745, -235.398907647169, -243.24617808155048, -299.4540017351487, -214.21396826251302, -445.50313351114835, -149.44551154384317, -154.11144970026626, -221.02540802459973, -18.60867604554342, -172.66079642091148, 67.39239849481228, -11.871005361932085, 91.24915615879436, 31.461843756772982, -166.19541197407918, -108.9377608090401, -150.09971229649932, -282.5567223920773, -101.63928199573688, -89.75575994980063, 31.542535204481936, 49.699641544403775, 86.93516731350292, -133.64278237104767, 89.1747501726905, 40.14730613425941, -36.688820783368314, 31.242547756449124, -44.62090244469061, -35.918745058789135, -47.13465153063613, -114.2816362798643, -164.66871738677708, -93.86780308663195, -205.16957042488565, -90.50431538187657, -179.2422234473716, -218.24015522614647, -95.42602040991972, -49.879780844409744, 2.5257956508995383, -197.3559841559983, 20.214835577298985, -58.81915348007254, -218.07396460504432, -126.43642805768704, -132.89826160445241, -258.9337454382044, -173.84046716597237, -275.4221518764046, -393.36968371405277, -205.0748371423307, -198.7821796870867, -282.39588589559656, -21.634954448322777, -161.48198264171506, -97.63101133123759, 194.73763245764948, -17.83746782356939, 24.105810679977683, 51.141004644926625, -8.34484493008712, -50.62257647812774, -117.49746863012567, 92.34742314488726, -67.97091464608472, 48.57692626416315, 90.17389218910428, -167.09555096064804, -179.77507593529293, -420.91989335745257, -184.91597548339854, -253.02482457853594, -264.8662587357427, -237.9318607054885, -214.5192776946491, -256.5753250865915, -285.6913309619067, -338.3949828004992, -334.87352577615786, -219.1326973595951, -105.93705382274803, -114.13346822333747, -115.89913916644112, -99.28443369447888, -98.292373094879, -211.92434842535565, -81.36055757337446, -156.00636387876938, 204.36899214370607, -84.82544779171057, 197.28896455424203, 170.62523283778953, -150.5307602405679, -41.29423993279728, -128.42995422587052, 29.941507966486462, -24.797717463798364, -325.73220179446037, -192.86761903246494, -90.76758406526594, -220.1943413858735, -299.56553475068296, -246.11682622822886, -136.78435451600626, -105.39760681176274, 31.775734571855462, -198.23181594871193, -46.61812482103214, -19.244635338871397, -184.56643362399342, -205.78443148427203, 13.238966065559268, -191.32784808464922, -46.136284046952255, -51.6772984167342, 8.27581976441566, 272.04844687744253, 6.410538614840153, 237.7643501683862, 54.163028486183734, -20.299183431729475, 67.52031721530831, -38.80486345862736, -10.330232826871498, -238.28655255764315, -210.81881753576684, -243.6128271667037, -94.23212402820756, -97.53326518475318, -100.95423837272175, -67.16428462868187, -135.53880263034173, -93.79098484476586, 65.52919607780488, -63.237884060901415, 41.96102112912879, -16.7098221839804, 13.803269621789244, -82.12121925348632, -92.06240952608435, -30.208625077586234, -50.69201068966109, -93.76212550266125, -199.04131959929643, 27.451652134001073, -29.448763375307767, -176.1190166773213, -54.73596018954814, -185.82918251403407, -99.3081173007808, 45.786311387539136, 17.3373460506457, 138.26624708704705, 39.824294975964946, -16.524697862193193, 196.1453677058346, -14.01846277682926, 27.330871778702893, -370.8255799043972, -350.54666742774754, -355.85644415178285, 61.43119567291362, 11.00746648183189, -205.04121980315622, -22.45228562932567, -191.97896828011602, -140.10042383046115, -114.70886507202758, -240.28034466785132, 83.76750666721378, 15.531531604377848, -51.83858987445135, -111.66158712010504, -217.99396722123103, 45.04509230297337, -122.77090007119766, 5.552768046095528, 258.9352444024807, -78.80583106469167, -82.054183583688, -30.606179461925404, -187.14841742466822, -197.25239813370445, -133.1428333803556, -196.96875990948476, -239.66591343136997, -157.60782105482815, 18.977943884277426, 83.46171501804902, 113.3539166962702, -66.71325373510462, 25.03957835576425, -46.47449928974225, -77.4273634633062, 74.93343900017089, 45.82871379368328, -79.01939261886145, -116.1311714683866, 23.095170895867977, -83.61970324855155, -195.39495041712738, -125.47708214384113, -42.37203999042332, -150.39783850675238, -124.1229538871097, -305.3763278763878, -338.4634361100088, -200.5849819622161, -267.7344436903671, -57.53251356578366, -273.9284923703216, -107.56889807266163, -130.3388677450321, -144.0075054171356, -53.97019934072014, -229.61885796612364, -304.55105258536423, -252.5292226988925, -266.5277945439035, -353.1278825582717, -75.13373723881206, -387.08626287012356, -198.71513057372175, -135.80257969586162, -166.6521864421356, -252.19282711267294, -152.28838637374605, -278.60060475889566, -249.63385418677115, -66.077382820671, -32.73507379339891, -31.82158908387434, -90.3009703924734, -298.37168574583916, -61.35260297709602, -98.0353080425884, -191.75609971163482, -119.23571052269432, -104.20255597599292, -125.15606315726367, -61.71384851541073, -63.747271035433684, -101.35733290652635, -133.0781549314331, -162.95255393308966, -102.63260979624323, -69.63089041767246, -232.1699517684217, -284.59311532782493, -118.20859278852485, -71.93042324733943, -83.07483137520207, -276.639197930271, -263.4784166460086, -237.81088421528344, -136.19473675876316, -212.68017125341652, -257.2884840742742, 383.75143028581135, -240.79746014050392, -348.25511743286347, -300.4996157645256, -96.49883193529246, -402.0575139652139, -229.9806441183249, -29.831550863367777, -7.462494257162941, -110.6980090272775, 56.0335391102022, -104.61764599464524, -56.17048664801185, -190.30740099587064, -294.7452145017887, -209.90981806476563, -251.1574250467506, -315.3165336556843, -279.9764804533658, -229.98584515917145, -370.54437778955105, -230.85440174240256, -135.84396044110667, -252.44562118256346, -260.08882991131736, -182.1372570505627, -113.41769917000605, -0.41058014603533743, -182.4149645629042, -16.06866337023216, -142.35606230329677, -214.65871187963955, -173.29726015121474, -83.20206492071179, -236.54810036931386, -308.10711242645624, -245.17827738816794, -70.26624230537122, -173.72079446494456, -264.96544039272885, -200.9870211383366, -195.46390903625053, 68.50560521383355, -210.32919863053826, -18.202258687163038, -138.08788020216375, -189.96097104225873, -117.29916591895855, -100.21534613763322, -211.88208766786474, -134.3542463499271, 125.50180085750821, -207.9842632092731, -132.45817773022813, -119.49764419631741, -237.8966636677116, -231.16612562336542, -151.9520242980559, -230.3385192839087, -228.71050115537034, -252.3054457120414, -191.91747322263328, -99.27742493214981, 117.69527228673637, 59.18499520761917, -171.7571357748663, -78.08583920554052, -124.07660577305168, -128.89846344301506, 444.66514007618525, -136.7044833389078, -160.96659543556262, -99.65371320638009, -153.69441393373793, -153.28394523269458, -66.82344911063862, 18.038581954477614, -36.45737369734687, -151.3665010323238, -289.218385109593, -243.24460703391574, -305.42998369460037, -190.32562217308518, -235.76566835300596, -193.9387062159738, 134.08062776277885, 67.21602850730777, 158.74087076050995, 45.713457569956006, 154.66449087481578, 67.22281286382345, -383.9467065264205, -176.66507090023694, -226.05515490740294, -152.57415338647516, -115.73077668056632, -300.28090992399774, -195.65464939669465, -14.890019948976352, -37.47152062058564, -5.190242416372911, -59.291663070233774, -4.27992082898375, -168.21450650057506, -270.3665309793937, -133.6195418618307, -184.8787826838673, -217.441304469134, -127.63197603588935, -156.74620602445773, -223.88572918448702, -70.54628527010983, -290.45879637559256, -128.4249642977005, -114.82659345380083, -225.14055060692283, -220.01771347462935, -246.3486562523802, -136.81595300502943, 22.590821971054588, -130.8998727199446, -59.55617493734847, -148.38309611796913, 80.54213753662408, -38.304584628485784, -40.25332660621865, 34.98853563384067, -395.2690574161207, -63.876322450344766, -109.5644071480221, -81.71560109918936, -225.72687227556565, -104.06343351924268, -154.50904503786717, -250.43888030882852, 2.7747791148967362, -187.49473330462214, -35.72887869137077, -212.8032938457275, 21.79643351806032, -37.13840694262447, -113.8500591171997, 36.18394325892861, 159.0243928326595, -220.30577411827613, -83.9745719491497, -66.15180130618437, -164.07894322593646, -226.26186277793693, -179.09022661999015, -185.37311803966404, -114.87326505498973, -110.49199719802718, -103.64964721924004, -149.17584819172745, 224.6254075769879, 230.13724336778822, 606.4856830780359, 239.93058682161018, 58.61742763781345, 73.24893921557558, 229.84268309332916, 87.99258494596468, -120.71765271348602, 125.73670118517937, -203.6571431354912, -229.13865758015996, 42.40373387867973, -177.00522310771865, -126.18479017061573, -21.120860463275072, -69.94925736074002, -79.22590875945384, 124.13339082007055, -194.91331082781772, -171.21932512493257, -159.11954002108638, -30.80221046042518, -138.2818746628002, -244.39594356293958, -277.6629293414634, -213.09325544679936, -192.54746444218117, -212.34066910800252, -205.42901674220423, -198.8869595807064, -325.90079487331116, -233.5645969192513, -188.2380430966295, -314.5938955058402, -258.42503441571233, -257.9029072188663, -33.13033334988669, 5.078903721790701, 175.07178833868625, 60.07953921517821, -128.0441191081233, -178.64503354283576, -35.11639763565052, -133.75279576678443, -190.9469555202943, -24.853271104196672, -123.92623751923429, -111.66126577805456, -251.7538400644778, -42.382130649847625, -45.783834946201885, 84.1366881007241, -61.88303999560554, -96.14099650617366, -142.32028783707568, -228.38694351024415, -125.89326216471486, -180.60828825809762, -119.02334077955759, 108.78211234055294, -147.91355382498898, -179.18362325826138, -118.21857260327089, -98.24517178847898, -229.79382551935032, 36.31362665754489, -259.2257811556319, -38.581278909001725, 14.382150825440347, 29.198999465426095, 40.36139725036412, -42.99257623623443, -126.31866392401801, -173.44855388258895, -140.13823978774852, -102.54832794728499, -233.23651952559163, -226.44925376876319, -82.29985196167365, 19.247499248532275, 168.1186369336685, 61.589013017370775, -55.99584417169551, -151.86680403808057, -110.28742831419359, 154.19613313461292, -9.551489958576074, -150.60312425276837, -166.6248269792802, 60.59056765040047, -105.79115603612313, -115.25488934216665, 35.42445024979884, 12.86946156382739, -33.253763953421675, -21.177538911485907, 71.87616554804495, -175.7553852377322, -17.228301446981238, -250.74696156493937, -33.276914567485484, 75.55016551794168, -51.07203818019039, -123.12957020132681, -276.2116070568047, -251.83108657734377, -128.80174403246167, -92.1788163053491, -247.22153922012748, 215.0774020072088, 175.77678988212674, 105.64258799451459, -46.116606325947586, 268.6820190782732, 179.98267807235203]",18.928623560533154,0.714339159137467,0.9962496898941078,9470.658,633.536,10.411,576298.983,37428.444,160.306,11.946,138000,138000,40.96923076923077,15.299999999999999,0.10000000149011612,4.999999873689376e-05,4102.0347,-0.0037109877,4102.0376,0.095826216,0.007364492,0.67156476,0.0
558.3630004795391,-1737.9500202602762,-760.0481123700994,100.0,60,15,144000,False,1440,24,212f51d07e9840f9afce8433e261ebfd,2020-07-14_16-17-02,1594743422,47.283302783966064,1114.9139552116394,62816,tango5,131.234.250.245,1114.9139552116394,0,24,d74d5_00000,0,-464.6210756001253,457.900797918613,-126.67468539501657,"[-909.8494518970606, -1071.3866261622281, -987.231542023073, -1128.864551017486, -593.7137439590165, -1332.911642053736, -1324.2442558971113, -314.45949512832544, -784.5762846833497, -907.179734821399, -655.8325851664891, -180.02623372737324, -1737.9500202602762, -826.5466187375891, -1405.7510822603808, -970.1371847853782, -1325.4657850111614, -981.7765792129259, 162.08164238499248, -668.770401688433, -956.2264609954917, -1208.1284517418326, -11.666480811132587, 131.50808312949806, -584.3550170444812, -1344.8175623154223, -849.3343582916789, -702.9819315995702, 311.5533995480816, -728.9327486132607, -682.2287182348218, -372.6031042501365, -1172.8710177284088, -908.51165295937, -93.98845616634728, 131.7691741673631, -711.4439657690668, -735.5951602078761, -1173.6980958765187, -537.1824279586696, -1173.6027111466708, -1031.9633640177824, -1489.6686632202986, -1171.1202390954745, -1079.1488590965237, -721.460992769252, -514.5421804641974, -836.7986554369089, -1247.435257931745, -823.294450491005, -696.5459330261112, -1337.8598225936853, -702.2128613639734, -969.6358541394291, -136.51506047275637, -1001.9273051408444, -849.181741619672, -1315.4963924875412, -735.9399351063797, -469.0437785683007, -1262.7395235291056, 146.1711236976593, -4.9927181561825975, -1470.5975790510713, -1667.9863030252943, -752.6791653614805, -132.45876097126154, -144.48593105875668, -1375.2441072569768, -474.50080286452936, -666.2533295910417, 558.3630004795391, -674.3329763303057, -589.2136996894704, -40.77543866964532, -438.3148382612887, -499.6547286694518, 361.03009518046895, -977.4591575504785, -914.5621072829384, -237.15001364122224, -49.74908173292697, -1111.7861433344117, 127.64540092951376, -128.72060386083237, -721.3845681938052, -1443.6201955750848, -970.0553811270358, -1533.1200304837262, -1235.170438570083, -580.6593048133528, -700.0995859255848, -633.3988130203986, -1066.6161124375842, -723.7012626619343, -1618.0891833567227, -252.74664768026267, -1541.4128727182278, -1479.763036226114, -636.8052266030382]","[100, 100, 100, 100, 100, 100, 100, 100, 100, 100, 100, 100, 100, 100, 100, 100, 100, 100, 100, 100, 100, 100, 100, 100, 100, 100, 100, 100, 100, 100, 100, 100, 100, 100, 100, 100, 100, 100, 100, 100, 100, 100, 100, 100, 100, 100, 100, 100, 100, 100, 100, 100, 100, 100, 100, 100, 100, 100, 100, 100, 100, 100, 100, 100, 100, 100, 100, 100, 100, 100, 100, 100, 100, 100, 100, 100, 100, 100, 100, 100, 100, 100, 100, 100, 100, 100, 100, 100, 100, 100, 100, 100, 100, 100, 100, 100, 100, 100, 100, 100]","[-124.74325545222602, -189.39746508867452, -149.3980780050139, -131.58488813208035, -204.4140226481361, -110.31174257092796, -197.60830335196363, -248.79070508781095, -90.6080113297339, -201.24432040046128, -180.34803351075692, -152.78725248150255, -333.64369601663367, -108.7286638727992, -100.27215045667005, -158.95844572871803, -126.37318203384523, -159.2554039144061, -96.83640739974655, -314.7943361173211, -182.43788406154138, -107.55909824100904, -211.08063245390224, -216.1561927439663, 4.707463845199761, -174.15355148932892, -64.5628590225932, -100.28277019932882, -219.899341505799, -39.52268558716543, -255.38066950689682, -118.244178138351, -317.37807775793226, -157.91199825899776, -410.7944933165353, -73.20222507502437, -192.16596137565122, -209.9520463398213, -249.47639309447965, -195.25445867014682, -327.2845911218552, -150.11080529515814, 24.594989546939996, -2.058129390070724, -88.50088591193001, -142.62513795223418, 17.27634586210363, -123.1466772831342, -57.8076189931427, -120.9720200086256, -49.09516661881424, -216.39280281082, -89.52348171405472, -250.78519453789266, -169.86801669746677, -146.53639680680755, -140.25158154771196, -206.28888889415134, -103.59756951314922, -140.63728136211162, -215.6298367412531, -247.03553486767797, -168.2109460863457, -49.23247441905023, -84.96981202338928, 109.24601897122676, 156.6879879737718, -95.06753921357472, 17.1278707337812, 64.94165791900404, -187.02553575655108, -136.6906753838049, -217.65581187190972, -389.28508995890826, -319.8398900882295, -264.00266630471725, -299.1345413751719, -248.03202066134253, -144.23873932771284, -102.19817511962144, -215.87400085157418, -175.20155726053068, -108.61186609221286, -80.42228008593726, -114.83162267424741, -158.43322561448988, -333.162313924754, -126.15761675519346, -208.54522769156836, -464.6210756001253, -111.86627833875374, -182.17489572034094, -102.38481853704006, -218.37292617571921, -203.4106254599, -151.92764055362508, -194.94138544867027, -157.739812683559, -187.8054944430824, -403.48746122072123, -186.39721564905247, -195.09441556607524, -190.79884662615916, -108.21151226323535, -208.5065119443853, -131.4704156510213, -205.8873615391986, -136.90193118892583, -56.98797501508653, -116.48351971734307, -65.91577726161385, -33.91177422583544, -22.520109313740768, 457.900797918613, -132.08966127386975, -154.48481011759893, -189.57790685682087, -1.9135789843838311, -128.0287112701154, -62.675733185644404, -143.06727680260002, -129.7607800879541, -219.58462557550655, -137.47033352792528, -138.8529366288512, -187.49050837265654, -254.9204863509376, -229.73633579994677, -229.62964885389334, -94.70814764700647, -141.1682000486822, -257.96563304136856, 184.01322742981228, -98.05580688848208, 74.80312493634628, -210.3840416911287, -48.75071133445824, 86.707726736778, 103.56209160046596, 115.39337969293814, -124.63209813576842, -40.74559807991348, 98.94867036420284, -21.018362312426813, -104.13993195914792, -163.83634233055702, -241.556522045231, -172.41205312505795, 155.54142495567046, -57.95159254015796, -261.1576167546031, -311.27912237160365, -143.57891354533075, -309.2719390412823, -164.0065879785925, -155.52338262401054, -102.65683779975542, -194.8500785516955, 19.221581842240322, -188.64351294823106, -200.96190352008458, -181.44360731415262, -124.75857851214565, -33.07726985453969, -203.61936063403013, -206.5358493240867, -55.595495915183854, -79.39537735958427, -12.657661013086985, -35.22456766154576, 8.933127877360931, 196.58674727162654, 142.54319262353263, 11.372560450193856, -2.914585637473418, -132.30253259031815, -65.64705588664974, -160.14456337732696, -231.51754207052278, -136.40646905096995, -169.37705748592174, -123.76987902734682, -156.00729969133542, -33.444576350030644, -22.859182316516975, -176.77072336366993, 91.25432431458032, -78.80517923841309, -136.09064229943786, -41.65893112752778, 12.26053342070631, -219.56320932004465, -40.150255352635824, -167.26250883563736, -161.98897921398748, -225.9622245140478, -361.91273253184215, -215.5943172802546, -175.0325143556912, -111.21848215628303, -258.1303466489655, -204.9182697319366, -143.72404236303294, -15.487997703460687, 112.11885479009227, -81.75941222848768, -48.572152406789016, -146.37713596727286, -30.681163593046065, 101.28255323915585, -30.676345021270667, 404.71433532825847, -111.78925552294298, -131.67696513268405, 59.25177665776553, -58.0543721417624, -278.70755389995475, -189.422533132199, -199.02961288698756, 58.11598433313871, 98.30891937724533, -200.70916956030973, -177.34956649346276, -12.886445200477908, -153.1723652874816, -114.60180507527294, -121.83252715572881, -155.7524509954512, -191.5176985198614, -286.31952243743723, -131.18281183648986, -193.00581928001358, -219.7056981130531, -151.9665456896639, -45.319266869017596, -60.26395870295984, -103.70203409864277, -160.70031805579018, -76.76444681946472, -90.43240341279495, -237.20687956568256, -323.02743493205793, -20.963859632907237, -119.00666026802813, -306.58638334653534, -166.81149340145956, -62.799067504501686, -256.1048949850968, -70.49085313347598, -209.41790013020838, -210.73103060393322, -222.41961766056573, -148.868553894721, -238.4542121339388, -255.79358715483556, -307.40938593116397, -301.79775003002374, -237.34517407561378, -345.0959882387206, -35.60447258701373, -98.0377582231662, -115.56861536548679, -225.13825725941498, -351.6751474216723, -144.48469708970524, -200.20434641673077, -227.58151565955305, -180.6401326884825, -175.41978251018227, -150.81838473186963, -18.63775656580146, -188.17381817590748, -241.56970530587392, -131.63823950600073, -62.302183649851955, -79.13928956581563, -129.49408617714386, -144.57718537717966, 300.85100363829036, -158.18197402392292, -212.7991781614588, -170.34076036278134, -182.61690592782406, -74.61721172672885, 30.175305912239864, -196.30648026265808, -180.52660589771187, -232.90675753422755, -184.25399819915953, -20.04857746726089, -391.9356736643014, -306.22534705371703, -157.92765699418607, -187.0440045531214, -90.33360160446757, -84.87960656003997, -172.65965404306888, -154.22227473060462, -149.49353032985698, -171.70578322296728, -94.78117913004735, -109.15282764393515, -217.02162221752047, 22.663425604816673, -34.444405138329834, -263.8093245010957, -255.15318123356252, -178.46559576420685, -180.27165400383652, -191.96964762789304, -336.92150029659496, -195.0782436675912, -213.0916429806501, -85.13299781232118, -119.34063829233381, -141.16596187546395, -107.69267851655738, -35.788941886647116, -246.2423132616844, -129.0356139482705, -194.4565313063983, -105.03700504980866, -109.6543812353579, -185.21000933790964, -173.34832235908897, -30.359633601421915, 166.22928233087643, 54.06480335015036, -56.99397235449724, -96.10721783877506, -186.5569695835115, -156.17676710986876, -127.12401909572152, -159.70502785666253, -176.0443911057223, -196.32013038935847, -169.8514960415275, -123.69654823922062, -128.97478263124663, -91.52325481723022, -219.94946363619007, -115.18619625425728, -199.1078376975946, -233.92509507171383, -157.47167486625347, -289.02295109024726, -257.12813596218336, -178.8406977995503, -82.26896520812309, -150.98120242777642, -125.9355392231946, -29.002623280973353, -135.27294185498678, -212.47866311132546, -6.922497241425916, -99.07946702862176, -124.73487602451287, -136.81191150214224, -91.9505352925085, -9.544491479089821, -393.36968371405277, -205.0748371423307, -198.7821796870867, -282.39588589559656, -21.634954448322777, -161.48198264171506, -97.63101133123759, 194.73763245764948, -17.83746782356939, 24.105810679977683, 51.141004644926625, -8.34484493008712, -50.62257647812774, -117.49746863012567, 92.34742314488726, -67.97091464608472, 48.57692626416315, 90.17389218910428, -167.09555096064804, -179.77507593529293, -420.91989335745257, -184.91597548339854, -253.02482457853594, -264.8662587357427, -237.9318607054885, -214.5192776946491, -256.5753250865915, -285.6913309619067, -338.3949828004992, -334.87352577615786, -219.1326973595951, -105.93705382274803, -114.13346822333747, -115.89913916644112, -99.28443369447888, -98.292373094879, -211.92434842535565, -81.36055757337446, -156.00636387876938, 204.36899214370607, -84.82544779171057, 197.28896455424203, 170.62523283778953, -150.5307602405679, -41.29423993279728, -128.42995422587052, 29.941507966486462, -24.797717463798364, -325.73220179446037, -192.86761903246494, -90.76758406526594, -220.1943413858735, -299.56553475068296, -246.11682622822886, -136.78435451600626, -105.39760681176274, 31.775734571855462, -198.23181594871193, -46.61812482103214, -19.244635338871397, -184.56643362399342, -205.78443148427203, 13.238966065559268, -191.32784808464922, -46.136284046952255, -51.6772984167342, 8.27581976441566, 272.04844687744253, 6.410538614840153, 237.7643501683862, 54.163028486183734, -20.299183431729475, 67.52031721530831, -38.80486345862736, -10.330232826871498, -238.28655255764315, -210.81881753576684, -243.6128271667037, -94.23212402820756, -97.53326518475318, -100.95423837272175, -67.16428462868187, -135.53880263034173, -93.79098484476586, 65.52919607780488, -63.237884060901415, 41.96102112912879, -16.7098221839804, 13.803269621789244, -82.12121925348632, -92.06240952608435, -30.208625077586234, -50.69201068966109, -93.76212550266125, -199.04131959929643, 27.451652134001073, -29.448763375307767, -176.1190166773213, -54.73596018954814, -185.82918251403407, -99.3081173007808, 45.786311387539136, 17.3373460506457, 138.26624708704705, 39.824294975964946, -16.524697862193193, 196.1453677058346, -14.01846277682926, 27.330871778702893, -370.8255799043972, -350.54666742774754, -355.85644415178285, 61.43119567291362, 11.00746648183189, -205.04121980315622, -22.45228562932567, -191.97896828011602, -140.10042383046115, -114.70886507202758, -240.28034466785132, 83.76750666721378, 15.531531604377848, -51.83858987445135, -111.66158712010504, -217.99396722123103, 45.04509230297337, -122.77090007119766, 5.552768046095528, 258.9352444024807, -78.80583106469167, -82.054183583688, -30.606179461925404, -187.14841742466822, -197.25239813370445, -133.1428333803556, -196.96875990948476, -239.66591343136997, -157.60782105482815, 18.977943884277426, 83.46171501804902, 113.3539166962702, -66.71325373510462, 25.03957835576425, -46.47449928974225, -77.4273634633062, 74.93343900017089, 45.82871379368328, -79.01939261886145, -116.1311714683866, 23.095170895867977, -83.61970324855155, -195.39495041712738, -125.47708214384113, -42.37203999042332, -150.39783850675238, -124.1229538871097, -305.3763278763878, -338.4634361100088, -200.5849819622161, -267.7344436903671, -57.53251356578366, -273.9284923703216, -107.56889807266163, -130.3388677450321, -144.0075054171356, -53.97019934072014, -229.61885796612364, -304.55105258536423, -252.5292226988925, -266.5277945439035, -353.1278825582717, -75.13373723881206, -387.08626287012356, -198.71513057372175, -135.80257969586162, -166.6521864421356, -252.19282711267294, -152.28838637374605, -278.60060475889566, -249.63385418677115, -66.077382820671, -32.73507379339891, -31.82158908387434, -90.3009703924734, -298.37168574583916, -61.35260297709602, -98.0353080425884, -191.75609971163482, -119.23571052269432, -104.20255597599292, -125.15606315726367, -61.71384851541073, -63.747271035433684, -101.35733290652635, -133.0781549314331, -162.95255393308966, -102.63260979624323, -69.63089041767246, -232.1699517684217, -284.59311532782493, -118.20859278852485, -71.93042324733943, -83.07483137520207, -276.639197930271, -263.4784166460086, -237.81088421528344, -136.19473675876316, -212.68017125341652, -257.2884840742742, 383.75143028581135, -240.79746014050392, -348.25511743286347, -300.4996157645256, -96.49883193529246, -402.0575139652139, -229.9806441183249, -29.831550863367777, -7.462494257162941, -110.6980090272775, 56.0335391102022, -104.61764599464524, -56.17048664801185, -190.30740099587064, -294.7452145017887, -209.90981806476563, -251.1574250467506, -315.3165336556843, -279.9764804533658, -229.98584515917145, -370.54437778955105, -230.85440174240256, -135.84396044110667, -252.44562118256346, -260.08882991131736, -182.1372570505627, -113.41769917000605, -0.41058014603533743, -182.4149645629042, -16.06866337023216, -142.35606230329677]",19.000758145971528,0.7141645482343822,0.9954054261046282,9519.019,630.317,10.659,562910.711,37436.18,160.273,11.864,144000,144000,40.67424242424243,15.299999999999997,0.10000000149011612,4.999999873689376e-05,3447.9653,-0.003717565,3447.9683,0.09367237,0.00681284,0.6602148,0.0
856.5749760918077,-1506.7360927988161,-678.0991705069838,100.0,60,15,150000,False,1500,25,212f51d07e9840f9afce8433e261ebfd,2020-07-14_16-17-49,1594743469,46.90494346618652,1161.818898677826,62816,tango5,131.234.250.245,1161.818898677826,0,25,d74d5_00000,0,-391.9356736643014,518.661847409517,-113.01652841783061,"[-938.8752098311099, -1335.4493455433994, 48.357631241480014, -627.2970394024246, -1288.9464298496816, -1053.5638804329942, -1409.2359886449437, -660.4706872681536, -229.36629189672126, -305.12046012126166, -220.61517489707091, -226.57764377156357, -996.8160576340237, -489.17098164663327, -759.2248154641295, -1234.0447231352941, -733.857486785506, -457.29503952961414, -1498.0575224913675, -916.6283031084843, -390.74767871149527, -1138.9324615810792, -515.7614463367419, -643.0038640467758, 397.75870232902145, -1480.1557728575958, -1324.1834306946625, -1324.6926244875024, -1096.351122638976, -354.95851257253565, 417.5950472338924, -503.6771280421109, -876.7830528101175, 367.53020833415025, -1506.7360927988161, -557.8664341736121, -447.1787383884094, -519.9537416047725, 175.80083944550762, -1053.3240604291038, -388.4922860069292, -989.3144792153334, -1039.8273588965874, 856.5749760918077, -861.1291995894913, -72.16467706666955, -153.81416554986833, -685.6117695061513, -58.38294428252249, -647.3936451677879, -37.70905894309818, -517.5091125933776, -534.928498846173, -709.0340627057079, 664.1140350163367, -905.5628370073548, -863.9447628009872, -885.361603951616, -909.6118266054549, -859.8079461190767, -956.2264609954917, -1208.1284517418326, -11.666480811132587, 131.50808312949806, -584.3550170444812, -1344.8175623154223, -849.3343582916789, -702.9819315995702, 311.5533995480816, -728.9327486132607, -682.2287182348218, -372.6031042501365, -1172.8710177284088, -908.51165295937, -93.98845616634728, 131.7691741673631, -711.4439657690668, -735.5951602078761, -1173.6980958765187, -537.1824279586696, -1173.6027111466708, -1031.9633640177824, -1489.6686632202986, -1171.1202390954745, -1079.1488590965237, -721.460992769252, -514.5421804641974, -836.7986554369089, -1247.435257931745, -823.294450491005, -696.5459330261112, -1337.8598225936853, -702.2128613639734, -969.6358541394291, -136.51506047275637, -1001.9273051408444, -849.181741619672, -1315.4963924875412, -735.9399351063797, -469.0437785683007]","[100, 100, 100, 100, 100, 100, 100, 100, 100, 100, 100, 100, 100, 100, 100, 100, 100, 100, 100, 100, 100, 100, 100, 100, 100, 100, 100, 100, 100, 100, 100, 100, 100, 100, 100, 100, 100, 100, 100, 100, 100, 100, 100, 100, 100, 100, 100, 100, 100, 100, 100, 100, 100, 100, 100, 100, 100, 100, 100, 100, 100, 100, 100, 100, 100, 100, 100, 100, 100, 100, 100, 100, 100, 100, 100, 100, 100, 100, 100, 100, 100, 100, 100, 100, 100, 100, 100, 100, 100, 100, 100, 100, 100, 100, 100, 100, 100, 100, 100, 100]","[-157.96743861614803, -142.99767545526603, -293.1120188379444, -229.16613102836965, -112.49764810236236, -3.1342977910192857, -266.9885142059553, -244.3251695171626, -281.3673172603453, -206.32563206424865, -195.23907506481467, -141.20363743087222, 17.678393677712407, -23.06123055720549, -42.07081738743108, -119.75858539857857, 78.48549876983024, 137.08437213715285, -182.90291501125267, -138.93757843408997, -108.3371474317062, -69.4370354852409, 101.61694295039601, -229.29930599053034, -172.7270592319226, -288.3706926208473, -209.3647495917824, -195.87798436618897, -219.2447678830304, -203.36117615591263, -352.59736984244637, -218.0273066038266, 173.5102146440869, -231.76007154807132, -219.62949220879239, -205.05985487394474, -319.41896708345337, -276.03127075980683, -184.0962230909395, -229.92762453976528, -193.3619154823054, -206.39998768867312, -173.4024591317946, -77.10036835137583, -100.21797564513454, -78.53565078369492, -136.92458792584011, -94.28964543031307, 18.643548022117745, -93.85932149902757, -31.32529009661851, -153.1420759593746, 183.6333044510931, -153.31645681491116, -27.158334501015492, -110.82441758097052, -92.60380951893814, -13.161507629508911, -32.46709269896552, -28.905298191864656, -34.56687123513264, 14.296504436546789, -106.17662485813324, -69.8972190318856, 75.80750204249709, -100.0784662509633, -176.0227832105953, -173.40238348121213, -70.13554589113403, 29.35062651281172, 257.59395571696996, -93.96151341840356, -121.10556945641135, -189.0099703343033, -134.02387352304126, -143.64225614503857, -199.1102221001127, -209.92416607511902, -174.70193747927183, -80.47590466975392, -90.80405943738343, -114.47996530728666, 3.9934485495965086, -32.70256330253413, -65.42995940506796, -154.49468505704723, -131.07120691294855, -10.435893618013555, -186.2875121939048, -211.5055582771468, -312.06042183189356, -218.93846814604257, -226.94461453454028, -260.96048103204964, -89.77578025392651, -125.36495733684042, -50.24040977690324, -207.24442815128418, -175.76419174027063, -161.88337830861863, 79.50980823502027, -218.23488704344993, -47.726287906818506, -28.536772908391377, -106.21942597721409, -58.079642843756446, -73.90757665506173, -142.8253332383719, -135.46205575070627, -303.2340815001293, -137.83761367640417, -238.7310651739226, -314.3817774676108, -368.41092892259195, -27.47464978305645, -103.14067962282627, -147.994556611296, -157.44464130398265, -180.04949859760416, -300.52427718971813, -71.02162625870315, -133.40661455747414, -22.710793702571117, 49.134634739922326, -152.6198719028534, -60.123407029815894, -258.2196315002774, -240.14354303462582, -212.34679103833415, -162.64883708968932, -116.49711574639421, -149.07654317175715, -98.80722109560405, -187.93874777756807, -25.794656967198023, -110.65423376975725, -15.455394297674648, -77.11119242893967, -22.513439812299968, -154.81733280625102, -16.726682353874708, -163.4616624301013, -171.67686879041298, -113.80787785383653, 288.20217440480644, -6.014600788369091, -98.31424663564744, 331.0284848863985, -73.29361454426139, -43.849494993905466, -247.85947084035163, -135.4990805627768, -344.6718000503705, -261.48059795774844, -202.36319114693305, -288.28163229941504, -253.9368552392221, -196.6036782083495, -239.64237015382443, -189.74422105885836, -217.00298706767686, -227.25331896673003, -311.53610653854673, -229.54449003669637, -252.55988748433535, -180.3408714825794, -157.02538424385946, -193.68588470148435, -180.87083475734363, -359.35928984310425, -111.98751881179385, -288.35402267359126, 35.9952496398918, -191.77470619303614, -89.11133176730291, -91.27206808243011, 61.22022525346084, -71.91432950957996, -28.22642296223099, -135.65458550445248, 157.32716793979031, 193.50473889659926, -26.494576751133792, 50.256478444941315, 17.082094211078214, 25.91914449261573, 17.13153387941096, -223.64406201692157, 65.20024219705985, -109.40257868998678, -201.97355389874372, -50.988709512930214, -41.67536829559892, -187.9628308522575, -288.73161486273125, -90.31370820266865, -151.6974246961784, -116.40210590068148, 84.3745493911022, 47.878799828897144, 125.7360064709968, 40.9917285013284, 58.471366989124874, 10.077757152699801, -266.22371599439487, -240.73952626070098, -231.73470852485977, -309.01447603301796, -217.2636177827585, -241.7600482030839, -169.68020600246712, -64.8604355946227, -124.8692316587156, 74.4211452892226, -160.4297980944236, -112.44790811260546, 119.40210119338543, -60.275695243464554, 41.872143151822556, -129.53265820351544, -197.74422238006647, -220.90040690657077, -297.6110780247648, 61.34537357053065, -36.23792720360526, 13.239936946022397, -99.74161656310726, -160.9484303298473, 15.967345795791545, -104.93946748999488, 20.17651890008557, 67.14447167953243, 230.51247292701052, -53.060502366917675, -148.45505619101266, -183.77330950925935, -249.62658148751558, -154.38738518853484, -136.6801403582874, -180.40158769449454, -85.59342211320465, -131.0033784696071, -84.46978682218126, 38.266267505725914, -76.96678936799755, -48.72517673966512, -150.68656026333264, -198.8188282640815, -137.06052601974767, -170.98967445508816, -143.33757336785357, -188.42131684522977, -237.2168494453783, -173.25877203821605, -281.14766941434897, -125.2736465891885, -129.67963054560767, -93.25079086384633, 93.26708382788756, 192.4929959557492, 124.74941964128939, 165.58526420174354, 188.27369781206104, 92.20651465307677, -177.81122680196464, -69.4449454693126, -115.52214176496825, -162.0314226596792, -201.2729491564338, -135.04651373713222, -71.26160503338501, 183.64952647580637, -40.70071635163477, 274.6674714339394, -181.09236927404214, -237.42698431735323, -217.20347474944091, 264.1147461858614, -157.785180066141, 118.83929282574364, 88.08979083772212, -249.8693405836129, -83.34060504074606, -66.60813613761266, -99.90667654858086, -87.74250509492965, -98.22628442985743, -249.78756225442538, -186.5016863401413, 13.372096248652017, -13.83399248883676, 26.970875750774816, 40.18589690297964, 61.423865644048625, -46.130946753219604, 12.432698134271197, -311.5459533635915, -39.63177176172473, -194.12664069336276, -68.39103073016062, -106.87559628035133, -110.45691393162319, -45.255842990834985, 69.5262986171631, 281.77048584692375, -126.41749020437497, -181.5376087327676, -227.13934903363545, -74.28196496724428, -58.55484077229409, -11.13931408453709, 35.14396499710104, -110.13287623287812, -136.572428254594, -213.86782335833007, 14.303707515572638, 6.15947190524788, -94.8185504211904, -174.18602043615613, -152.98531991356893, -41.74588247104672, -114.25828869948609, -174.58448664800636, -51.27406453744236, 59.84561692963663, 123.4163009818391, 22.448265694431882, 518.661847409517, -88.42498586790566, 28.16698986881801, -132.39932098850946, -157.25631005496967, -228.26683146610426, -177.7624567218846, -101.82162975556867, -108.05628802031808, 39.06114465007007, -195.47612300638974, -219.59971668993578, -27.58448394809574, -214.80925045568776, -245.53633335094796, -226.9433186486813, -44.655554435126355, -140.82143269139078, -158.50632879744649, -139.36241553054828, -175.07255384842367, -151.47191520443636, -111.29603316744604, -117.14228032830367, -229.98140722145473, -166.51064218477322, -133.20954849904015, -125.43856593508397, -78.29014337984027, -244.8784208481077, -81.88726868173697, -276.0501622139858, -53.263385060321575, -143.06727680260002, -129.7607800879541, -219.58462557550655, -137.47033352792528, -138.8529366288512, -187.49050837265654, -254.9204863509376, -229.73633579994677, -229.62964885389334, -94.70814764700647, -141.1682000486822, -257.96563304136856, 184.01322742981228, -98.05580688848208, 74.80312493634628, -210.3840416911287, -48.75071133445824, 86.707726736778, 103.56209160046596, 115.39337969293814, -124.63209813576842, -40.74559807991348, 98.94867036420284, -21.018362312426813, -104.13993195914792, -163.83634233055702, -241.556522045231, -172.41205312505795, 155.54142495567046, -57.95159254015796, -261.1576167546031, -311.27912237160365, -143.57891354533075, -309.2719390412823, -164.0065879785925, -155.52338262401054, -102.65683779975542, -194.8500785516955, 19.221581842240322, -188.64351294823106, -200.96190352008458, -181.44360731415262, -124.75857851214565, -33.07726985453969, -203.61936063403013, -206.5358493240867, -55.595495915183854, -79.39537735958427, -12.657661013086985, -35.22456766154576, 8.933127877360931, 196.58674727162654, 142.54319262353263, 11.372560450193856, -2.914585637473418, -132.30253259031815, -65.64705588664974, -160.14456337732696, -231.51754207052278, -136.40646905096995, -169.37705748592174, -123.76987902734682, -156.00729969133542, -33.444576350030644, -22.859182316516975, -176.77072336366993, 91.25432431458032, -78.80517923841309, -136.09064229943786, -41.65893112752778, 12.26053342070631, -219.56320932004465, -40.150255352635824, -167.26250883563736, -161.98897921398748, -225.9622245140478, -361.91273253184215, -215.5943172802546, -175.0325143556912, -111.21848215628303, -258.1303466489655, -204.9182697319366, -143.72404236303294, -15.487997703460687, 112.11885479009227, -81.75941222848768, -48.572152406789016, -146.37713596727286, -30.681163593046065, 101.28255323915585, -30.676345021270667, 404.71433532825847, -111.78925552294298, -131.67696513268405, 59.25177665776553, -58.0543721417624, -278.70755389995475, -189.422533132199, -199.02961288698756, 58.11598433313871, 98.30891937724533, -200.70916956030973, -177.34956649346276, -12.886445200477908, -153.1723652874816, -114.60180507527294, -121.83252715572881, -155.7524509954512, -191.5176985198614, -286.31952243743723, -131.18281183648986, -193.00581928001358, -219.7056981130531, -151.9665456896639, -45.319266869017596, -60.26395870295984, -103.70203409864277, -160.70031805579018, -76.76444681946472, -90.43240341279495, -237.20687956568256, -323.02743493205793, -20.963859632907237, -119.00666026802813, -306.58638334653534, -166.81149340145956, -62.799067504501686, -256.1048949850968, -70.49085313347598, -209.41790013020838, -210.73103060393322, -222.41961766056573, -148.868553894721, -238.4542121339388, -255.79358715483556, -307.40938593116397, -301.79775003002374, -237.34517407561378, -345.0959882387206, -35.60447258701373, -98.0377582231662, -115.56861536548679, -225.13825725941498, -351.6751474216723, -144.48469708970524, -200.20434641673077, -227.58151565955305, -180.6401326884825, -175.41978251018227, -150.81838473186963, -18.63775656580146, -188.17381817590748, -241.56970530587392, -131.63823950600073, -62.302183649851955, -79.13928956581563, -129.49408617714386, -144.57718537717966, 300.85100363829036, -158.18197402392292, -212.7991781614588, -170.34076036278134, -182.61690592782406, -74.61721172672885, 30.175305912239864, -196.30648026265808, -180.52660589771187, -232.90675753422755, -184.25399819915953, -20.04857746726089, -391.9356736643014, -306.22534705371703, -157.92765699418607, -187.0440045531214, -90.33360160446757, -84.87960656003997, -172.65965404306888, -154.22227473060462, -149.49353032985698, -171.70578322296728, -94.78117913004735, -109.15282764393515, -217.02162221752047, 22.663425604816673, -34.444405138329834, -263.8093245010957, -255.15318123356252, -178.46559576420685, -180.27165400383652, -191.96964762789304, -336.92150029659496, -195.0782436675912, -213.0916429806501, -85.13299781232118, -119.34063829233381, -141.16596187546395, -107.69267851655738, -35.788941886647116, -246.2423132616844, -129.0356139482705, -194.4565313063983, -105.03700504980866, -109.6543812353579, -185.21000933790964, -173.34832235908897, -30.359633601421915, 166.22928233087643, 54.06480335015036, -56.99397235449724, -96.10721783877506, -186.5569695835115, -156.17676710986876, -127.12401909572152, -159.70502785666253, -176.0443911057223, -196.32013038935847, -169.8514960415275, -123.69654823922062, -128.97478263124663, -91.52325481723022, -219.94946363619007, -115.18619625425728, -199.1078376975946, -233.92509507171383, -157.47167486625347, -289.02295109024726, -257.12813596218336, -178.8406977995503, -82.26896520812309, -150.98120242777642, -125.9355392231946, -29.002623280973353, -135.27294185498678, -212.47866311132546, -6.922497241425916, -99.07946702862176, -124.73487602451287, -136.81191150214224, -91.9505352925085, -9.544491479089821]",19.060072978717823,0.7139856605392026,0.9947128129211126,9534.169,629.315,10.613,565342.463,37438.486,160.263,11.998,150000,150000,41.106153846153845,15.299999999999999,0.10000000149011612,4.999999873689376e-05,4514.6426,-0.0033348252,4514.646,0.107051544,0.0053597833,0.64721334,0.0
856.5749760918077,-1563.8617536197723,-646.344430685704,100.0,60,15,156000,False,1560,26,212f51d07e9840f9afce8433e261ebfd,2020-07-14_16-18-36,1594743516,47.31193804740906,1209.130836725235,62816,tango5,131.234.250.245,1209.130836725235,0,26,d74d5_00000,0,-432.1997638886777,818.8962977418797,-107.72407178095068,"[-748.2960258279503, 49.65939307727983, -952.0361918186933, -1360.582378139879, -1068.361276953663, -781.9714805342334, -1221.9457433203463, 170.09792648955175, -712.8665255590079, -232.26594648538162, 176.85542341044956, -480.334705555745, -174.11524575415456, -1234.6591254427406, -286.63492097055615, -424.78856901073885, -1563.8617536197723, -879.4478153004573, -729.4688903165995, -751.930410158579, -963.2526467686522, -1011.2824041772791, -737.1106772998191, -242.17880808892667, -739.0070262435771, -601.3166394641278, -707.5439394057731, -1307.085521993769, -942.0381976381343, 71.9082883033941, -789.6972558237226, -1158.444357900755, -178.96851320957512, -1188.8842774102377, -324.4910488449118, -1105.3393623617005, -400.5457089364061, -463.34302061410773, -1311.1716044671011, -1410.5362041108167, -772.8285197833584, -835.8341489848624, -1342.2352473205385, -857.899192665396, -1398.7345536174284, -806.7554463640878, -1225.964102889351, -526.7500514796324, 221.75320473672792, 159.34210235185753, -559.63285599037, -852.2290454113962, -907.7973536074988, -1105.6992285038014, -988.5067225240789, -803.890953673906, -337.46569419625376, 31.049267046621342, -215.21277657804734, -817.3359722906054, -390.74767871149527, -1138.9324615810792, -515.7614463367419, -643.0038640467758, 397.75870232902145, -1480.1557728575958, -1324.1834306946625, -1324.6926244875024, -1096.351122638976, -354.95851257253565, 417.5950472338924, -503.6771280421109, -876.7830528101175, 367.53020833415025, -1506.7360927988161, -557.8664341736121, -447.1787383884094, -519.9537416047725, 175.80083944550762, -1053.3240604291038, -388.4922860069292, -989.3144792153334, -1039.8273588965874, 856.5749760918077, -861.1291995894913, -72.16467706666955, -153.81416554986833, -685.6117695061513, -58.38294428252249, -647.3936451677879, -37.70905894309818, -517.5091125933776, -534.928498846173, -709.0340627057079, 664.1140350163367, -905.5628370073548, -863.9447628009872, -885.361603951616, -909.6118266054549, -859.8079461190767]","[100, 100, 100, 100, 100, 100, 100, 100, 100, 100, 100, 100, 100, 100, 100, 100, 100, 100, 100, 100, 100, 100, 100, 100, 100, 100, 100, 100, 100, 100, 100, 100, 100, 100, 100, 100, 100, 100, 100, 100, 100, 100, 100, 100, 100, 100, 100, 100, 100, 100, 100, 100, 100, 100, 100, 100, 100, 100, 100, 100, 100, 100, 100, 100, 100, 100, 100, 100, 100, 100, 100, 100, 100, 100, 100, 100, 100, 100, 100, 100, 100, 100, 100, 100, 100, 100, 100, 100, 100, 100, 100, 100, 100, 100, 100, 100, 100, 100, 100, 100]","[-77.7856612887074, -149.90288323372025, -88.74911175337658, -164.55597243877182, -104.54983242729203, -162.75256468608217, -129.37745876999182, 3.3645476439145114, -208.95850139425474, -196.51599658598298, -237.74949555828485, 818.8962977418797, -60.788128706682215, -209.97493953152895, -115.62102817842452, -182.36081745568896, -230.75630881512072, -152.53496913124815, -232.30733223117295, -432.1997638886777, -271.98361919745497, 141.76139452116996, -216.6444330284496, -349.2086243152929, -219.64769978135897, 58.12995103288125, -107.98078881784296, -187.81910371294413, -222.57932216852163, -388.46431350587613, -194.51051065539326, -156.6695614029524, -108.72020735800609, -150.1194019137198, -140.41008370446082, -31.541715499701027, -241.14878746168617, -213.51082423255255, -145.20188701679479, -276.63194703004666, -141.70675543443218, -203.74554214483663, -94.43226773812056, 80.1298472763248, 58.43194004679539, 165.93109741557427, -8.702059496413275, -31.260631014609537, -216.6433273266903, -139.23924096948335, -89.45758365989984, -17.54908213775187, -140.95173912559585, -109.02555233958664, 5.696710897579898, -75.41677850046926, -45.99955735244156, -5.909491809878734, -52.831761266303545, -57.80506845386843, -19.699042483958372, 100.2992366212069, -67.38878545833569, -39.435121235631335, 173.54767250609888, 29.53146346106876, -166.59532407996207, -119.70800033712206, -45.62695671413538, 22.887699680445447, -99.99534909500598, -71.29677500996542, -120.93752302617672, 66.30013291883277, 133.59142611559724, 135.07340274596726, -211.80602776243816, -176.33665674593695, -203.88647320098903, -289.3565117878317, -206.91081315280476, -217.1288069682363, -113.95164616667307, -203.4248741662057, -139.41058763277556, -42.968424011540286, -172.7554674806013, -75.58370474687356, 243.7553852894287, -99.67212238819454, -23.79639917727609, -69.69406167113227, -88.6487548176589, -124.37734522257827, -109.61171113535352, -8.660296986740008, -302.3421826357309, -139.95260060664967, -341.6924047206229, -273.5098001580229, -268.4269463967434, -237.93781910200454, -268.90992444199316, -106.8846021181266, -141.58646046724252, -80.35050611325642, -99.3530594921968, -182.36326266764334, -122.42467516832535, -138.67312504537554, -116.07515157263501, -118.43600692337453, -54.30801649580215, -179.55191511108688, -22.795028184491656, -231.07772704600538, -141.46323860171307, -57.38157300302066, -164.6882600014862, -134.52458332186308, -270.0723491262211, -149.05299625363216, -132.86763588053682, -119.15561916862673, -170.18943340900492, -121.91461293063116, -185.80977544428737, -171.42038995064175, -98.58744337558531, -179.74122947431195, -168.38855661509268, -207.33500931735986, -172.36670422867056, -91.96967229851991, -137.08390323865922, -136.77798038377915, -110.30892664837661, -88.60349050181412, 115.86744548075602, -13.705326798399453, 38.0766659993709, -161.89728225470895, -81.75754322426619, -138.76276729167893, -64.5687683621661, -106.64195811464077, -140.00391724479863, -258.1697883158037, -119.38888599242273, -50.233708213746766, -170.3201594563949, -72.73354319223996, -54.55767471787305, -14.669148573311027, -109.95497113614536, -179.08114238816404, -28.96403730259209, -162.96519158572295, -85.51283405074376, -176.1765623234872, -165.52762950490313, -88.3976846383227, -195.93301320830392, -193.8926658990213, -221.23323374295705, -271.383063630929, -226.61397289752125, -198.02957261503659, -168.08137092111093, -107.47336503931363, -267.8085302114226, -178.49087379456012, -37.894175562795695, -182.28988210893166, -74.94590839778806, -16.684478724872125, 84.38884030127379, 94.75336800615693, -18.35601940727079, 2.752486525894508, -255.35101563969485, -60.734677981549204, -145.6632340249209, -112.13430555624284, -145.12271107745843, -70.69131154385707, -204.798747734404, -197.2054116159319, -279.69044106523677, -185.10832878414035, -40.60754252195353, -251.03388617908922, 16.372982315580337, -95.66497022068685, -31.723548546199204, 31.411503032928138, -96.34442260365698, -3.0200571875403384, -172.752566756116, -275.162284615166, -248.93760032031625, -211.66567801134156, -204.6885646355707, -75.67758307172686, -101.90445969082279, -76.4146493437887, 5.568529622880584, -74.32902840627058, -103.1938647523758, 25.782423725465705, -279.0635528773292, -237.36553171970576, -229.81026271102343, -159.19590352736722, -81.48169968503679, -118.42241184123804, 57.70149089731691, -120.98619604797584, -31.96777512093846, -161.41689564751164, -79.8496243407889, -64.02670867650798, -167.9965003308855, 45.99861577460544, 109.06510015593638, -180.53070179989987, -166.27972073493592, -103.59981367892901, -151.2904497957358, -219.85813853080472, -294.2491631949102, -154.47621484993687, -320.6258227268722, -170.67181536884115, -212.22744183352603, -245.79434928601032, -240.9605730877291, -210.73621289875032, -273.2710899193565, -227.5465370854451, -109.86444728616006, -278.85894393635044, -111.9094038581502, -18.42302936001382, -142.70831670018964, -111.0643786424949, -133.3944128939311, -105.94185888335949, -177.757404622672, -119.29230698572513, -137.28644492693624, -162.16172067223692, -230.7747029213288, -244.42164731636495, -233.79056353058246, -178.88470971468362, -225.78764722118214, -228.57597661639775, -190.4209407113035, -128.65848914026816, -52.73654372279807, -109.72105363108153, -170.02115218811056, -206.34101327183495, -171.73131403500776, -177.97837501757084, -176.34517470656692, -281.7137273865352, -299.35191845859333, -291.6140440131564, -9.121641697989356, -219.9510578292511, -204.49768550525607, -103.71648375576825, -227.18354475534954, -42.28503282047393, -107.38752883846962, -218.1925076698812, -197.63606779545972, -237.31191074194885, -222.8701685646111, -242.56591927897858, -54.34595966896496, -103.70912067507288, -177.3654722036147, -88.55844711748739, -110.52952368794735, 7.758471873454582, -120.99572437414672, -76.04845977786816, -53.793615883169316, -82.06390650471728, 262.5985884834808, 292.05632279314955, 131.14201188976057, -32.126440548262146, -54.07634774756941, -71.11662569258448, -131.77153849293143, 317.29104294344506, -140.6980632244816, -96.60129056335153, -185.04291901008884, -89.81226263455339, -116.57930999095062, 69.10098943305553, -147.56463973468001, -94.52381465821003, -89.67116383557897, -187.38374872966327, -158.58289578341052, -174.5027826698521, -270.14850464920215, -198.89549115692517, -275.7208023215034, -113.08672728244937, -167.50893187301244, 117.56310367559286, -227.73014786255584, -166.60052131846672, -28.597333106313073, -301.5275683734605, -149.78295223026362, -231.46070561274215, -174.58828632830372, -288.2384146361451, -168.0597025805552, -89.06222106030273, -15.614659647365917, -252.94343827140568, -159.2588995218879, -114.27811913022703, -161.37062672469588, -154.24903855593647, -158.59836430853244, -56.13590543262751, -185.98186594437297, -33.17437058677976, 67.11751473434363, -72.7479869281114, -134.01942173350307, 21.34043626216961, -16.82563862231633, 40.05923010826087, -145.91158863922385, 91.64992991145762, -6.054806283642978, 68.13214057208654, 88.95826012744988, 196.0690908675994, -176.56759957744947, 14.05568951785149, -254.67189413557278, -83.05632337792542, -229.3164699511216, -44.67747227100143, -160.16381493912547, -156.01954437798608, -97.31805380965226, -129.84061694171848, -71.02162625870315, -133.40661455747414, -22.710793702571117, 49.134634739922326, -152.6198719028534, -60.123407029815894, -258.2196315002774, -240.14354303462582, -212.34679103833415, -162.64883708968932, -116.49711574639421, -149.07654317175715, -98.80722109560405, -187.93874777756807, -25.794656967198023, -110.65423376975725, -15.455394297674648, -77.11119242893967, -22.513439812299968, -154.81733280625102, -16.726682353874708, -163.4616624301013, -171.67686879041298, -113.80787785383653, 288.20217440480644, -6.014600788369091, -98.31424663564744, 331.0284848863985, -73.29361454426139, -43.849494993905466, -247.85947084035163, -135.4990805627768, -344.6718000503705, -261.48059795774844, -202.36319114693305, -288.28163229941504, -253.9368552392221, -196.6036782083495, -239.64237015382443, -189.74422105885836, -217.00298706767686, -227.25331896673003, -311.53610653854673, -229.54449003669637, -252.55988748433535, -180.3408714825794, -157.02538424385946, -193.68588470148435, -180.87083475734363, -359.35928984310425, -111.98751881179385, -288.35402267359126, 35.9952496398918, -191.77470619303614, -89.11133176730291, -91.27206808243011, 61.22022525346084, -71.91432950957996, -28.22642296223099, -135.65458550445248, 157.32716793979031, 193.50473889659926, -26.494576751133792, 50.256478444941315, 17.082094211078214, 25.91914449261573, 17.13153387941096, -223.64406201692157, 65.20024219705985, -109.40257868998678, -201.97355389874372, -50.988709512930214, -41.67536829559892, -187.9628308522575, -288.73161486273125, -90.31370820266865, -151.6974246961784, -116.40210590068148, 84.3745493911022, 47.878799828897144, 125.7360064709968, 40.9917285013284, 58.471366989124874, 10.077757152699801, -266.22371599439487, -240.73952626070098, -231.73470852485977, -309.01447603301796, -217.2636177827585, -241.7600482030839, -169.68020600246712, -64.8604355946227, -124.8692316587156, 74.4211452892226, -160.4297980944236, -112.44790811260546, 119.40210119338543, -60.275695243464554, 41.872143151822556, -129.53265820351544, -197.74422238006647, -220.90040690657077, -297.6110780247648, 61.34537357053065, -36.23792720360526, 13.239936946022397, -99.74161656310726, -160.9484303298473, 15.967345795791545, -104.93946748999488, 20.17651890008557, 67.14447167953243, 230.51247292701052, -53.060502366917675, -148.45505619101266, -183.77330950925935, -249.62658148751558, -154.38738518853484, -136.6801403582874, -180.40158769449454, -85.59342211320465, -131.0033784696071, -84.46978682218126, 38.266267505725914, -76.96678936799755, -48.72517673966512, -150.68656026333264, -198.8188282640815, -137.06052601974767, -170.98967445508816, -143.33757336785357, -188.42131684522977, -237.2168494453783, -173.25877203821605, -281.14766941434897, -125.2736465891885, -129.67963054560767, -93.25079086384633, 93.26708382788756, 192.4929959557492, 124.74941964128939, 165.58526420174354, 188.27369781206104, 92.20651465307677, -177.81122680196464, -69.4449454693126, -115.52214176496825, -162.0314226596792, -201.2729491564338, -135.04651373713222, -71.26160503338501, 183.64952647580637, -40.70071635163477, 274.6674714339394, -181.09236927404214, -237.42698431735323, -217.20347474944091, 264.1147461858614, -157.785180066141, 118.83929282574364, 88.08979083772212, -249.8693405836129, -83.34060504074606, -66.60813613761266, -99.90667654858086, -87.74250509492965, -98.22628442985743, -249.78756225442538, -186.5016863401413, 13.372096248652017, -13.83399248883676, 26.970875750774816, 40.18589690297964, 61.423865644048625, -46.130946753219604, 12.432698134271197, -311.5459533635915, -39.63177176172473, -194.12664069336276, -68.39103073016062, -106.87559628035133, -110.45691393162319, -45.255842990834985, 69.5262986171631, 281.77048584692375, -126.41749020437497, -181.5376087327676, -227.13934903363545, -74.28196496724428, -58.55484077229409, -11.13931408453709, 35.14396499710104, -110.13287623287812, -136.572428254594, -213.86782335833007, 14.303707515572638, 6.15947190524788, -94.8185504211904, -174.18602043615613, -152.98531991356893, -41.74588247104672, -114.25828869948609, -174.58448664800636, -51.27406453744236, 59.84561692963663, 123.4163009818391, 22.448265694431882, 518.661847409517, -88.42498586790566, 28.16698986881801, -132.39932098850946, -157.25631005496967, -228.26683146610426, -177.7624567218846, -101.82162975556867, -108.05628802031808, 39.06114465007007, -195.47612300638974, -219.59971668993578, -27.58448394809574, -214.80925045568776, -245.53633335094796, -226.9433186486813, -44.655554435126355, -140.82143269139078, -158.50632879744649, -139.36241553054828, -175.07255384842367, -151.47191520443636, -111.29603316744604, -117.14228032830367, -229.98140722145473, -166.51064218477322, -133.20954849904015, -125.43856593508397, -78.29014337984027, -244.8784208481077, -81.88726868173697, -276.0501622139858, -53.263385060321575]",19.119116839820695,0.713798708520378,0.9940652421543943,9559.516,627.647,10.58,567117.161,37447.024,160.226,11.829,156000,156000,40.903076923076924,15.299999999999999,0.10000000149011612,4.999999873689376e-05,3652.4758,-0.003895253,3652.4788,0.08272598,0.007235729,0.6154973,0.0
1194.1558759795714,-1652.2454611465173,-699.8130856342025,100.0,60,15,162000,False,1620,27,212f51d07e9840f9afce8433e261ebfd,2020-07-14_16-19-23,1594743563,47.21917223930359,1256.3500089645386,62816,tango5,131.234.250.245,1256.3500089645386,0,27,d74d5_00000,0,-417.61458638056445,317.29104294344506,-116.63551427236705,"[-580.4432811936659, -1274.200824586942, -1163.6275990654806, -934.0020252254081, -436.4483309624217, -568.227207894708, -639.937707895708, -326.5163678062941, -1175.8237127761815, -1652.2454611465173, -123.9162612743294, 447.3163145266067, -1287.4412622180803, -1130.0044597822632, -1121.4303515115012, -217.33430679114832, -1181.9766635708934, -1446.1974065333866, -50.14343341981785, -579.5116669817273, -1048.146346680106, -576.8047939214757, 1125.8456236038787, -847.8563187504379, -987.609992947633, -1173.0998333418993, -217.63132505927248, -1593.9176980244067, -581.4821671457119, -1100.1112040179498, -325.2286353956205, -728.7732441642704, 0.7174417436025733, -670.4792080322186, -218.3603767264007, -351.1210319512678, -1226.9601399694645, -1003.8162526538981, -1125.47538660647, -155.03129450700686, -1165.424284236227, -91.94404080861234, -52.82745986155131, -916.5364905066463, -918.1989743890928, -402.0464487745961, -710.2236668278082, -759.7807990504313, -797.7107480171773, 1194.1558759795714, -996.4661213531147, 160.95314946923907, -742.4264553085993, -43.398012518713024, -535.8642962457246, -1072.1813765081388, -575.8005242390673, -1344.350965737371, -1192.7092785487366, -1318.1172270781426, -963.2526467686522, -1011.2824041772791, -737.1106772998191, -242.17880808892667, -739.0070262435771, -601.3166394641278, -707.5439394057731, -1307.085521993769, -942.0381976381343, 71.9082883033941, -789.6972558237226, -1158.444357900755, -178.96851320957512, -1188.8842774102377, -324.4910488449118, -1105.3393623617005, -400.5457089364061, -463.34302061410773, -1311.1716044671011, -1410.5362041108167, -772.8285197833584, -835.8341489848624, -1342.2352473205385, -857.899192665396, -1398.7345536174284, -806.7554463640878, -1225.964102889351, -526.7500514796324, 221.75320473672792, 159.34210235185753, -559.63285599037, -852.2290454113962, -907.7973536074988, -1105.6992285038014, -988.5067225240789, -803.890953673906, -337.46569419625376, 31.049267046621342, -215.21277657804734, -817.3359722906054]","[100, 100, 100, 100, 100, 100, 100, 100, 100, 100, 100, 100, 100, 100, 100, 100, 100, 100, 100, 100, 100, 100, 100, 100, 100, 100, 100, 100, 100, 100, 100, 100, 100, 100, 100, 100, 100, 100, 100, 100, 100, 100, 100, 100, 100, 100, 100, 100, 100, 100, 100, 100, 100, 100, 100, 100, 100, 100, 100, 100, 100, 100, 100, 100, 100, 100, 100, 100, 100, 100, 100, 100, 100, 100, 100, 100, 100, 100, 100, 100, 100, 100, 100, 100, 100, 100, 100, 100, 100, 100, 100, 100, 100, 100, 100, 100, 100, 100, 100, 100]","[-116.06582331111983, -106.68974149834415, -91.48694684222028, -162.25888230490028, -55.88190465213542, -48.059982584947754, -273.15200271119613, -124.21163161105005, -349.8569994382852, -255.53192648195423, -148.22944903316585, -123.21881531128867, -280.22708639162533, -238.66378024712918, -111.86457078715257, -188.74757409642876, -185.52500350910887, -158.59958403403644, -218.3857978408715, -62.306376996972176, -106.31141603798734, -108.0889926111402, -372.456124279713, -66.45331745872318, -148.70839032212527, -30.339160687037097, -36.206325356725266, -40.019322806849445, -123.02707546265661, -58.148056327028655, -89.2203273919352, -226.39908394427437, 16.457150584177775, -25.659939032948053, -71.8403353201942, -171.56467278953414, -92.8672612683432, -314.2320578319782, -108.17490777650774, 7.300565326188352, -10.471139555810536, -121.49290678925666, -71.94644836042664, -75.12140821048138, -65.9323999098814, 6.30063241149343, -7.995777905544804, -111.82096583145338, -175.43663982942314, -227.34350954576195, -231.39048007812863, -166.9047798847173, -180.25896965554176, -194.48933378261086, -142.6574064295168, -368.1641860122173, -136.07739478506156, -371.9416784128078, -215.79020912634985, -417.61458638056445, 2.2898880783013333, -36.72160002458314, 77.18597535147191, -101.56217541225806, -68.13155314787542, 3.0232038806140604, -4.974509612791672, -70.28517683878651, -32.10161282172993, 307.0253372320184, 292.34437688572103, -44.69210031782424, -226.03276056907228, -171.64503579505356, -195.17024981787253, -201.41717352828164, -255.03373882795657, -238.14230367984507, -288.91398315993627, -238.52692622117812, -109.72636258274933, -182.03143268306022, -94.15845380396264, -216.6473013313768, -218.68035188763506, -218.7209596707556, -189.55130198864342, -217.5798835050027, -20.841762664502394, -256.0560917949618, -133.61531447990396, -27.925339690209185, -12.98230817608891, -10.808306034314821, -39.41754459756746, 7.414506186936124, -240.66041473936207, -140.9411285069863, -218.63472868635958, -193.90087219055002, -207.54838644465613, -180.29113300297942, -257.8472969648569, -152.3505690462726, -15.158815453513297, -407.8650318774434, -234.71971888880677, -378.25597430249377, -89.04298208094625, -55.06772807478117, 19.429453218932014, 47.08610990383271, -56.793129848111576, 84.24484346125637, -21.645273249463028, 21.50755348133555, -224.25022573621249, -19.121866546774335, -138.43375054853848, -197.56810438207586, -162.32383868084386, -263.28615188519996, -182.5399446335714, -141.2336798185544, -86.2613188641865, -212.5014127977492, 173.33701133580453, -165.69655872613393, -184.4588036676181, -317.14593972484954, -141.2169958579358, 58.37649271925751, 314.34161493036606, 116.63943801383041, 153.03511321153505, 175.85241703975257, 177.841808920396, 188.1352314879981, -159.92698684912415, -161.72595687435896, -80.14719793603965, -126.1473200927006, -169.45479129788666, -150.4540657003282, -194.6368138830799, -215.76340817227407, -326.4035711495078, -226.35238383826047, -26.277027144747514, 1.8232112402379874, -244.8675751327932, -178.74857642531373, -176.80548890751655, -266.40961480552625, -151.45006336038168, -154.81851471036953, -107.11674392458214, -187.61193267425537, 115.73479290676525, 164.1431703970191, -139.9646880421838, -62.815923722035855, -289.24159745845697, -313.63954952825054, -258.51501496407377, -109.78745260813653, -252.7543183568226, -369.97976510866596, -141.72752549172176, -142.2695612754868, -199.5737754589385, -120.15387399229665, 201.1634315949468, -178.9208625222147, -180.16500805987874, -108.04677038960477, -223.55362724471183, -252.4637523987658, -181.33881473254738, -154.54323119243995, -27.524158927134625, -35.82926097574766, 17.65274024174694, -169.56315362074488, -44.46437651207885, -65.50042560166123, -222.00569711648163, -120.1026055830728, -39.720808759687394, -120.55224666760593, -173.2400549544995, -53.151831082922044, -47.896411953632935, 40.839873199013596, -60.48358595092141, -4.9470537765464115, 76.57233612390144, -3.367715898211973, 20.565016237339307, -121.94808799058613, -186.79063635022155, -211.89634037974966, 42.68735747449594, -213.09651702349697, -10.74794066482668, -67.15524335827007, -140.31993731966597, -47.80848972411275, -31.215322558638277, 78.88655689911349, -224.70372633551654, -134.5073841189676, -43.95231311227578, 308.4119745065582, -15.795544722335299, -240.57403816873045, -195.14170354649877, -172.94090136151593, -128.5582541754247, -204.31804956466766, -271.30375501277234, -254.6974763085834, -140.40051751064965, -248.94575003655663, -169.39934207878397, -219.83387039137233, -122.11157228660636, -103.12520034992875, -261.7053375256536, -145.6763400735358, -175.5337420058653, -231.22932412860558, -133.09171640227174, -178.23892647053842, -34.940038965480575, -21.05141116707692, 50.69997464676964, 9.692795368632442, -62.02324696927576, -97.40936742057546, -50.72544086420479, -204.67419577006314, -254.9752299475445, -182.24090626678563, -215.49114257426473, -257.31736881336343, -80.15902506934403, 49.286318448333994, -65.68369152531952, -53.587084946122495, -50.33154920144752, 108.53099148528801, 87.37020944138212, -72.85138477217589, -19.087162194471578, -74.30563078784559, 24.516949112128046, 1.5295593394314442, -103.2094940992299, -176.18559857181472, -243.6855879907511, -58.19530654807926, -128.606758431362, -206.6537448654081, -123.98314826819404, -287.20907895602124, -67.56545485119466, -136.07452312492097, -171.3839913648604, -131.98277782390025, -22.79578726212378, -124.64460313873911, 153.75297435894626, -172.33975534842702, -60.388677071139746, -175.63060031311255, -91.95410807212646, -80.06912717158372, -128.09911435883302, -65.87036277723982, -132.30896286640137, -211.92199158162325, -34.94452215425033, -65.91605117902054, -176.0141437460667, -233.2137391485592, -200.6311271911422, -49.06121563139226, -249.22161075640113, -113.87352422521268, -213.50189160280888, -175.11518260902625, 208.63817241561802, -254.63671123934543, 226.85722099122216, 106.60648587036796, 282.4957873433512, 120.06566160578929, 241.3446154018394, 216.78610476700027, -143.41265359406788, -147.9347986315454, -111.58816876231933, -167.89918902743463, -246.18085918104305, -179.45045215670635, 145.04454499776605, -17.2221652945058, -64.45305818423667, -16.247031467419404, 83.65934484014974, 30.17151457748526, -172.865642434802, -91.86924552819558, -200.33710351222575, -21.331551478456973, -84.08459551110892, -171.93831684381038, 62.29204297645005, 89.40271955349138, 13.283377537216246, -71.75100879643473, -120.06353211013968, -16.56161167929641, 103.79463784083933, -250.49093878454022, 14.227265908726086, -329.5159145336005, 123.94400395718259, -197.82335063433214, -250.92641830087558, -133.4823108984236, -189.98133186788883, -66.18022501939743, -206.66289598970846, -224.94819443184505, -121.36399986406269, -180.6023161501263, -68.35294350681669, -28.438892385133233, -86.40838901180652, -90.63398332112153, -212.31643560820848, -264.8605070564455, -200.37874337779436, -180.84124186938251, -261.6116626684304, -224.34237515710893, -212.28523082929087, -160.5178547248262, -142.34853467007449, -394.492502543171, -171.79964487844748, -111.26551090292676, -146.304812752297, -241.0578041098499, -252.62752145482753, -200.3293741794838, -303.16106290257903, -174.63665167910568, -270.0723491262211, -149.05299625363216, -132.86763588053682, -119.15561916862673, -170.18943340900492, -121.91461293063116, -185.80977544428737, -171.42038995064175, -98.58744337558531, -179.74122947431195, -168.38855661509268, -207.33500931735986, -172.36670422867056, -91.96967229851991, -137.08390323865922, -136.77798038377915, -110.30892664837661, -88.60349050181412, 115.86744548075602, -13.705326798399453, 38.0766659993709, -161.89728225470895, -81.75754322426619, -138.76276729167893, -64.5687683621661, -106.64195811464077, -140.00391724479863, -258.1697883158037, -119.38888599242273, -50.233708213746766, -170.3201594563949, -72.73354319223996, -54.55767471787305, -14.669148573311027, -109.95497113614536, -179.08114238816404, -28.96403730259209, -162.96519158572295, -85.51283405074376, -176.1765623234872, -165.52762950490313, -88.3976846383227, -195.93301320830392, -193.8926658990213, -221.23323374295705, -271.383063630929, -226.61397289752125, -198.02957261503659, -168.08137092111093, -107.47336503931363, -267.8085302114226, -178.49087379456012, -37.894175562795695, -182.28988210893166, -74.94590839778806, -16.684478724872125, 84.38884030127379, 94.75336800615693, -18.35601940727079, 2.752486525894508, -255.35101563969485, -60.734677981549204, -145.6632340249209, -112.13430555624284, -145.12271107745843, -70.69131154385707, -204.798747734404, -197.2054116159319, -279.69044106523677, -185.10832878414035, -40.60754252195353, -251.03388617908922, 16.372982315580337, -95.66497022068685, -31.723548546199204, 31.411503032928138, -96.34442260365698, -3.0200571875403384, -172.752566756116, -275.162284615166, -248.93760032031625, -211.66567801134156, -204.6885646355707, -75.67758307172686, -101.90445969082279, -76.4146493437887, 5.568529622880584, -74.32902840627058, -103.1938647523758, 25.782423725465705, -279.0635528773292, -237.36553171970576, -229.81026271102343, -159.19590352736722, -81.48169968503679, -118.42241184123804, 57.70149089731691, -120.98619604797584, -31.96777512093846, -161.41689564751164, -79.8496243407889, -64.02670867650798, -167.9965003308855, 45.99861577460544, 109.06510015593638, -180.53070179989987, -166.27972073493592, -103.59981367892901, -151.2904497957358, -219.85813853080472, -294.2491631949102, -154.47621484993687, -320.6258227268722, -170.67181536884115, -212.22744183352603, -245.79434928601032, -240.9605730877291, -210.73621289875032, -273.2710899193565, -227.5465370854451, -109.86444728616006, -278.85894393635044, -111.9094038581502, -18.42302936001382, -142.70831670018964, -111.0643786424949, -133.3944128939311, -105.94185888335949, -177.757404622672, -119.29230698572513, -137.28644492693624, -162.16172067223692, -230.7747029213288, -244.42164731636495, -233.79056353058246, -178.88470971468362, -225.78764722118214, -228.57597661639775, -190.4209407113035, -128.65848914026816, -52.73654372279807, -109.72105363108153, -170.02115218811056, -206.34101327183495, -171.73131403500776, -177.97837501757084, -176.34517470656692, -281.7137273865352, -299.35191845859333, -291.6140440131564, -9.121641697989356, -219.9510578292511, -204.49768550525607, -103.71648375576825, -227.18354475534954, -42.28503282047393, -107.38752883846962, -218.1925076698812, -197.63606779545972, -237.31191074194885, -222.8701685646111, -242.56591927897858, -54.34595966896496, -103.70912067507288, -177.3654722036147, -88.55844711748739, -110.52952368794735, 7.758471873454582, -120.99572437414672, -76.04845977786816, -53.793615883169316, -82.06390650471728, 262.5985884834808, 292.05632279314955, 131.14201188976057, -32.126440548262146, -54.07634774756941, -71.11662569258448, -131.77153849293143, 317.29104294344506, -140.6980632244816, -96.60129056335153, -185.04291901008884, -89.81226263455339, -116.57930999095062, 69.10098943305553, -147.56463973468001, -94.52381465821003, -89.67116383557897, -187.38374872966327, -158.58289578341052, -174.5027826698521, -270.14850464920215, -198.89549115692517, -275.7208023215034, -113.08672728244937, -167.50893187301244, 117.56310367559286, -227.73014786255584, -166.60052131846672, -28.597333106313073, -301.5275683734605, -149.78295223026362, -231.46070561274215, -174.58828632830372, -288.2384146361451, -168.0597025805552, -89.06222106030273, -15.614659647365917, -252.94343827140568, -159.2588995218879, -114.27811913022703, -161.37062672469588, -154.24903855593647, -158.59836430853244, -56.13590543262751, -185.98186594437297, -33.17437058677976, 67.11751473434363, -72.7479869281114, -134.01942173350307, 21.34043626216961, -16.82563862231633, 40.05923010826087, -145.91158863922385, 91.64992991145762, -6.054806283642978, 68.13214057208654, 88.95826012744988, 196.0690908675994, -176.56759957744947, 14.05568951785149, -254.67189413557278, -83.05632337792542, -229.3164699511216, -44.67747227100143, -160.16381493912547, -156.01954437798608, -97.31805380965226, -129.84061694171848]",19.181112603338253,0.7133802059884906,0.9935858658474984,9564.646,627.31,10.53,569804.713,37454.739,160.193,11.9,162000,162000,40.74545454545455,15.299999999999997,0.10000000149011612,4.999999873689376e-05,4256.2236,-0.0030565248,4256.2266,0.10172258,0.005802945,0.5767578,0.0
1194.1558759795714,-1673.347801906001,-638.2694979734896,100.0,60,15,168000,False,1680,28,212f51d07e9840f9afce8433e261ebfd,2020-07-14_16-20-11,1594743611,47.33264660835266,1303.6826555728912,62816,tango5,131.234.250.245,1303.6826555728912,0,28,d74d5_00000,0,-515.0555478420818,360.8058312866627,-106.37824966224827,"[-1486.0276754061836, -157.4222913536786, -1473.7335692843048, 177.44765439902747, -1563.6203822611071, -1605.6236913126388, 241.92668092711344, -523.6805408553075, -1126.4335491692093, -1176.7943958874812, -1363.7085299470093, -774.678874943837, 102.70391904142187, -49.843182266087595, -572.2100312006758, -738.3390396942623, 947.4182612332642, -1673.347801906001, -589.9729313557409, 13.803315964922321, -617.0518000162909, 36.70468233483857, -1302.513583738261, -891.6021319268636, -1006.2415242966267, -577.9640197101534, -317.37822585099417, -1202.716320119878, -957.4232661125967, -1087.7946499318266, -42.28938125835007, -1354.1549650060165, -1051.7281304767905, -353.3435337416244, -517.5006765960034, -1313.2728295822633, -1087.6981334941001, -1041.456048093246, 2.694691424487087, 536.4083212284205, -461.3096879021138, 205.57969906744592, -150.31645925442731, -1092.9213893484466, -642.4587362743505, -602.1090373511166, -1498.9350911954346, -1259.4901358529733, 3.502779068020237, -478.28165803290125, 283.32236309709424, -430.2269940807878, 246.24779722358153, -1281.5943784084693, -958.5843931390224, -1407.3348159327538, 59.66350568742151, -1638.6305557165795, -388.3417665192903, 289.96766686701307, -1048.146346680106, -576.8047939214757, 1125.8456236038787, -847.8563187504379, -987.609992947633, -1173.0998333418993, -217.63132505927248, -1593.9176980244067, -581.4821671457119, -1100.1112040179498, -325.2286353956205, -728.7732441642704, 0.7174417436025733, -670.4792080322186, -218.3603767264007, -351.1210319512678, -1226.9601399694645, -1003.8162526538981, -1125.47538660647, -155.03129450700686, -1165.424284236227, -91.94404080861234, -52.82745986155131, -916.5364905066463, -918.1989743890928, -402.0464487745961, -710.2236668278082, -759.7807990504313, -797.7107480171773, 1194.1558759795714, -996.4661213531147, 160.95314946923907, -742.4264553085993, -43.398012518713024, -535.8642962457246, -1072.1813765081388, -575.8005242390673, -1344.350965737371, -1192.7092785487366, -1318.1172270781426]","[100, 100, 100, 100, 100, 100, 100, 100, 100, 100, 100, 100, 100, 100, 100, 100, 100, 100, 100, 100, 100, 100, 100, 100, 100, 100, 100, 100, 100, 100, 100, 100, 100, 100, 100, 100, 100, 100, 100, 100, 100, 100, 100, 100, 100, 100, 100, 100, 100, 100, 100, 100, 100, 100, 100, 100, 100, 100, 100, 100, 100, 100, 100, 100, 100, 100, 100, 100, 100, 100, 100, 100, 100, 100, 100, 100, 100, 100, 100, 100, 100, 100, 100, 100, 100, 100, 100, 100, 100, 100, 100, 100, 100, 100, 100, 100, 100, 100, 100, 100]","[-242.71008532072693, -265.0234970083448, -84.38247812063054, -238.05376230411355, -309.97939662670655, -345.87845602566165, 111.0149845301491, -22.06017806615026, -36.71213161866756, -60.21621158245811, -97.64277583835296, -51.805978778199794, -285.8416321514544, -229.98201655161807, -116.04570409352823, -247.1660200337257, -329.30593609159246, -265.39226036238614, 59.57613927870666, 115.67002688522672, 66.48910077445925, -19.841210761753135, -54.95722353089656, 10.510821753284514, -271.2991151923247, -254.0912161821488, -299.8231960831582, -263.32619460415896, -174.41220416595988, -300.6684560333542, -326.71658749645655, -133.52875403387142, -284.10236316378075, -242.05996414129606, -414.72022740899706, -204.49579506823432, 86.37030461641713, -63.14870352425197, -9.029141751890846, 149.22203795332345, 144.30462330131905, -65.79243966780224, -6.4008796132179295, -79.8745321082461, -274.1337621827728, -174.1059096039322, -58.69799548137049, 69.53253813423053, -220.90427388816386, -206.59565380884956, -129.80361901084729, -98.3453073629485, -258.5842091587872, -212.20048593961278, -144.25361260528453, -155.3177933648742, -214.07020637328273, -229.20663827083925, -114.30819262401498, -319.6379526491831, -150.73587806679615, -207.75620111644022, -250.51210628217385, -305.6590496134058, -357.0393428701562, -92.00595199803642, -140.37349781956306, -127.96679073260734, -103.00252068312635, -141.15389602835776, -96.6871215813369, -165.49504809884607, 136.1629341000251, -85.69073298841262, -161.79432551791714, 212.1000898067168, 166.36972245152126, -164.44376881051195, -23.240037582672482, -3.4755309258256606, -40.03088663683376, -6.999569007799856, 22.41579211875338, 1.4870497682904087, -208.09846643276032, -11.682213272076858, -145.99200945566454, -83.275206629325, -46.3324384128396, -76.8296969980084, -115.0131426067265, -93.68834676355783, -157.2753970837767, -161.27753519331677, -103.03156034969157, -108.05305769719189, 98.90109778919765, 360.8058312866627, 205.59981193134544, 123.09097372493139, 86.70003818066118, 72.32050832046667, -153.26546011433342, -439.55694641655793, -194.42131926835646, -191.11090660738867, -515.0555478420818, -179.93762165728137, -84.25370659012117, -197.52039235824589, 82.82649780600586, -84.15240999500786, -194.8352900197264, -112.03763019864581, -37.38067782595468, -10.397216379726483, -18.318627930374625, 198.56599257425768, -84.58037906603096, -34.08577540724859, -184.89903366602863, 11.409015845730108, -185.36206408827474, -76.27629208034894, 17.021017304707968, -198.944443332077, 9.991281714739811, 7.176416103449016, 61.32531898396166, 11.460734259841868, -67.79730021014288, 14.548231482988541, -258.95816751417954, -195.55949062452567, -181.77302813516923, -264.2505952816347, -194.50425320143063, -207.46804898131975, -188.91867317622655, -201.49702424439892, -176.74011762724902, -132.6459564479558, 52.159405016711275, -243.95976544774368, -120.09777915764941, -275.53454589741546, -174.42980866983942, -132.17240890312632, -149.54478040237657, -154.46220126622012, -178.10605711846955, -27.594810109582536, -93.49829046038893, -29.64691755766333, -186.950236172331, -62.16770829171817, -134.8738293055728, -26.026973778636613, 21.34149732134378, -82.58118316986804, -79.12898321906424, -16.10875369919592, -150.52804847065542, -261.20957173466655, -251.18497316930063, -144.97020364239697, -214.3921002938266, -180.4314228090316, -139.59380662801442, -170.124005979229, -181.40747110165498, -84.68289953868798, -270.1228486859163, -111.49223417909317, -172.65760189411077, -179.73519919767563, -259.4707452783567, -146.9672406206571, -138.82846178449668, -190.13540115652904, -121.07643127577553, 27.530659709023663, 208.32474056968823, -26.28686977223537, -155.54741389070037, 24.765933401649676, -264.2681820529341, -295.3526482313016, -201.1150013226065, -211.68798185549798, -144.4198623456746, -237.31128919800395, -132.72018209704453, -264.39668412568744, -177.72416646678045, -200.30660681773884, -78.53616253084746, -198.0443284386909, -30.287488070183798, -68.48802972588992, -102.298464216967, -57.58446187048189, -55.92239019743198, -38.76269966066956, -137.55136594175, -95.27651181630621, -105.43922567181558, -65.86232829857933, -164.20510640017946, 50.833861532627154, -223.77301664956948, -221.92079775314403, -257.0144994946426, -187.88276189181224, -166.49506185928973, -256.1866919338063, -207.69788310520352, -235.50137880845205, -230.64059869134832, -63.271476319948775, -257.47972013140475, -93.10707643774379, 22.245345939616403, -196.18037640658594, -332.39521187428045, -136.12186257399895, -132.9813128373691, -266.02263034062787, -55.361732365496586, -67.23569331232926, 144.00122625273542, -67.42878193853717, -51.91943322914994, 100.63910601726478, 106.8239034413428, 102.46981292138034, 108.07412701103935, 76.58291880495602, 120.84320461567037, 21.614354434031853, -42.79538109798433, -109.57957568733354, -46.51878939521751, -137.74365870742744, -42.66786112481671, -82.00442188933478, 63.80781041469472, 68.76536349477182, -4.228672392113782, 119.80750377186322, -6.710424268453718, -35.861881953316214, -14.979820707695762, -7.877547366669036, -136.41456930495133, -23.802048985936942, 69.08455004228595, -36.32702293146007, -266.5063211724045, -138.88240831952675, -152.17512912567574, -156.15031868979534, -177.80929940718815, -201.39791263385615, -26.81555252899905, -168.11292356238374, -112.80416664315074, 2.961204892847592, -151.33863547468206, -186.34866295798216, -117.01029367447353, -98.54991986606362, -26.864423572477097, -206.0918190827098, -116.24191068662549, -37.35067046876733, -347.20797826734577, -200.6617528600129, -202.88373500371728, -117.06607925145181, -309.5372324308686, -321.57831338203835, -340.24024804792055, -98.88524244119041, -341.12034550538414, -108.80962153166539, -203.8154644787649, -166.61921384804825, 21.506517459616564, -59.30543118373047, 218.30925580026786, -86.32492064194855, 1.5308148564944037, -92.21345722267877, -162.33849838664773, -139.1364515790683, -84.69982209413337, 109.843518877344, -81.54579882008993, -120.4046060303059, -5.5240872233819625, 137.2536193137973, -22.026618897090835, 87.70226144025706, 70.41610148646157, 15.501086977051417, -89.65084486150968, 56.155670789710065, -59.79334644776462, -145.585356895155, -93.25610940253422, -98.09700726353404, 239.04193160028416, -60.94526648270934, -100.93133479275365, 178.2333466520879, 32.4675954603145, -41.61847521364254, -307.66659839817913, -140.13743163160206, -221.3713492529593, -139.4719442841357, -216.47397089899695, -256.47308394259596, -103.1147608363629, -238.8010713329902, -20.968928698272943, -66.19678764384003, -177.02797181087885, -352.4748728166763, -206.32347469279568, -280.2437279597687, -166.7444471750982, -217.90537457705486, -246.84429561616057, -289.2734959118775, -54.38924195632714, -28.50651243995287, -81.59483484217324, 332.92468294935315, -43.71178756582947, -65.05880045765107, -320.0934806001781, -259.1911745309839, -347.28935797232316, -171.73402860199926, -235.2279164465807, -305.09459756451247, -139.89646670964572, -100.88927709594863, -35.95295044460071, -63.1978256437751, -113.57916098377198, 65.1739143584519, 67.23458720601914, 228.18231314499045, -30.888748094211216, -14.208715201746005, 10.076077085110324, 29.572152726849804, -162.32383868084386, -263.28615188519996, -182.5399446335714, -141.2336798185544, -86.2613188641865, -212.5014127977492, 173.33701133580453, -165.69655872613393, -184.4588036676181, -317.14593972484954, -141.2169958579358, 58.37649271925751, 314.34161493036606, 116.63943801383041, 153.03511321153505, 175.85241703975257, 177.841808920396, 188.1352314879981, -159.92698684912415, -161.72595687435896, -80.14719793603965, -126.1473200927006, -169.45479129788666, -150.4540657003282, -194.6368138830799, -215.76340817227407, -326.4035711495078, -226.35238383826047, -26.277027144747514, 1.8232112402379874, -244.8675751327932, -178.74857642531373, -176.80548890751655, -266.40961480552625, -151.45006336038168, -154.81851471036953, -107.11674392458214, -187.61193267425537, 115.73479290676525, 164.1431703970191, -139.9646880421838, -62.815923722035855, -289.24159745845697, -313.63954952825054, -258.51501496407377, -109.78745260813653, -252.7543183568226, -369.97976510866596, -141.72752549172176, -142.2695612754868, -199.5737754589385, -120.15387399229665, 201.1634315949468, -178.9208625222147, -180.16500805987874, -108.04677038960477, -223.55362724471183, -252.4637523987658, -181.33881473254738, -154.54323119243995, -27.524158927134625, -35.82926097574766, 17.65274024174694, -169.56315362074488, -44.46437651207885, -65.50042560166123, -222.00569711648163, -120.1026055830728, -39.720808759687394, -120.55224666760593, -173.2400549544995, -53.151831082922044, -47.896411953632935, 40.839873199013596, -60.48358595092141, -4.9470537765464115, 76.57233612390144, -3.367715898211973, 20.565016237339307, -121.94808799058613, -186.79063635022155, -211.89634037974966, 42.68735747449594, -213.09651702349697, -10.74794066482668, -67.15524335827007, -140.31993731966597, -47.80848972411275, -31.215322558638277, 78.88655689911349, -224.70372633551654, -134.5073841189676, -43.95231311227578, 308.4119745065582, -15.795544722335299, -240.57403816873045, -195.14170354649877, -172.94090136151593, -128.5582541754247, -204.31804956466766, -271.30375501277234, -254.6974763085834, -140.40051751064965, -248.94575003655663, -169.39934207878397, -219.83387039137233, -122.11157228660636, -103.12520034992875, -261.7053375256536, -145.6763400735358, -175.5337420058653, -231.22932412860558, -133.09171640227174, -178.23892647053842, -34.940038965480575, -21.05141116707692, 50.69997464676964, 9.692795368632442, -62.02324696927576, -97.40936742057546, -50.72544086420479, -204.67419577006314, -254.9752299475445, -182.24090626678563, -215.49114257426473, -257.31736881336343, -80.15902506934403, 49.286318448333994, -65.68369152531952, -53.587084946122495, -50.33154920144752, 108.53099148528801, 87.37020944138212, -72.85138477217589, -19.087162194471578, -74.30563078784559, 24.516949112128046, 1.5295593394314442, -103.2094940992299, -176.18559857181472, -243.6855879907511, -58.19530654807926, -128.606758431362, -206.6537448654081, -123.98314826819404, -287.20907895602124, -67.56545485119466, -136.07452312492097, -171.3839913648604, -131.98277782390025, -22.79578726212378, -124.64460313873911, 153.75297435894626, -172.33975534842702, -60.388677071139746, -175.63060031311255, -91.95410807212646, -80.06912717158372, -128.09911435883302, -65.87036277723982, -132.30896286640137, -211.92199158162325, -34.94452215425033, -65.91605117902054, -176.0141437460667, -233.2137391485592, -200.6311271911422, -49.06121563139226, -249.22161075640113, -113.87352422521268, -213.50189160280888, -175.11518260902625, 208.63817241561802, -254.63671123934543, 226.85722099122216, 106.60648587036796, 282.4957873433512, 120.06566160578929, 241.3446154018394, 216.78610476700027, -143.41265359406788, -147.9347986315454, -111.58816876231933, -167.89918902743463, -246.18085918104305, -179.45045215670635, 145.04454499776605, -17.2221652945058, -64.45305818423667, -16.247031467419404, 83.65934484014974, 30.17151457748526, -172.865642434802, -91.86924552819558, -200.33710351222575, -21.331551478456973, -84.08459551110892, -171.93831684381038, 62.29204297645005, 89.40271955349138, 13.283377537216246, -71.75100879643473, -120.06353211013968, -16.56161167929641, 103.79463784083933, -250.49093878454022, 14.227265908726086, -329.5159145336005, 123.94400395718259, -197.82335063433214, -250.92641830087558, -133.4823108984236, -189.98133186788883, -66.18022501939743, -206.66289598970846, -224.94819443184505, -121.36399986406269, -180.6023161501263, -68.35294350681669, -28.438892385133233, -86.40838901180652, -90.63398332112153, -212.31643560820848, -264.8605070564455, -200.37874337779436, -180.84124186938251, -261.6116626684304, -224.34237515710893, -212.28523082929087, -160.5178547248262, -142.34853467007449, -394.492502543171, -171.79964487844748, -111.26551090292676, -146.304812752297, -241.0578041098499, -252.62752145482753, -200.3293741794838, -303.16106290257903, -174.63665167910568]",19.239948644506832,0.7127924076962548,0.9929212352562415,9622.783,623.52,10.285,583394.356,37453.592,160.198,12.006,168000,168000,41.02307692307692,15.299999999999999,0.10000000149011612,4.999999873689376e-05,4277.3843,-0.0030641453,4277.387,0.12062048,0.006410256,0.5614814,0.0
536.4083212284205,-1716.7779870892007,-654.9302414309843,100.0,60,15,174000,False,1740,29,212f51d07e9840f9afce8433e261ebfd,2020-07-14_16-20-58,1594743658,47.139211893081665,1350.821867465973,62816,tango5,131.234.250.245,1350.821867465973,0,29,d74d5_00000,0,-368.7070408232881,482.13405654848344,-109.15504023849739,"[-581.8553111112094, -1198.299846596681, -405.7345618743071, -539.9865089464412, -342.9157621626725, -775.1744156432018, -266.0636872196907, -414.00552631282847, -938.5903901230738, -1596.8350877524936, -1231.6135381073098, -478.1420544004528, -470.5495332321436, -1134.049193565575, -502.11205192382, -111.71258470124953, -667.1184762385689, -279.4967125121333, -1213.3262004134083, 46.57539247623683, -870.7769827632854, 104.35518310708693, -1408.3663190610096, -365.715613406326, -1020.7335565490018, -610.6679207881516, -502.41281466177713, -555.5101738121007, -491.21020593545313, -1144.0058506513415, -79.21233011946141, -433.529842659903, -461.09657205579475, -15.46671821297754, -293.1584278660819, -1241.1065977995406, -1326.020696523049, -529.5755658334036, -498.2089483033845, -835.7495406461672, -739.7399553804232, -720.4081771816957, -503.4390344399324, -718.4917456908956, -619.6743907845535, 144.36338105980082, -1514.003354635587, -920.3825803199188, -447.256673120686, -1467.2912932082106, -632.8903258361311, -994.9448897477864, -343.9167190370429, -909.9823312138617, -631.3854505923056, -532.0206367376308, -121.00242100267351, -1176.1320935513108, -1716.7779870892007, 100.10089327598875, -617.0518000162909, 36.70468233483857, -1302.513583738261, -891.6021319268636, -1006.2415242966267, -577.9640197101534, -317.37822585099417, -1202.716320119878, -957.4232661125967, -1087.7946499318266, -42.28938125835007, -1354.1549650060165, -1051.7281304767905, -353.3435337416244, -517.5006765960034, -1313.2728295822633, -1087.6981334941001, -1041.456048093246, 2.694691424487087, 536.4083212284205, -461.3096879021138, 205.57969906744592, -150.31645925442731, -1092.9213893484466, -642.4587362743505, -602.1090373511166, -1498.9350911954346, -1259.4901358529733, 3.502779068020237, -478.28165803290125, 283.32236309709424, -430.2269940807878, 246.24779722358153, -1281.5943784084693, -958.5843931390224, -1407.3348159327538, 59.66350568742151, -1638.6305557165795, -388.3417665192903, 289.96766686701307]","[100, 100, 100, 100, 100, 100, 100, 100, 100, 100, 100, 100, 100, 100, 100, 100, 100, 100, 100, 100, 100, 100, 100, 100, 100, 100, 100, 100, 100, 100, 100, 100, 100, 100, 100, 100, 100, 100, 100, 100, 100, 100, 100, 100, 100, 100, 100, 100, 100, 100, 100, 100, 100, 100, 100, 100, 100, 100, 100, 100, 100, 100, 100, 100, 100, 100, 100, 100, 100, 100, 100, 100, 100, 100, 100, 100, 100, 100, 100, 100, 100, 100, 100, 100, 100, 100, 100, 100, 100, 100, 100, 100, 100, 100, 100, 100, 100, 100, 100, 100]","[-81.03084940534022, -107.11603591210564, -106.43475019989035, -67.13766687903285, -206.48394120278357, -13.652067512056895, -342.163762023638, -111.69536445674295, -287.16400343113224, -170.83817771961253, -179.00841229648017, -107.43012666907623, -18.070528571272813, -7.603738508534881, -10.937918873535503, -85.58628651191457, -110.1856486240221, -173.35044078502696, -48.50742133270099, -97.88503402131707, -82.67920145087193, -18.37212445607175, -66.77530514666144, -225.76742253881875, -6.484179560768295, -110.97972132442315, -147.53900414076912, -30.111640738524805, -36.57646639674312, -11.224750001443931, -114.08681179481265, -281.0234286127686, -150.9376863651557, -119.00215281452088, -154.66108663300702, 44.53675057706358, -49.19273402247845, -248.43326066558961, -133.0513811058357, 482.13405654848344, -262.154245336772, -55.366122637498044, -121.47501189967795, -155.53831319904575, -67.3670352990381, -49.156444183434054, -130.3278267431029, 109.8591050114705, -202.4328702534773, -162.71355305371196, -184.6910179052358, -105.7022569004617, -146.36714719849778, -136.68354481168853, -341.75941606850523, -142.94282297011796, -322.2056097843725, -209.21300350297614, -280.03797338683376, -300.67626203969155, -161.2184791099662, -133.5694877175496, -267.24742582154, -255.71800309215652, -265.8339636182436, -148.02617874785224, -81.39753696884166, -275.2995675719657, -183.59570580666343, 176.22889474359965, -64.9856171662108, -49.092521630370726, -74.20051451377344, -129.84383143216164, -1.563697153475856, -168.7193742444674, -58.11295353107951, -38.109162357185966, -179.4326270877719, -144.4297830538007, -271.3062174433359, -204.44025932192193, -177.61357557554152, -156.82673108320438, -86.7461866436456, -70.04825881943577, -56.69230516654297, -59.228999253606105, -63.20020774823976, -166.19609429235007, -60.8476012283829, -85.60504450543618, 32.996988888333874, -122.55449957875429, 72.76848140076311, 51.52909032222695, -100.73167604963481, -152.16914079008893, -102.79487219148719, -116.74395949427654, -60.65388643882006, -134.0249412742613, -66.80152504585337, -84.495358003948, 60.533858419231564, -120.42562267113694, 10.670540798954036, -78.97860600938036, -98.69891981443531, -230.07077895540192, -239.35621556129442, -184.29701889749097, -216.75773171391992, -244.14553547086643, 80.6791471385524, -36.82681118547754, 5.506298499868226, 34.096960193689604, 18.21082178395521, -55.091023954350646, -174.75266054441792, -65.30103591852603, -135.69306947642693, -178.15550528764138, -140.9949698510377, -175.87974168523525, -84.13193288258874, -3.289020959296284, 107.18496568470891, -27.27982039231941, 55.29364903152032, 56.577342625062684, -171.18615714779264, -230.0103385727672, -217.9096537601612, -338.41226660170696, -253.9008250466626, -196.94707793191805, -21.468695032829583, -67.71151012644344, -159.2893683477155, -57.93533543550417, -18.901175942569882, -40.40952852126379, -306.2193060526707, -187.14874240808754, -76.59554239829136, -161.2566488377436, -138.34633064593623, -151.16698620627275, -123.55730601361138, -219.5931246453058, -73.85775827415755, -57.013944092046174, -122.80135222847223, -13.844435534558706, -22.15046528414502, -57.0440890908693, -56.29915691695624, -141.31811016550975, -136.7073312236121, -88.89366198068473, -101.12908382871072, -98.78506830753125, -30.953658414231118, -80.64486789299805, -142.61826540596925, -101.37922996265948, -193.67339702171515, -70.34373303503986, -104.50514340236008, -4.374609613582526, -89.81712859606135, -28.4961942666946, -147.27377152421056, -171.87406982605407, -232.4458934041517, -272.2329292059251, -123.84101694419644, -196.33816974680366, -12.601523504514159, 23.32936836436652, -50.123289722725225, -10.403269056461465, -23.13306183586397, -6.280554364263127, -75.57877466536972, -39.27066757860962, 75.25343458182006, -143.2318892456508, -69.3766802952364, -181.32526545685718, 165.18728052310115, -145.66609432488048, -75.33724769843441, -100.62208202548969, -87.77874061418807, -216.87968791590333, 8.155486923889525, -19.157564446446884, 46.85812993712793, 21.175490770443417, 2.9726618054250795, -75.47092320341685, -50.31383933240588, -217.75196565585713, -137.1900116130382, 276.43516247509183, -30.63295289929586, -133.7048208405769, -118.6786377421359, -295.7767901091769, -134.74431886134056, -246.46998228261353, -207.24101678645206, -238.1958520178228, -272.48855263156406, -250.1711346458208, -285.98300480276674, -303.45440824198414, 85.46724218635995, -299.39083838727294, -22.567411338248448, -119.18292170897247, -56.781277132734175, -214.8685398962547, -108.10500995978035, -8.070405797414221, -68.43493536048763, -63.36025840479592, -71.50562764659603, -65.93029384419005, -14.663580153083062, -214.31425289423214, -78.72707708220452, -198.02889811595642, -120.4533850473236, -211.247015062239, -128.29508651278698, -98.9980788256562, -64.57587919440371, -179.52231606764593, -71.84461105212519, -245.53069646278112, -28.403121461614877, -149.86333114185248, -69.80361080838077, -175.83235474315242, -84.19183834956598, -168.10058531961872, -117.12481673404722, -105.35497122692969, -115.47434677991339, 377.86258385606413, -273.9465503221785, -262.42349281696755, -176.9765408731254, -52.48068750381134, -116.2620065873574, -94.9386772689328, -86.20162364740145, -129.54535753473863, -136.21475162167573, -155.32932903078998, -126.16840897056066, -29.950444101666168, -147.31845291753646, -118.60619243660824, -102.2925456624746, -95.33834669570729, -39.30620709332705, 45.34991112278984, 76.57236964173713, -14.638930045240315, 32.370943841323296, 44.01529359251869, -326.5207882528641, -368.7070408232881, -114.38996431597899, -256.42705663019507, -255.2004974196304, -192.7580071936303, -51.19002995342652, -158.0252236515238, -230.35949972348493, -84.90837225766408, -260.7865832990323, -135.11287143478648, -65.68418329733306, -126.50954968903937, -159.87153407935352, -32.66196643351083, -6.96093597315622, -55.568503648292975, -357.5966660958331, -322.46090611598805, -157.99270426693118, -158.54548772561148, -210.46861535476813, -260.2269136490773, -151.55768812513776, -150.9326097217661, -73.41557568347284, -28.78418336955413, -86.20635509076733, -141.99391384543372, -124.0667448352298, -16.362724516748877, -158.50547829562763, -212.63614162270227, -244.007394762068, -239.3664057154107, -114.39513391743942, -98.1397281774875, 12.068440815029557, 8.075219432491647, -112.49445174041485, -39.03106544922155, -96.25902158891846, -137.78349861454979, -163.95812041502484, -223.64005798847583, -92.75007458452063, -195.5915580223721, -23.313820861673378, -69.06846777337718, -131.79610399725362, -138.42247998353653, -208.221834170967, -60.562743805497014, -28.542412588866522, -187.80618696516663, -45.41106045543843, -118.74872182001462, 18.078205593322735, -169.59046050146716, 16.086584486599193, 19.923915470102617, -8.174412815500645, 59.188397238310344, -29.29908718893908, -178.7278181932458, -154.31645533102267, -227.46347705132533, -249.70925718890527, -179.0151029026311, -128.34663138155307, -237.2811696958729, -210.3895202597802, -357.0576146900878, -239.99697818417516, -286.3271453520374, -266.5075986196307, -356.4991299834905, -13.046886846533013, 9.993910144715361, -16.012509927419842, -14.878011331294356, 56.17541761451629, 77.86897362200547, -184.89903366602863, 11.409015845730108, -185.36206408827474, -76.27629208034894, 17.021017304707968, -198.944443332077, 9.991281714739811, 7.176416103449016, 61.32531898396166, 11.460734259841868, -67.79730021014288, 14.548231482988541, -258.95816751417954, -195.55949062452567, -181.77302813516923, -264.2505952816347, -194.50425320143063, -207.46804898131975, -188.91867317622655, -201.49702424439892, -176.74011762724902, -132.6459564479558, 52.159405016711275, -243.95976544774368, -120.09777915764941, -275.53454589741546, -174.42980866983942, -132.17240890312632, -149.54478040237657, -154.46220126622012, -178.10605711846955, -27.594810109582536, -93.49829046038893, -29.64691755766333, -186.950236172331, -62.16770829171817, -134.8738293055728, -26.026973778636613, 21.34149732134378, -82.58118316986804, -79.12898321906424, -16.10875369919592, -150.52804847065542, -261.20957173466655, -251.18497316930063, -144.97020364239697, -214.3921002938266, -180.4314228090316, -139.59380662801442, -170.124005979229, -181.40747110165498, -84.68289953868798, -270.1228486859163, -111.49223417909317, -172.65760189411077, -179.73519919767563, -259.4707452783567, -146.9672406206571, -138.82846178449668, -190.13540115652904, -121.07643127577553, 27.530659709023663, 208.32474056968823, -26.28686977223537, -155.54741389070037, 24.765933401649676, -264.2681820529341, -295.3526482313016, -201.1150013226065, -211.68798185549798, -144.4198623456746, -237.31128919800395, -132.72018209704453, -264.39668412568744, -177.72416646678045, -200.30660681773884, -78.53616253084746, -198.0443284386909, -30.287488070183798, -68.48802972588992, -102.298464216967, -57.58446187048189, -55.92239019743198, -38.76269966066956, -137.55136594175, -95.27651181630621, -105.43922567181558, -65.86232829857933, -164.20510640017946, 50.833861532627154, -223.77301664956948, -221.92079775314403, -257.0144994946426, -187.88276189181224, -166.49506185928973, -256.1866919338063, -207.69788310520352, -235.50137880845205, -230.64059869134832, -63.271476319948775, -257.47972013140475, -93.10707643774379, 22.245345939616403, -196.18037640658594, -332.39521187428045, -136.12186257399895, -132.9813128373691, -266.02263034062787, -55.361732365496586, -67.23569331232926, 144.00122625273542, -67.42878193853717, -51.91943322914994, 100.63910601726478, 106.8239034413428, 102.46981292138034, 108.07412701103935, 76.58291880495602, 120.84320461567037, 21.614354434031853, -42.79538109798433, -109.57957568733354, -46.51878939521751, -137.74365870742744, -42.66786112481671, -82.00442188933478, 63.80781041469472, 68.76536349477182, -4.228672392113782, 119.80750377186322, -6.710424268453718, -35.861881953316214, -14.979820707695762, -7.877547366669036, -136.41456930495133, -23.802048985936942, 69.08455004228595, -36.32702293146007, -266.5063211724045, -138.88240831952675, -152.17512912567574, -156.15031868979534, -177.80929940718815, -201.39791263385615, -26.81555252899905, -168.11292356238374, -112.80416664315074, 2.961204892847592, -151.33863547468206, -186.34866295798216, -117.01029367447353, -98.54991986606362, -26.864423572477097, -206.0918190827098, -116.24191068662549, -37.35067046876733, -347.20797826734577, -200.6617528600129, -202.88373500371728, -117.06607925145181, -309.5372324308686, -321.57831338203835, -340.24024804792055, -98.88524244119041, -341.12034550538414, -108.80962153166539, -203.8154644787649, -166.61921384804825, 21.506517459616564, -59.30543118373047, 218.30925580026786, -86.32492064194855, 1.5308148564944037, -92.21345722267877, -162.33849838664773, -139.1364515790683, -84.69982209413337, 109.843518877344, -81.54579882008993, -120.4046060303059, -5.5240872233819625, 137.2536193137973, -22.026618897090835, 87.70226144025706, 70.41610148646157, 15.501086977051417, -89.65084486150968, 56.155670789710065, -59.79334644776462, -145.585356895155, -93.25610940253422, -98.09700726353404, 239.04193160028416, -60.94526648270934, -100.93133479275365, 178.2333466520879, 32.4675954603145, -41.61847521364254, -307.66659839817913, -140.13743163160206, -221.3713492529593, -139.4719442841357, -216.47397089899695, -256.47308394259596, -103.1147608363629, -238.8010713329902, -20.968928698272943, -66.19678764384003, -177.02797181087885, -352.4748728166763, -206.32347469279568, -280.2437279597687, -166.7444471750982, -217.90537457705486, -246.84429561616057, -289.2734959118775, -54.38924195632714, -28.50651243995287, -81.59483484217324, 332.92468294935315, -43.71178756582947, -65.05880045765107, -320.0934806001781, -259.1911745309839, -347.28935797232316, -171.73402860199926, -235.2279164465807, -305.09459756451247, -139.89646670964572, -100.88927709594863, -35.95295044460071, -63.1978256437751, -113.57916098377198, 65.1739143584519, 67.23458720601914, 228.18231314499045, -30.888748094211216, -14.208715201746005, 10.076077085110324, 29.572152726849804]",19.298334058433348,0.7125044129477809,0.9924232900894296,9649.483,621.795,10.345,580007.375,37444.406,160.238,11.8,174000,174000,40.94615384615385,15.299999999999999,0.10000000149011612,4.999999873689376e-05,3199.2363,-0.004159478,3199.24,0.091602646,0.006142065,0.52269965,0.0
722.6728567175904,-1716.7779870892007,-607.5776062433299,100.0,60,15,180000,False,1800,30,212f51d07e9840f9afce8433e261ebfd,2020-07-14_16-21-45,1594743705,47.24835753440857,1398.0702250003815,62816,tango5,131.234.250.245,1398.0702250003815,0,30,d74d5_00000,0,-374.77671299103184,377.86258385606413,-101.26293437388833,"[-1267.6216123193233, -773.8730144727435, -1234.57076796552, -114.0310589051463, -1433.621143512622, 6.009581328510853, -966.3153396923307, -587.9880211141024, -446.205047768136, 148.41434674266478, -959.4377279615844, -1064.0564788569206, -745.1094435254032, -841.6695610813412, -1023.5121531221456, -811.9293748119665, 425.6040645758046, 722.6728567175904, -1345.5712666644213, -839.8294575567711, -789.1705750377084, -247.82259642025565, -368.33293858842114, -646.4200580977239, 391.48474406592806, 216.94674298928607, -637.3992357300376, 549.7022934331405, -900.1027993832615, -1130.6225090679388, -639.4591497963307, -1515.5993220637904, -1118.8120030135963, -1145.6078983839145, -1154.0510079167311, -591.2571199590702, -788.63461020944, -228.8666500049062, -514.4707380420567, -335.9335858101577, -1251.3633273585199, 639.3637763623029, -91.10292865852085, 198.60307363443079, -101.3131697224396, -96.2476256363571, -373.2086388551278, -551.8511989649253, -1146.905971601316, -586.2637353075222, -358.42761978498345, -689.9786802373792, -844.9984903118564, -1080.646304593791, -988.3904333302656, -751.5202593280627, 452.46786180754873, -507.63961703592827, -650.5388250648639, -187.28359356733438, -870.7769827632854, 104.35518310708693, -1408.3663190610096, -365.715613406326, -1020.7335565490018, -610.6679207881516, -502.41281466177713, -555.5101738121007, -491.21020593545313, -1144.0058506513415, -79.21233011946141, -433.529842659903, -461.09657205579475, -15.46671821297754, -293.1584278660819, -1241.1065977995406, -1326.020696523049, -529.5755658334036, -498.2089483033845, -835.7495406461672, -739.7399553804232, -720.4081771816957, -503.4390344399324, -718.4917456908956, -619.6743907845535, 144.36338105980082, -1514.003354635587, -920.3825803199188, -447.256673120686, -1467.2912932082106, -632.8903258361311, -994.9448897477864, -343.9167190370429, -909.9823312138617, -631.3854505923056, -532.0206367376308, -121.00242100267351, -1176.1320935513108, -1716.7779870892007, 100.10089327598875]","[100, 100, 100, 100, 100, 100, 100, 100, 100, 100, 100, 100, 100, 100, 100, 100, 100, 100, 100, 100, 100, 100, 100, 100, 100, 100, 100, 100, 100, 100, 100, 100, 100, 100, 100, 100, 100, 100, 100, 100, 100, 100, 100, 100, 100, 100, 100, 100, 100, 100, 100, 100, 100, 100, 100, 100, 100, 100, 100, 100, 100, 100, 100, 100, 100, 100, 100, 100, 100, 100, 100, 100, 100, 100, 100, 100, 100, 100, 100, 100, 100, 100, 100, 100, 100, 100, 100, 100, 100, 100, 100, 100, 100, 100, 100, 100, 100, 100, 100, 100]","[-204.12287852572163, -189.28321048152944, -195.94997999317354, -204.96125901222692, -255.97207344812173, -217.33221085855035, -243.48771160992533, -6.877355838754458, -112.23480028381321, -179.45575929401824, -182.06677630253915, -49.750611143692424, -288.44479453212307, -225.8607548060837, -57.384813660794535, -224.0664953119368, -275.9072152933176, -162.9066943612644, -55.963114876621916, -1.2645178436320705, -29.267474597107338, -98.28031433802714, -81.56264915709049, 152.3070119073324, -217.32211147613214, -287.5987166190123, -374.77671299103184, -165.82154910744572, -222.87823737774687, -165.22381594125187, 193.25555027106455, -145.85991815843906, 186.95993914526724, -27.72359753266414, -121.1145753327552, -79.50781706396282, -229.49422278381394, -229.70811108326777, -157.27273894612182, -194.9163751723496, -294.0805385840542, 139.15664687727562, -75.3099026876509, -109.81128864848688, 97.7919323482265, -219.5732246304043, -172.02760295289707, -109.05793454288931, -203.3029984127948, -90.60949662242926, -66.39614204784101, -109.41045816781912, 116.07544739685811, -92.56139991410971, 38.022494653415976, -32.58069417264514, -21.260755640504325, 7.967079770747099, 155.88466245508656, 0.3815596765644944, -258.91467722242766, -266.2314834231832, -208.14868216645542, -53.37215119348532, -19.452282425727482, -153.3184515303052, -198.62720895336412, -181.37990009018117, -127.49631086497793, -132.8771566386746, -199.44207356319336, -224.23382874652984, -9.960197033827692, -105.20561005198522, -139.96079656651636, -271.9004374420499, -284.0376490085652, 65.95524657754075, -164.3879972544916, -157.15652456948735, -197.73227331685578, -178.2157505471256, -164.94507087908363, 20.768055485700728, -283.60727462422693, -187.4222240910336, -301.2674197603102, -102.52418190066221, -71.01466472139455, -77.67638802451806, -224.96188850268794, -171.2102053828992, -124.39627402556641, -29.8422446815789, -172.85319508232217, -88.66556713691106, 62.60802289102646, 7.405575303182726, -13.876904819370953, 103.154151150935, 115.25688893438304, 151.0563311156483, -99.8155522715336, 293.8876214959557, 340.8500123636221, -24.852989250659824, 352.96873467262077, -140.36497029241545, -320.3120635558672, -234.78446861224205, -136.0294390750767, -238.9272026570656, -277.9616560980175, -137.5564366661522, -204.1631465880411, -192.44548860470863, -67.88165112449407, -124.66267983427923, -143.79476934525937, -106.88172205999048, -92.54933336741975, -152.49163894359043, -59.09670750956478, -202.96500953909552, -142.17354090928103, -139.89434476875604, -140.57061618364827, -286.59201712108927, 270.30995982037047, 187.37143227478123, -161.93280058334247, -116.40855462732762, -147.42569273336096, 138.60615886274084, -254.1909269150178, -24.120400427473996, -4.58337769843754, -76.61869967687204, -187.598405293821, -210.3625177392205, 207.6770050090788, -150.4752009404257, -177.03229838626402, -128.62864074707204, 48.34051866697245, 242.46698510718633, -0.0008962362585112071, 62.342022768491994, 6.370506418071679, 31.96560734146418, -81.1476270351703, 60.063762840835786, 26.459815282207867, -32.274857646326666, 35.882412329550164, 207.96323721818948, -105.39852808400566, -74.86126672928728, -81.00170149697487, -162.73736766775625, -117.61808697135375, -95.782284780659, 119.00309741447681, 125.66653435442643, 14.83996990132688, 68.66198110668537, 85.49555794991653, 136.0351527063099, 115.95302458757075, -222.2004242204831, -11.404600147511267, -340.2901342451077, -211.94294489374133, -230.2177204639878, -234.68585829882562, -199.7163785222253, -228.35986290270114, -271.3897363702692, -79.97836541413807, -116.49230755978074, -113.78377047912565, -209.94262792162417, -96.61648316340292, -18.963912294844686, -207.86956106252129, 7.717205125186787, -257.14077729502355, -237.49379852217123, -299.61820404701376, -129.25475871108307, -317.12396520259654, -274.9678182859021, -333.3067033522477, 136.05447370161428, -184.82014799753892, -262.1501660453455, -192.38682774408565, -282.20263157599385, -138.4239446908198, -144.7138998154221, -176.39891755671056, -207.2327142441932, -212.78924419695173, -266.0491778798172, -204.9199659227447, -142.2940741712062, -309.67441456149805, -142.2541063202344, -161.08511798831046, -193.82332895273737, -148.86809676097005, -73.3815778378271, -130.42354391614967, -98.3931615741088, -68.44877441088911, -71.74196545912473, -116.44551966026604, -101.32624880103774, -141.96430464398776, -143.96748691061862, -84.34107951750461, -200.58997067602604, -39.926033778401035, -121.14042165213291, -82.61362404750287, 118.59777545173074, -32.67433464190367, -71.11001133669608, -233.2138433539713, -156.87011511932323, -6.489335089474282, 13.223665998715319, -91.85280230475392, -39.26830817324978, 170.11281111176712, -173.55626627375025, -111.74538547662404, -98.03300037897807, -153.62388577507016, 30.912140982497377, -219.91769936398632, -182.01872925724172, -188.0934258298889, -180.81864903755522, -246.84229978094058, -233.67252408890712, 47.47871825258374, 58.07657242689943, 0.6049120571919175, 131.81719373761132, 188.83640006206159, 212.54997982595614, 85.04335255745086, -26.37888662936676, -62.596598228112434, -7.359119984506333, -25.562702642692166, -54.24897373129539, -59.0061893390136, 64.29309044783417, 142.88290412980828, 30.564452514451276, -41.3837226639362, 61.25253854528723, -4.915009177644853, 5.540428053918071, 21.77743060910789, -11.164304427619241, -45.466970374486, -67.0847444057157, -125.94506500422287, -29.181901488606712, -16.47318897870954, 98.51654122642115, -36.50157292886817, 13.337561537627986, -74.649452891324, -34.04018847911113, -207.4718804739477, -33.331826275447455, -45.52529873751203, 21.810008002214325, -67.87365634090578, -128.31153147531478, -100.54666028001729, -27.480251395769944, -94.65419391810887, -132.98490555480848, -250.67389689079442, -147.44694439350414, -267.80266196975697, -110.25288620434911, -198.0989816543372, -172.63060048857454, 10.066313822773848, -81.30975173446886, -188.32617578355897, -68.05683336781424, -173.0486557232806, -85.58863252117432, -103.90064445440908, 5.536225323838763, -42.601999108916424, -7.914955768384741, -106.46087282350959, -103.08537295360274, -205.84761217196512, 109.09800477399237, 87.64666195009109, -179.79480475228786, -253.82723158843993, -247.25369844877048, -182.11062662333444, -102.83676197980621, -143.63638684591, -191.50100936194684, -97.89555251358485, -127.01815298727426, -190.34823473465602, -202.6522921553402, -153.23895037406703, -134.972932467181, -175.2142560196379, -224.2196388429118, -104.03965127300395, -284.0913538552771, -98.68565949168145, -167.5498348348001, -144.55995011909172, -189.46398375641155, -89.80847351097763, -224.87685249610664, -27.75021454561794, -160.83889019263992, -129.71085273587283, -118.53497584684796, 3.862364064715545, 77.19808194787058, 149.06661498978374, -3.1689714758908503, 158.66628842252823, 66.84348385854216, -29.968233337662248, -185.75106348549787, -156.03878129084234, -3.3488215855636927, -73.01089154424521, -59.52182579211695, -34.31984632822036, -100.6080274137402, -171.65172172400312, -92.70271409544651, 19.306528223268764, -270.56304372672236, -78.2172539267113, -14.626709214541155, 64.78386816567424, 57.52518266439798, -72.46794783102214, -144.2807334251321, -174.75266054441792, -65.30103591852603, -135.69306947642693, -178.15550528764138, -140.9949698510377, -175.87974168523525, -84.13193288258874, -3.289020959296284, 107.18496568470891, -27.27982039231941, 55.29364903152032, 56.577342625062684, -171.18615714779264, -230.0103385727672, -217.9096537601612, -338.41226660170696, -253.9008250466626, -196.94707793191805, -21.468695032829583, -67.71151012644344, -159.2893683477155, -57.93533543550417, -18.901175942569882, -40.40952852126379, -306.2193060526707, -187.14874240808754, -76.59554239829136, -161.2566488377436, -138.34633064593623, -151.16698620627275, -123.55730601361138, -219.5931246453058, -73.85775827415755, -57.013944092046174, -122.80135222847223, -13.844435534558706, -22.15046528414502, -57.0440890908693, -56.29915691695624, -141.31811016550975, -136.7073312236121, -88.89366198068473, -101.12908382871072, -98.78506830753125, -30.953658414231118, -80.64486789299805, -142.61826540596925, -101.37922996265948, -193.67339702171515, -70.34373303503986, -104.50514340236008, -4.374609613582526, -89.81712859606135, -28.4961942666946, -147.27377152421056, -171.87406982605407, -232.4458934041517, -272.2329292059251, -123.84101694419644, -196.33816974680366, -12.601523504514159, 23.32936836436652, -50.123289722725225, -10.403269056461465, -23.13306183586397, -6.280554364263127, -75.57877466536972, -39.27066757860962, 75.25343458182006, -143.2318892456508, -69.3766802952364, -181.32526545685718, 165.18728052310115, -145.66609432488048, -75.33724769843441, -100.62208202548969, -87.77874061418807, -216.87968791590333, 8.155486923889525, -19.157564446446884, 46.85812993712793, 21.175490770443417, 2.9726618054250795, -75.47092320341685, -50.31383933240588, -217.75196565585713, -137.1900116130382, 276.43516247509183, -30.63295289929586, -133.7048208405769, -118.6786377421359, -295.7767901091769, -134.74431886134056, -246.46998228261353, -207.24101678645206, -238.1958520178228, -272.48855263156406, -250.1711346458208, -285.98300480276674, -303.45440824198414, 85.46724218635995, -299.39083838727294, -22.567411338248448, -119.18292170897247, -56.781277132734175, -214.8685398962547, -108.10500995978035, -8.070405797414221, -68.43493536048763, -63.36025840479592, -71.50562764659603, -65.93029384419005, -14.663580153083062, -214.31425289423214, -78.72707708220452, -198.02889811595642, -120.4533850473236, -211.247015062239, -128.29508651278698, -98.9980788256562, -64.57587919440371, -179.52231606764593, -71.84461105212519, -245.53069646278112, -28.403121461614877, -149.86333114185248, -69.80361080838077, -175.83235474315242, -84.19183834956598, -168.10058531961872, -117.12481673404722, -105.35497122692969, -115.47434677991339, 377.86258385606413, -273.9465503221785, -262.42349281696755, -176.9765408731254, -52.48068750381134, -116.2620065873574, -94.9386772689328, -86.20162364740145, -129.54535753473863, -136.21475162167573, -155.32932903078998, -126.16840897056066, -29.950444101666168, -147.31845291753646, -118.60619243660824, -102.2925456624746, -95.33834669570729, -39.30620709332705, 45.34991112278984, 76.57236964173713, -14.638930045240315, 32.370943841323296, 44.01529359251869, -326.5207882528641, -368.7070408232881, -114.38996431597899, -256.42705663019507, -255.2004974196304, -192.7580071936303, -51.19002995342652, -158.0252236515238, -230.35949972348493, -84.90837225766408, -260.7865832990323, -135.11287143478648, -65.68418329733306, -126.50954968903937, -159.87153407935352, -32.66196643351083, -6.96093597315622, -55.568503648292975, -357.5966660958331, -322.46090611598805, -157.99270426693118, -158.54548772561148, -210.46861535476813, -260.2269136490773, -151.55768812513776, -150.9326097217661, -73.41557568347284, -28.78418336955413, -86.20635509076733, -141.99391384543372, -124.0667448352298, -16.362724516748877, -158.50547829562763, -212.63614162270227, -244.007394762068, -239.3664057154107, -114.39513391743942, -98.1397281774875, 12.068440815029557, 8.075219432491647, -112.49445174041485, -39.03106544922155, -96.25902158891846, -137.78349861454979, -163.95812041502484, -223.64005798847583, -92.75007458452063, -195.5915580223721, -23.313820861673378, -69.06846777337718, -131.79610399725362, -138.42247998353653, -208.221834170967, -60.562743805497014, -28.542412588866522, -187.80618696516663, -45.41106045543843, -118.74872182001462, 18.078205593322735, -169.59046050146716, 16.086584486599193, 19.923915470102617, -8.174412815500645, 59.188397238310344, -29.29908718893908, -178.7278181932458, -154.31645533102267, -227.46347705132533, -249.70925718890527, -179.0151029026311, -128.34663138155307, -237.2811696958729, -210.3895202597802, -357.0576146900878, -239.99697818417516, -286.3271453520374, -266.5075986196307, -356.4991299834905, -13.046886846533013, 9.993910144715361, -16.012509927419842, -14.878011331294356, 56.17541761451629, 77.86897362200547]",19.34374895091632,0.7124468905516917,0.9918165594701471,9665.533,620.762,10.031,598169.398,37453.024,160.201,11.696,180000,180000,40.560606060606055,15.299999999999997,0.10000000149011612,4.999999873689376e-05,4448.757,-0.0027086234,4448.759,0.107363336,0.0048601,0.5247143,0.0
639.3637763623029,-1674.5917554270366,-602.556266590646,100.0,60,15,186000,False,1860,31,212f51d07e9840f9afce8433e261ebfd,2020-07-14_16-22-33,1594743753,47.28614687919617,1445.3563718795776,62816,tango5,131.234.250.245,1445.3563718795776,0,31,d74d5_00000,0,-407.3847562639803,654.0200250059827,-100.42604443177436,"[-782.641739427278, -348.51891262168505, 136.1552025102618, -506.9024713811235, -930.0080418152911, -95.16684172682136, -282.1741432545881, -1674.5917554270366, -1137.6883111511138, -661.9362537883185, -984.445990205428, -808.3490966935774, -511.7460557134246, -271.02679300893135, -950.3182619699835, -1293.1678525910245, 327.4575929363389, -897.2527003429739, -664.1047534194536, -954.0543750720265, -598.2317079237391, -1030.2298174168022, -137.32224955136965, -691.632647707185, -1081.9146217862642, -319.3230732012874, -1035.0683731729196, -1246.488877952592, -1095.776024145529, 271.2755250261203, -1072.5778858587323, -445.7584228416348, -800.2867450213618, -1648.3368194419568, -204.61371980655198, -1129.3093850844452, -967.1218049691128, 20.37586587720629, 569.9609552342467, -1232.7932556934459, -712.7662839747362, 352.26824255190496, -43.3145654006957, -820.1901071471428, -746.7750066733945, -1157.2095966444517, -1226.0515575635989, -361.16930634155557, -525.6776601101748, -805.4133855869313, -407.6830010999464, -1216.346472258054, -586.526203033796, -1178.1289096041824, -146.47962875430287, -873.7219069257756, -386.1200024843578, -662.294895534797, 309.5579960542492, -1334.2550443401265, -789.1705750377084, -247.82259642025565, -368.33293858842114, -646.4200580977239, 391.48474406592806, 216.94674298928607, -637.3992357300376, 549.7022934331405, -900.1027993832615, -1130.6225090679388, -639.4591497963307, -1515.5993220637904, -1118.8120030135963, -1145.6078983839145, -1154.0510079167311, -591.2571199590702, -788.63461020944, -228.8666500049062, -514.4707380420567, -335.9335858101577, -1251.3633273585199, 639.3637763623029, -91.10292865852085, 198.60307363443079, -101.3131697224396, -96.2476256363571, -373.2086388551278, -551.8511989649253, -1146.905971601316, -586.2637353075222, -358.42761978498345, -689.9786802373792, -844.9984903118564, -1080.646304593791, -988.3904333302656, -751.5202593280627, 452.46786180754873, -507.63961703592827, -650.5388250648639, -187.28359356733438]","[100, 100, 100, 100, 100, 100, 100, 100, 100, 100, 100, 100, 100, 100, 100, 100, 100, 100, 100, 100, 100, 100, 100, 100, 100, 100, 100, 100, 100, 100, 100, 100, 100, 100, 100, 100, 100, 100, 100, 100, 100, 100, 100, 100, 100, 100, 100, 100, 100, 100, 100, 100, 100, 100, 100, 100, 100, 100, 100, 100, 100, 100, 100, 100, 100, 100, 100, 100, 100, 100, 100, 100, 100, 100, 100, 100, 100, 100, 100, 100, 100, 100, 100, 100, 100, 100, 100, 100, 100, 100, 100, 100, 100, 100, 100, 100, 100, 100, 100, 100]","[-47.644779640056456, -83.13333712757174, -169.69899266890843, -164.3427676838608, -189.7396146636907, -128.08224764318933, -73.97754720153019, -39.64553089833934, -38.583637448214525, -13.46147400461651, -119.8179902848928, -63.03273278409221, -100.83845940626327, -68.24276435285549, -199.62062251788439, -72.7017497446161, -76.46122647410151, 654.0200250059827, -31.48810726771158, -114.53173010464134, -154.2713710340895, -79.66620476551627, -11.964170862136324, -114.98088734702841, 222.48147010437683, -360.95954553611267, -78.46991611935863, -315.2225230759303, -274.8881453346434, -122.94938185362328, 35.28013581603152, -73.61903970443336, -39.82436686722836, 41.79469769703278, -95.91654857096505, 37.118279902741264, -19.48587627523292, -85.25343446434914, -76.37763748366216, 10.091343545894764, -13.647705597948699, -97.5008329792902, -325.77748296599833, -286.7322524820211, -289.63615957874185, -268.7002948041048, -304.4719155537837, -199.27365004238695, -163.3116169565543, -102.58372922869141, -143.81750994317872, -249.54728784116307, -227.45834697068975, -250.96982021083846, -16.6031108360577, -92.4662637885599, -158.10088758285522, -78.72318471115591, -99.57935230499014, -216.4634545646993, -211.04376741832488, -104.96319918508503, -178.76982185826392, -139.57996519653804, -127.1177568943331, -222.9714796528822, -185.02549908194814, -141.1051237946974, 164.82947542912285, -175.11711355433502, -249.44384302711316, -222.4869926646073, -125.32151573745676, -180.25149752851488, -184.223260158734, 48.72798371445663, -149.21131200009947, 78.53354599692365, 294.9821488916696, -135.7599545419295, -57.050873167727026, -119.38444223535278, -164.15273123339932, -89.6609407221913, -116.21418675716225, -221.45621539273952, -114.49795085230953, -125.09642398797548, -158.46049976572235, -214.59298521407422, -181.58414613475108, -102.60629577709845, -180.61249758765948, -407.3847562639803, -201.47528151021922, -219.50487531731724, -33.187930792192624, 153.6214456158481, 34.69781922089586, 112.51203671094929, 89.0120224862926, -29.197800305454166, -196.38244127217877, -186.7487671625672, -149.76582589698293, -129.83626542052934, -105.13889949116374, -129.38050109955293, -144.0675659697578, -86.99761611000338, -186.08513983370713, 53.586571746871385, -134.00568738935763, -166.53531586349936, -150.0944554954542, -222.36475718672858, -183.04645105461356, -137.973251435829, -155.26269167207914, -105.31276822732234, -138.21516603005531, -158.11644578913464, 85.39458292339306, -98.47732112943967, -169.5538650790414, -119.26349281946082, -143.80130586728126, -85.69958230035873, -194.88754481847135, -226.88028300235916, -196.68342148468605, -182.27767994364504, -94.98874073869557, -28.152400276441035, 50.7691912301246, -49.01793795314825, -80.64139023321371, 64.70902842000424, -202.68701812002868, -90.72522826866272, -217.28804482005202, -100.79220511777412, -10.216890475490674, -69.9232609051773, -202.19297031548868, -89.95301149148221, -150.0751802299286, -231.67440733808436, -213.7391688999261, -194.27988351135457, -128.07417956862201, -138.5312559100187, 71.09045019640246, -46.81957316768227, -78.47398201077131, 1.4854672594038658, -194.07789648499397, -258.66037158874303, -61.005301617007376, -135.99898896632615, -193.90405114007285, -191.42176337577584, -229.9896590682426, -164.4928838187439, -263.81306268285806, -192.52528314030627, -255.74650365673756, -139.92148558570165, -170.65516356074895, -218.44968004503065, -165.7626121734779, -268.19007935635096, -216.09179176336912, -56.62669724654972, 4.929082733683359, 86.63214623428202, 32.107447894508546, -7.393694350990357, 99.57600100165557, 55.424541512981214, -255.885527383706, -211.15673337905167, -179.4071944305183, -96.1544667368944, -147.49340851176962, -182.48055541679034, -46.17426629315695, -143.5527893863054, 42.079668576936655, -209.374734273233, -4.357733992413128, -84.37856747346342, -43.54433786389403, -250.32233040797013, -170.0326271122147, -129.42240925054784, -99.71860755016122, -107.24643283657444, -307.20304878349435, -106.04538868696844, -355.4537485814496, -245.4490793360066, -347.60030078967424, -286.58525326436234, -94.85720678996962, 116.05774941975453, -109.02312783148953, 1.7251090166098164, 59.92805219024779, -178.44429581170456, -218.57383642653903, -219.18708750672715, -231.3611994402058, -13.984947133952359, -238.79418911558136, -207.40812546143948, -133.73115760101837, -151.03294149588902, -250.69152915659467, -82.15606009157885, -217.7920226637264, -131.71809396030562, -59.043205325547646, -16.19757459119019, 29.1658860500449, 34.960828110075845, 38.565467167690834, -7.075535533867689, 102.26790196327548, 168.21895099984434, 13.067593865279635, 144.1278921378972, -46.21741733588597, 188.49603360383585, -235.6872422527887, -219.59700451206402, -303.67380031774593, -124.4369177025748, -232.0154469356795, -117.3828439725924, -90.6580117958754, -120.74948420403435, -106.79453811771758, -109.63964059331063, -34.53718287065055, -250.3874263931473, 6.24576068037601, 38.01075942040326, 102.16528246432694, -47.05449553984644, 108.1671941464319, 144.7337413802152, -58.96515666366174, -63.54098030912938, 126.74216717254951, 0.1693795908301201, -53.650031882206775, 5.930056690922666, -172.18397547836946, -201.7918930831542, -199.86787361578706, 223.2614726057425, -283.17732737552774, -186.4305102000466, -117.47758639806375, -96.03906578976766, -196.83798980198, -70.2690744012095, -135.73281385068657, -130.4184764316869, -284.4413746900272, -314.2035133323599, -114.11908213997157, -161.50551455255675, -208.28000550763778, -74.66010642189893, -287.8647019521885, -230.14999948365715, -210.9036714058229, -89.6437057474662, -154.8859028389743, -252.60357613548834, -14.816154395840156, -147.5918984953465, -57.8230456183341, -107.18124352374717, 48.59809759174347, -82.35506190003139, -77.98373246750063, 3.3938921318174877, -114.25010429760438, -152.24602806544075, -92.46174767698561, -92.12993973446159, -204.08847195307203, -142.34578201835893, -178.36483823968476, -174.60948136197283, -5.786934454171397, -100.21787755967298, -68.84323495009521, -78.70242435536032, -68.25624394181744, -39.97665641967243, -95.16399398122778, -56.74044745177336, -224.05878742071124, -213.84362058515867, -113.2639670373326, -175.35642379953407, -278.87653285378656, -210.9471405615361, -129.0253238496964, -127.3394524460611, -55.1506366678704, -159.14012089252535, -77.28327293324205, -38.587396244398505, -252.22582284726195, -279.40616838607207, -144.11597904575513, -154.31706146967647, -163.70128000761642, -184.36259784779992, -27.656946365101273, -5.420466912107422, -121.49298512890047, 68.81042984548787, -13.451595669153352, -47.2680645245281, -87.71106884774964, -218.16967175518565, -71.02186634921559, -125.76327075382135, -117.11021345069848, -253.94581576910755, -260.40724728195494, -90.34474749911433, 57.149441493286325, -110.26879882737911, -69.49437246325009, 87.24572209405348, -93.83069479417193, -99.82034854664103, -115.06331291929298, -50.17205531016595, -112.16271587646473, -191.24576808806077, 39.5533138349153, 33.51057399150308, -10.020356692931399, 94.67566920777064, 28.449453169713422, 123.38934254327778, -225.16875761311672, -231.5662836850802, -207.0789062917864, -295.78862774450545, -183.7698471213565, -190.88262188428195, -92.54933336741975, -152.49163894359043, -59.09670750956478, -202.96500953909552, -142.17354090928103, -139.89434476875604, -140.57061618364827, -286.59201712108927, 270.30995982037047, 187.37143227478123, -161.93280058334247, -116.40855462732762, -147.42569273336096, 138.60615886274084, -254.1909269150178, -24.120400427473996, -4.58337769843754, -76.61869967687204, -187.598405293821, -210.3625177392205, 207.6770050090788, -150.4752009404257, -177.03229838626402, -128.62864074707204, 48.34051866697245, 242.46698510718633, -0.0008962362585112071, 62.342022768491994, 6.370506418071679, 31.96560734146418, -81.1476270351703, 60.063762840835786, 26.459815282207867, -32.274857646326666, 35.882412329550164, 207.96323721818948, -105.39852808400566, -74.86126672928728, -81.00170149697487, -162.73736766775625, -117.61808697135375, -95.782284780659, 119.00309741447681, 125.66653435442643, 14.83996990132688, 68.66198110668537, 85.49555794991653, 136.0351527063099, 115.95302458757075, -222.2004242204831, -11.404600147511267, -340.2901342451077, -211.94294489374133, -230.2177204639878, -234.68585829882562, -199.7163785222253, -228.35986290270114, -271.3897363702692, -79.97836541413807, -116.49230755978074, -113.78377047912565, -209.94262792162417, -96.61648316340292, -18.963912294844686, -207.86956106252129, 7.717205125186787, -257.14077729502355, -237.49379852217123, -299.61820404701376, -129.25475871108307, -317.12396520259654, -274.9678182859021, -333.3067033522477, 136.05447370161428, -184.82014799753892, -262.1501660453455, -192.38682774408565, -282.20263157599385, -138.4239446908198, -144.7138998154221, -176.39891755671056, -207.2327142441932, -212.78924419695173, -266.0491778798172, -204.9199659227447, -142.2940741712062, -309.67441456149805, -142.2541063202344, -161.08511798831046, -193.82332895273737, -148.86809676097005, -73.3815778378271, -130.42354391614967, -98.3931615741088, -68.44877441088911, -71.74196545912473, -116.44551966026604, -101.32624880103774, -141.96430464398776, -143.96748691061862, -84.34107951750461, -200.58997067602604, -39.926033778401035, -121.14042165213291, -82.61362404750287, 118.59777545173074, -32.67433464190367, -71.11001133669608, -233.2138433539713, -156.87011511932323, -6.489335089474282, 13.223665998715319, -91.85280230475392, -39.26830817324978, 170.11281111176712, -173.55626627375025, -111.74538547662404, -98.03300037897807, -153.62388577507016, 30.912140982497377, -219.91769936398632, -182.01872925724172, -188.0934258298889, -180.81864903755522, -246.84229978094058, -233.67252408890712, 47.47871825258374, 58.07657242689943, 0.6049120571919175, 131.81719373761132, 188.83640006206159, 212.54997982595614, 85.04335255745086, -26.37888662936676, -62.596598228112434, -7.359119984506333, -25.562702642692166, -54.24897373129539, -59.0061893390136, 64.29309044783417, 142.88290412980828, 30.564452514451276, -41.3837226639362, 61.25253854528723, -4.915009177644853, 5.540428053918071, 21.77743060910789, -11.164304427619241, -45.466970374486, -67.0847444057157, -125.94506500422287, -29.181901488606712, -16.47318897870954, 98.51654122642115, -36.50157292886817, 13.337561537627986, -74.649452891324, -34.04018847911113, -207.4718804739477, -33.331826275447455, -45.52529873751203, 21.810008002214325, -67.87365634090578, -128.31153147531478, -100.54666028001729, -27.480251395769944, -94.65419391810887, -132.98490555480848, -250.67389689079442, -147.44694439350414, -267.80266196975697, -110.25288620434911, -198.0989816543372, -172.63060048857454, 10.066313822773848, -81.30975173446886, -188.32617578355897, -68.05683336781424, -173.0486557232806, -85.58863252117432, -103.90064445440908, 5.536225323838763, -42.601999108916424, -7.914955768384741, -106.46087282350959, -103.08537295360274, -205.84761217196512, 109.09800477399237, 87.64666195009109, -179.79480475228786, -253.82723158843993, -247.25369844877048, -182.11062662333444, -102.83676197980621, -143.63638684591, -191.50100936194684, -97.89555251358485, -127.01815298727426, -190.34823473465602, -202.6522921553402, -153.23895037406703, -134.972932467181, -175.2142560196379, -224.2196388429118, -104.03965127300395, -284.0913538552771, -98.68565949168145, -167.5498348348001, -144.55995011909172, -189.46398375641155, -89.80847351097763, -224.87685249610664, -27.75021454561794, -160.83889019263992, -129.71085273587283, -118.53497584684796, 3.862364064715545, 77.19808194787058, 149.06661498978374, -3.1689714758908503, 158.66628842252823, 66.84348385854216, -29.968233337662248, -185.75106348549787, -156.03878129084234, -3.3488215855636927, -73.01089154424521, -59.52182579211695, -34.31984632822036, -100.6080274137402, -171.65172172400312, -92.70271409544651, 19.306528223268764, -270.56304372672236, -78.2172539267113, -14.626709214541155, 64.78386816567424, 57.52518266439798, -72.46794783102214, -144.2807334251321]",19.389297580035628,0.7127574753962287,0.9914682717160435,9691.592,619.093,10.09,594648.551,37449.004,160.218,11.615,186000,186000,41.32923076923077,15.299999999999999,0.05000000074505806,4.999999873689376e-05,3783.1863,-0.002517529,3783.1887,0.10721346,0.0046864348,0.45825103,0.0
927.4852529736652,-1648.3368194419568,-546.9825186713045,100.0,60,15,192000,False,1920,32,212f51d07e9840f9afce8433e261ebfd,2020-07-14_16-23-20,1594743800,47.306124687194824,1492.6624965667725,62816,tango5,131.234.250.245,1492.6624965667725,0,32,d74d5_00000,0,-355.4537485814496,542.9577661832028,-91.16375311188409,"[-572.2703930582907, -347.850748658424, 33.858517110719816, -767.7179693193173, -645.2150368885368, -242.341612611524, -328.33636115653627, -648.921442364555, -475.33569172263276, -264.7577058097053, -797.7696189757255, 116.89954213599808, -482.67825733071805, -554.0430809631039, -708.9291944024338, -377.8858764086834, -668.5514257900921, -675.0089783451073, 294.3397797267272, 160.52722921068238, 86.59147672323961, -843.6937112842439, -238.1861572420417, -807.2618422461716, 247.5363615370078, -1227.6132321806065, -851.74980207316, -416.7819033982091, -640.8081583206515, -337.2799975748783, -916.1141756900944, -917.5631127907974, -1123.272735075483, -124.59562990385706, -979.7558274932993, -246.6557673232292, -1008.6926276827704, -690.2121005074991, -545.5642686655214, 927.4852529736652, -318.08695295094225, -276.4286333396343, -662.8424492173209, -24.041792245473395, -888.8925367269444, -852.7867699984005, -1060.8458283659816, -1171.9012866432167, -412.7100821959459, -575.2834941288157, 57.85201389441849, 580.2530255877856, -908.3677786217577, -645.8722726175347, -95.00924327046026, -669.0655226438088, -710.3460318617305, -335.6062380622313, -758.7260795198199, 40.10274994644034, -598.2317079237391, -1030.2298174168022, -137.32224955136965, -691.632647707185, -1081.9146217862642, -319.3230732012874, -1035.0683731729196, -1246.488877952592, -1095.776024145529, 271.2755250261203, -1072.5778858587323, -445.7584228416348, -800.2867450213618, -1648.3368194419568, -204.61371980655198, -1129.3093850844452, -967.1218049691128, 20.37586587720629, 569.9609552342467, -1232.7932556934459, -712.7662839747362, 352.26824255190496, -43.3145654006957, -820.1901071471428, -746.7750066733945, -1157.2095966444517, -1226.0515575635989, -361.16930634155557, -525.6776601101748, -805.4133855869313, -407.6830010999464, -1216.346472258054, -586.526203033796, -1178.1289096041824, -146.47962875430287, -873.7219069257756, -386.1200024843578, -662.294895534797, 309.5579960542492, -1334.2550443401265]","[100, 100, 100, 100, 100, 100, 100, 100, 100, 100, 100, 100, 100, 100, 100, 100, 100, 100, 100, 100, 100, 100, 100, 100, 100, 100, 100, 100, 100, 100, 100, 100, 100, 100, 100, 100, 100, 100, 100, 100, 100, 100, 100, 100, 100, 100, 100, 100, 100, 100, 100, 100, 100, 100, 100, 100, 100, 100, 100, 100, 100, 100, 100, 100, 100, 100, 100, 100, 100, 100, 100, 100, 100, 100, 100, 100, 100, 100, 100, 100, 100, 100, 100, 100, 100, 100, 100, 100, 100, 100, 100, 100, 100, 100, 100, 100, 100, 100, 100, 100]","[2.212111766646374, -49.76806465337807, -139.47132222139825, -76.06023047896733, -112.88332403990121, -196.29956343129098, -122.69365315867651, -97.84171463562262, 65.90460376034108, -57.29204141771927, -39.158030258357634, -96.76991294838874, -56.85033969663962, -165.12168162451374, 293.13490789209, 299.4163994219818, -111.01972539978918, -225.70104348241045, -130.1982074056499, -160.82164044825882, -152.75979648822732, -164.48971691790172, -104.41771090464212, -55.03089715463806, -104.08660845899735, -198.93322259727154, -54.36506324274897, -33.562573713600095, -164.33303532278595, -89.93453355313304, 91.75836193479974, -173.2410774611888, -137.0094905523702, 106.72615759719689, -160.63439031725605, 30.058826187294613, -42.03670920941144, -31.82822456522824, -96.85450022944684, -2.381147442824913, -92.32189471287086, -62.91388499675544, -97.080939458127, -124.34839929358738, -89.61798290166942, -117.98508357020643, -134.65076279708626, -85.23827434387812, 12.65889681662651, -81.70512018863893, -62.80296708499556, -24.532236624150766, -124.77124475719879, -194.18301988427538, -45.293934100035386, 19.20622266542817, -24.644574555281736, -123.07116078483584, -8.387170905864515, -82.56708812911576, -235.4813973962571, 4.7033090692028745, -220.61568720454179, 114.6141335684919, -241.8958003047836, -219.09417670783643, 45.08070156403568, 41.53139051328628, 21.56161379913209, -37.37894943287698, -112.6788737470338, 158.78365943945556, -35.666340132966944, -94.38821784156659, -37.72695298050932, -208.97172206702535, -77.42501319314937, -28.500011115500758, -121.38422159317302, -37.15189389261464, -120.1666403144071, -49.720820176332886, -148.17631702528973, -77.4431879612873, -168.11840133867108, -288.5706755366701, -204.58652395946763, 5.83804171127481, -91.19387279764632, 37.70223751874627, -20.919578043671557, -58.2397280667219, -24.477535435623196, -67.24617811975793, -89.7026102477943, -117.30024649511404, -110.66578770446384, -277.18185195678615, -131.24107752570765, -162.94086045149334, 172.30160507437054, -158.8234532260115, -139.0753045063704, -277.6670408176207, 0.7700521900326045, -37.25820023540507, -142.1649254100302, -79.61355956571371, -47.55236611811439, 15.87728877515273, 362.6440865930424, -57.03449634100481, -13.813984065255951, 34.21925088290699, -15.43155081788239, 181.70131637923868, -42.028903622921, -34.275665016354274, 10.887614807470879, 59.67441748113078, -13.805150418363755, -58.94534834892389, 140.07396328163, -53.63411004519618, 32.421292657529136, 40.480829596564796, -247.2824269881877, -189.11617119106646, -191.48966738494988, -66.79023251016295, -132.48451308409375, -16.530700125783003, 83.38564617035647, -0.11822973676398307, -1.6019742250236226, -111.6798816427753, -220.681928321589, 12.510210513753771, -81.32666979347508, -76.39549087125546, -170.7688595248962, -128.72700841929685, -113.32219898812694, -236.72161464912259, 361.2149791428664, 84.49256603430263, 9.180330742495354, -42.4371125535888, -126.17294360953744, -38.74145821952982, -216.35641811495887, -277.1084501572725, -214.54751011377812, -238.74104697618517, -177.4102671298266, -103.44953968858367, -142.67320796194798, -126.81519850455656, -241.54404524919357, -110.90858991806358, -147.6758386865123, -82.13292175288427, 37.07187906685101, -159.26853084677143, -48.14246591816461, -123.28880296628476, -27.91015774865957, -95.24382498517953, -30.292830046207058, -113.78243722224225, -101.27144992837796, -130.67830256677212, -177.2610856509326, -87.52205290611784, -163.2110170481293, -175.93681299671437, -136.275219681159, -168.24979691747458, 499.8325097358896, -193.43966066729004, -288.70614432239455, -190.71756699077426, -62.69930250666788, -67.10213003915682, -163.01907030681167, -143.8699615242882, -150.4973436961675, -93.20213595936492, -173.9376260955171, -202.8136455912425, -194.6877757165645, -102.42458573194159, -100.5883013702429, -102.08437515063473, -341.31101289307963, -242.4190780570297, -16.291972654091918, -320.57799495040587, -43.85731676398375, -121.95104862401779, 215.642620764342, -106.33515817903351, -65.84201324418154, -2.2527138569826026, -42.592607697100306, -277.7499451977505, -178.4748879131545, -230.4168019021228, -231.8024500302006, -18.71913475296996, -16.351704229844323, -46.16015475025655, -37.49681482169187, -211.44218122896513, 217.48738534858188, -152.69229764105344, -148.88746368657695, -234.79680737799242, -111.4996746620088, -221.53247604600722, -105.23917504771718, -186.73703086246846, -81.29573646281605, -59.93387820637722, -169.09091462626046, 21.503931966585267, -224.38772368624777, -177.00777949238352, -65.9527772914339, 5.018327520050382, -154.15185320150835, -33.13222608829432, -173.255118480218, -124.09062112411647, 128.22534464080064, 232.89563594808155, 171.3441589035783, -52.298373087163085, 193.08160611629168, 254.23688045207615, -117.79788794299692, -74.97338878635732, -130.9450071385927, 247.96924667712642, -179.2011384744366, -63.13877728568494, -9.24963407420557, -90.65058678789444, -168.03414231740575, 157.88827586008807, -45.42230935278972, -120.96023666742795, -194.43002176152606, -122.37477722027116, -144.7326402062709, 79.52642101729721, -136.574169775099, -144.25726127145003, -104.55616949941279, -67.10855427879596, -25.059706270612633, 1.7986280539099537, 119.08444339530396, 51.799566354134704, -179.95021893497977, -252.60673732233863, -73.36613341835125, -213.0216975428395, -101.45189907293557, -68.49585043550009, -303.51372903220965, -337.91477725848523, 135.07899220331532, -164.09233822383501, -72.7038013095528, -109.6411163776328, -257.8128392785408, -168.74797430570138, -183.0102163299747, -174.02552917849593, -191.4843631386069, -85.76490613466106, -182.28011334356594, -191.3439150693748, -175.92079440763132, -183.23765786503535, -207.86110965054667, -231.257696307062, -237.08347814830574, -204.3200791357271, -160.25600197413297, -205.83198808131675, 542.9577661832028, -148.17630103966525, -88.33918917405468, -206.29824947430836, 87.65085809425406, -136.7202262054779, -74.70652441353063, -156.87016295569816, -17.323937920998354, -4.107412227057543, 56.9019556034676, 100.5044896687575, -92.81157076834361, 14.688489538591835, 142.8935964589406, 64.58225248795365, -6.046946214646283, 168.41340925363673, 127.02385209587295, 83.38686150603058, -178.1444521244756, -166.47978818941544, -142.6450004406397, -133.6569320783514, -121.25078319099187, -166.19082259788476, -95.86636574540844, -206.1868600659981, -23.274885401034556, -75.3387003816216, -103.52421132955257, -141.6812496939182, -85.72685111956943, 28.766043434473033, 166.96118312409996, -26.094725585629035, -81.3133568188104, -97.6015363050254, -267.4177166431715, -131.03552130435614, 206.23482571251338, -114.63366600902411, -223.61124073223004, -138.6022036675404, -166.3596183200249, -101.6977938695727, -87.98664318336054, -113.91044287332696, -0.8210015510581177, -239.5705320643877, -69.77840860319333, -56.395571034749416, -182.70593637546094, -12.331154261160288, -14.987539088231529, 0.5923713005642367, -119.82028850752756, 78.45959074712336, -209.53628228473764, -144.07053210687656, -116.10479124636623, -247.65377612143513, -102.02702284485338, 68.1821485375514, -61.23263418489729, 15.581158874389232, 91.75752433120554, 27.84157523304519, -138.21516603005531, -158.11644578913464, 85.39458292339306, -98.47732112943967, -169.5538650790414, -119.26349281946082, -143.80130586728126, -85.69958230035873, -194.88754481847135, -226.88028300235916, -196.68342148468605, -182.27767994364504, -94.98874073869557, -28.152400276441035, 50.7691912301246, -49.01793795314825, -80.64139023321371, 64.70902842000424, -202.68701812002868, -90.72522826866272, -217.28804482005202, -100.79220511777412, -10.216890475490674, -69.9232609051773, -202.19297031548868, -89.95301149148221, -150.0751802299286, -231.67440733808436, -213.7391688999261, -194.27988351135457, -128.07417956862201, -138.5312559100187, 71.09045019640246, -46.81957316768227, -78.47398201077131, 1.4854672594038658, -194.07789648499397, -258.66037158874303, -61.005301617007376, -135.99898896632615, -193.90405114007285, -191.42176337577584, -229.9896590682426, -164.4928838187439, -263.81306268285806, -192.52528314030627, -255.74650365673756, -139.92148558570165, -170.65516356074895, -218.44968004503065, -165.7626121734779, -268.19007935635096, -216.09179176336912, -56.62669724654972, 4.929082733683359, 86.63214623428202, 32.107447894508546, -7.393694350990357, 99.57600100165557, 55.424541512981214, -255.885527383706, -211.15673337905167, -179.4071944305183, -96.1544667368944, -147.49340851176962, -182.48055541679034, -46.17426629315695, -143.5527893863054, 42.079668576936655, -209.374734273233, -4.357733992413128, -84.37856747346342, -43.54433786389403, -250.32233040797013, -170.0326271122147, -129.42240925054784, -99.71860755016122, -107.24643283657444, -307.20304878349435, -106.04538868696844, -355.4537485814496, -245.4490793360066, -347.60030078967424, -286.58525326436234, -94.85720678996962, 116.05774941975453, -109.02312783148953, 1.7251090166098164, 59.92805219024779, -178.44429581170456, -218.57383642653903, -219.18708750672715, -231.3611994402058, -13.984947133952359, -238.79418911558136, -207.40812546143948, -133.73115760101837, -151.03294149588902, -250.69152915659467, -82.15606009157885, -217.7920226637264, -131.71809396030562, -59.043205325547646, -16.19757459119019, 29.1658860500449, 34.960828110075845, 38.565467167690834, -7.075535533867689, 102.26790196327548, 168.21895099984434, 13.067593865279635, 144.1278921378972, -46.21741733588597, 188.49603360383585, -235.6872422527887, -219.59700451206402, -303.67380031774593, -124.4369177025748, -232.0154469356795, -117.3828439725924, -90.6580117958754, -120.74948420403435, -106.79453811771758, -109.63964059331063, -34.53718287065055, -250.3874263931473, 6.24576068037601, 38.01075942040326, 102.16528246432694, -47.05449553984644, 108.1671941464319, 144.7337413802152, -58.96515666366174, -63.54098030912938, 126.74216717254951, 0.1693795908301201, -53.650031882206775, 5.930056690922666, -172.18397547836946, -201.7918930831542, -199.86787361578706, 223.2614726057425, -283.17732737552774, -186.4305102000466, -117.47758639806375, -96.03906578976766, -196.83798980198, -70.2690744012095, -135.73281385068657, -130.4184764316869, -284.4413746900272, -314.2035133323599, -114.11908213997157, -161.50551455255675, -208.28000550763778, -74.66010642189893, -287.8647019521885, -230.14999948365715, -210.9036714058229, -89.6437057474662, -154.8859028389743, -252.60357613548834, -14.816154395840156, -147.5918984953465, -57.8230456183341, -107.18124352374717, 48.59809759174347, -82.35506190003139, -77.98373246750063, 3.3938921318174877, -114.25010429760438, -152.24602806544075, -92.46174767698561, -92.12993973446159, -204.08847195307203, -142.34578201835893, -178.36483823968476, -174.60948136197283, -5.786934454171397, -100.21787755967298, -68.84323495009521, -78.70242435536032, -68.25624394181744, -39.97665641967243, -95.16399398122778, -56.74044745177336, -224.05878742071124, -213.84362058515867, -113.2639670373326, -175.35642379953407, -278.87653285378656, -210.9471405615361, -129.0253238496964, -127.3394524460611, -55.1506366678704, -159.14012089252535, -77.28327293324205, -38.587396244398505, -252.22582284726195, -279.40616838607207, -144.11597904575513, -154.31706146967647, -163.70128000761642, -184.36259784779992, -27.656946365101273, -5.420466912107422, -121.49298512890047, 68.81042984548787, -13.451595669153352, -47.2680645245281, -87.71106884774964, -218.16967175518565, -71.02186634921559, -125.76327075382135, -117.11021345069848, -253.94581576910755, -260.40724728195494, -90.34474749911433, 57.149441493286325, -110.26879882737911, -69.49437246325009, 87.24572209405348, -93.83069479417193, -99.82034854664103, -115.06331291929298, -50.17205531016595, -112.16271587646473, -191.24576808806077, 39.5533138349153, 33.51057399150308, -10.020356692931399, 94.67566920777064, 28.449453169713422, 123.38934254327778, -225.16875761311672, -231.5662836850802, -207.0789062917864, -295.78862774450545, -183.7698471213565, -190.88262188428195]",19.43033325327981,0.7129389529375801,0.9916342620672295,9715.818,617.55,10.018,598909.646,37446.765,160.227,11.41,192000,192000,40.621212121212125,15.299999999999997,0.02500000037252903,4.999999873689376e-05,3684.3694,-0.0032904483,3684.373,0.11332335,0.0045848056,0.4526406,0.0
973.9322727365397,-1613.5681035423202,-561.6651125567847,100.0,60,15,198000,False,1980,33,212f51d07e9840f9afce8433e261ebfd,2020-07-14_16-24-07,1594743847,47.0856819152832,1539.7481784820557,62816,tango5,131.234.250.245,1539.7481784820557,0,33,d74d5_00000,0,-448.16028671042153,542.9577661832028,-93.61085209279744,"[-346.34271959180654, -177.40787394401045, -630.7255464764496, 973.9322727365397, -844.3038165663452, -688.273375383293, -1057.3417721244368, -969.7440775664556, -1126.8859261531802, -575.0529740177756, -662.9923766591374, -1247.4562041563088, -961.3190862542265, -963.2176768996052, -1429.3566905162356, -376.71828844636656, -1052.0087638867456, -106.10025246275983, -1613.5681035423202, -434.4283978243494, -1349.5044746400745, -510.37119039509355, -668.2153319478391, -217.27252181864003, -611.6568262983077, -394.74405319039613, -702.6654061393275, -971.5632282064469, -501.94238401571033, -860.5654289795416, 19.220623302173607, -595.257500171101, -1000.0074020900023, 47.13190694883534, -773.1492065103133, -893.9936713879848, -231.76887761341965, -924.4249123278515, 59.15568798649189, -324.84284052344435, -1342.2014584879278, -1012.7215669115767, -351.1990253412149, 51.445406877886896, -1118.249484386235, -655.6764404730045, -217.88169083453732, 544.4096038169553, -795.7507265782192, -669.0106469531921, -1362.8375471964794, -514.0362171041852, -194.2784494549672, -144.65003905128611, -1205.196915340499, -82.90947641472737, 528.4223814780445, -828.570751012415, -729.3772033526157, -27.699160005043804, 86.59147672323961, -843.6937112842439, -238.1861572420417, -807.2618422461716, 247.5363615370078, -1227.6132321806065, -851.74980207316, -416.7819033982091, -640.8081583206515, -337.2799975748783, -916.1141756900944, -917.5631127907974, -1123.272735075483, -124.59562990385706, -979.7558274932993, -246.6557673232292, -1008.6926276827704, -690.2121005074991, -545.5642686655214, 927.4852529736652, -318.08695295094225, -276.4286333396343, -662.8424492173209, -24.041792245473395, -888.8925367269444, -852.7867699984005, -1060.8458283659816, -1171.9012866432167, -412.7100821959459, -575.2834941288157, 57.85201389441849, 580.2530255877856, -908.3677786217577, -645.8722726175347, -95.00924327046026, -669.0655226438088, -710.3460318617305, -335.6062380622313, -758.7260795198199, 40.10274994644034]","[100, 100, 100, 100, 100, 100, 100, 100, 100, 100, 100, 100, 100, 100, 100, 100, 100, 100, 100, 100, 100, 100, 100, 100, 100, 100, 100, 100, 100, 100, 100, 100, 100, 100, 100, 100, 100, 100, 100, 100, 100, 100, 100, 100, 100, 100, 100, 100, 100, 100, 100, 100, 100, 100, 100, 100, 100, 100, 100, 100, 100, 100, 100, 100, 100, 100, 100, 100, 100, 100, 100, 100, 100, 100, 100, 100, 100, 100, 100, 100, 100, 100, 100, 100, 100, 100, 100, 100, 100, 100, 100, 100, 100, 100, 100, 100, 100, 100, 100, 100]","[69.7084313271517, -36.09855979176993, -180.66535128020234, -172.68287320921786, 42.571481315379316, -69.17584795314755, -61.3456403532445, 16.687021115686765, -102.80904569709878, -18.631296007422026, -23.631390628615122, 12.322477626683288, -147.76137777648324, -133.1072408492006, -90.4811370969987, -163.1596455905682, -32.18720825419756, -64.02893690900072, 110.13079252834335, 110.06402120828331, 208.84304264216914, 207.2179526769248, 152.4908171591583, 185.18564652165998, -0.6052742652893475, -163.99035758136196, -169.59540116939547, -182.42816274735182, -112.65334179670651, -215.03127900623943, -172.04479577190065, -232.94918417753877, -18.77074322901189, -64.57958569572297, -105.2739562454343, -94.65511026368539, -201.3173003302931, -124.4196968206087, -178.25890881514857, -238.3856528016387, -182.82908377090712, -132.13112958584082, -190.11367240101913, -197.742502781883, -113.34759182283929, -187.71393435402612, -93.16545750228164, -187.6609187044073, -279.56405539958587, -69.46232549227484, -277.9346271601986, -377.5691611507774, -93.82143756837173, -28.534319381971834, -134.5287511931162, -39.241063007723675, -29.897673214081244, -35.83903856819471, -132.31666378793102, -203.22978424672814, -214.97548513662943, -203.23894941409876, -197.8237511513717, 179.15424040038496, -195.6063683308826, -30.50206302653978, -264.42600650779775, -164.5843448611936, -181.6923804218456, -274.2684311614469, -143.8525066982574, -218.63253450576534, -228.79559272473614, -139.79672204577437, -303.0733924849683, -116.85989529721222, -57.35259478663361, -115.44088891490307, -148.21805549456644, -79.63296888172988, -125.33914450978162, -311.70621888243045, -206.54890044758005, -91.77238868351576, -225.38092276180888, -248.26618225303932, -137.618616544763, -448.16028671042153, -237.76272008762513, -132.16796215857707, -131.93558797847075, 89.97800456854416, -25.317974780073477, -148.15072408801666, -46.383099528742235, -114.90890663960779, -193.80979576718929, -193.5189830054693, -440.94728229779264, -72.92020774680729, -211.01456428043159, 60.202069210944806, -172.8522602833422, 207.00877707606662, -121.14617572917383, -105.99436822189983, -163.04000252376326, 249.92377721935216, -287.86219899919854, -185.14437021159293, -238.49643661144617, -354.0482692926076, -257.97965994173694, -290.03716848573777, 169.34628859533498, -163.65792562886898, -56.09387511958343, -198.21200318555043, -101.01824487733042, -84.79263760835141, -162.0176118273109, -301.76159106110646, -310.6311639080175, -133.49855402662465, -284.9735403518129, -156.622013465201, -108.68198842159117, 63.382391463745755, -150.65297239859925, -235.50541056487842, 32.6737486879271, -111.58695916169745, -34.290938129205024, -8.759743109752462, -111.35001857871379, -151.82642665907133, -165.62283160272725, -196.36537386836915, -103.78080351581295, -123.80403280342937, -4.791427934899965, -77.88134631861591, -109.58217559986639, 202.56726435398508, -194.60944507036442, 110.69611176017398, -136.20940730265713, -197.30828018751737, -94.99113840238954, -99.23466709555233, -75.42324869986193, -22.203509719441005, -42.346863959155115, -48.60234016900775, -95.84326609659477, -110.32482454633579, -82.00120089194188, -198.44006526451537, -36.57965667630711, -167.73591940372708, -203.31102918865844, -14.597534714176856, -127.45001786310826, -151.05063623757914, -100.83875118006351, -159.75079014687034, -202.0772092966735, -230.39582348215257, 11.814154612052315, -29.107017601391785, -216.7753796060597, -146.2979055713693, -99.98283221462067, -21.59340363432051, -18.230694454103926, -256.88106663750807, -177.45882959473772, -101.56134787462341, -125.65776235930507, -180.77572805926349, 131.68225821120808, -74.85039482735247, -76.95396053810332, 8.839181604459503, 53.16797270679386, -22.66443385483199, -72.5405907162731, -69.28850185665789, -88.38190072604746, -94.71056275974082, -150.54590521638664, -119.79003889599544, -157.172500059604, -167.80735033771313, -178.5210713435493, -244.93468330223328, -118.29408032107838, -133.27771672582426, 340.124587590263, -58.69762214257662, -43.18434954403777, -117.0929922407795, -29.406320079563585, -44.61139663447006, -167.55119762685715, -165.46623711557854, 1.278634303628495, -206.01150678555427, -235.8315946150869, 0.43269532913574515, -201.76903303681402, -87.00274339263014, -133.1471229097976, -230.72171062431272, -132.97884421001584, -108.37421721441484, -171.21153981915558, 106.67228329004531, 1.980366578346187, -58.26752485380695, -10.53931991308994, -100.40314289575872, -190.77678303517519, -136.50823156089157, -138.8391940095449, -80.43607867409759, -231.4712399328212, -146.39338511532202, -23.17032255644801, -27.467275306340866, 151.86762348515964, -89.47496357075208, 21.815829426409696, 25.584796508462965, -88.51520803908727, 146.39131402788993, 141.9156710206509, -187.67134597357625, -171.28763436142125, -165.67563719790058, -265.3284343648604, -340.41250686772787, -392.9791261728422, 13.30230110357768, -192.57680252852666, -164.206889657548, -116.87029424763074, -110.32781556140158, -95.3531796852746, -339.5740727869623, -203.45443193584927, -147.1417726944593, 8.091924044219354, -50.32863047246806, -121.46243910153845, -136.9444080527776, 23.536865405273897, -74.09233716392366, 20.3361414865869, -30.712924966247673, 17.192892573365192, 71.18671118990648, -49.183485511609874, 22.62607210588578, -120.3464260335626, -239.23413207515034, -254.23474305904298, -167.52955747566054, -218.45312585214592, -118.45149989067424, -106.8626473861873, -131.11815358238317, -161.84614616054935, -110.36256127937118, -132.2205089605906, -13.266423103923346, -39.03242648982415, -148.82594477638446, -34.07463469590223, -14.122148643482147, -114.34091586174794, 132.51437963280375, -0.3728541024162324, -11.399778587016066, 316.6506557601139, -118.73676531773665, 57.12143387395701, 301.1469121900541, -122.23129419915709, -256.98406507126555, -187.5279175359862, -21.045364714245267, -20.93197817526795, -187.03010688229762, -28.137634501166488, -13.027544469103328, -246.02308716924966, -77.89449258969714, -148.4104225147266, -155.51746570924982, -226.92369301635554, -306.51351885298766, -243.00394230264007, -197.99957791507973, -206.75697474631266, -181.6398403631034, -73.96370882670696, -86.66692737447919, -6.1060436072554785, -211.36734854223602, -154.9019697136312, 18.969780960122883, 49.63466176133388, -112.40649560201958, -7.764267675548028, -24.416670849044184, -13.062832956928663, -86.26284413276022, -70.29401134323254, -36.48518879789447, -96.40870869991662, 38.76363790744833, -33.85319516093131, 53.62742704324042, -229.4084416358372, -218.68830427545356, -169.90582230395543, -182.97793238144854, -132.28467156397525, -271.9317431798291, -10.317396233996124, 168.68152334743974, -146.84458131079518, 101.57544150775641, -90.737483126291, -105.26698059884102, 19.893935363526655, 243.40292844190697, 38.892039575525025, 287.83223211222446, 10.336664850972575, -71.93541886610919, -72.21442460757692, -138.08944259041795, -72.95368788450692, -179.65537097149624, -222.29483657437873, -143.36298838403746, -156.40031045712016, -178.66545649408516, -108.26828320047728, -150.54272041433387, -157.09626158330312, 21.595828796702992, -143.94362466087998, -135.1133644469237, -122.69286166949084, 80.49815619581842, 221.46434700198688, 72.08818757444561, -13.805150418363755, -58.94534834892389, 140.07396328163, -53.63411004519618, 32.421292657529136, 40.480829596564796, -247.2824269881877, -189.11617119106646, -191.48966738494988, -66.79023251016295, -132.48451308409375, -16.530700125783003, 83.38564617035647, -0.11822973676398307, -1.6019742250236226, -111.6798816427753, -220.681928321589, 12.510210513753771, -81.32666979347508, -76.39549087125546, -170.7688595248962, -128.72700841929685, -113.32219898812694, -236.72161464912259, 361.2149791428664, 84.49256603430263, 9.180330742495354, -42.4371125535888, -126.17294360953744, -38.74145821952982, -216.35641811495887, -277.1084501572725, -214.54751011377812, -238.74104697618517, -177.4102671298266, -103.44953968858367, -142.67320796194798, -126.81519850455656, -241.54404524919357, -110.90858991806358, -147.6758386865123, -82.13292175288427, 37.07187906685101, -159.26853084677143, -48.14246591816461, -123.28880296628476, -27.91015774865957, -95.24382498517953, -30.292830046207058, -113.78243722224225, -101.27144992837796, -130.67830256677212, -177.2610856509326, -87.52205290611784, -163.2110170481293, -175.93681299671437, -136.275219681159, -168.24979691747458, 499.8325097358896, -193.43966066729004, -288.70614432239455, -190.71756699077426, -62.69930250666788, -67.10213003915682, -163.01907030681167, -143.8699615242882, -150.4973436961675, -93.20213595936492, -173.9376260955171, -202.8136455912425, -194.6877757165645, -102.42458573194159, -100.5883013702429, -102.08437515063473, -341.31101289307963, -242.4190780570297, -16.291972654091918, -320.57799495040587, -43.85731676398375, -121.95104862401779, 215.642620764342, -106.33515817903351, -65.84201324418154, -2.2527138569826026, -42.592607697100306, -277.7499451977505, -178.4748879131545, -230.4168019021228, -231.8024500302006, -18.71913475296996, -16.351704229844323, -46.16015475025655, -37.49681482169187, -211.44218122896513, 217.48738534858188, -152.69229764105344, -148.88746368657695, -234.79680737799242, -111.4996746620088, -221.53247604600722, -105.23917504771718, -186.73703086246846, -81.29573646281605, -59.93387820637722, -169.09091462626046, 21.503931966585267, -224.38772368624777, -177.00777949238352, -65.9527772914339, 5.018327520050382, -154.15185320150835, -33.13222608829432, -173.255118480218, -124.09062112411647, 128.22534464080064, 232.89563594808155, 171.3441589035783, -52.298373087163085, 193.08160611629168, 254.23688045207615, -117.79788794299692, -74.97338878635732, -130.9450071385927, 247.96924667712642, -179.2011384744366, -63.13877728568494, -9.24963407420557, -90.65058678789444, -168.03414231740575, 157.88827586008807, -45.42230935278972, -120.96023666742795, -194.43002176152606, -122.37477722027116, -144.7326402062709, 79.52642101729721, -136.574169775099, -144.25726127145003, -104.55616949941279, -67.10855427879596, -25.059706270612633, 1.7986280539099537, 119.08444339530396, 51.799566354134704, -179.95021893497977, -252.60673732233863, -73.36613341835125, -213.0216975428395, -101.45189907293557, -68.49585043550009, -303.51372903220965, -337.91477725848523, 135.07899220331532, -164.09233822383501, -72.7038013095528, -109.6411163776328, -257.8128392785408, -168.74797430570138, -183.0102163299747, -174.02552917849593, -191.4843631386069, -85.76490613466106, -182.28011334356594, -191.3439150693748, -175.92079440763132, -183.23765786503535, -207.86110965054667, -231.257696307062, -237.08347814830574, -204.3200791357271, -160.25600197413297, -205.83198808131675, 542.9577661832028, -148.17630103966525, -88.33918917405468, -206.29824947430836, 87.65085809425406, -136.7202262054779, -74.70652441353063, -156.87016295569816, -17.323937920998354, -4.107412227057543, 56.9019556034676, 100.5044896687575, -92.81157076834361, 14.688489538591835, 142.8935964589406, 64.58225248795365, -6.046946214646283, 168.41340925363673, 127.02385209587295, 83.38686150603058, -178.1444521244756, -166.47978818941544, -142.6450004406397, -133.6569320783514, -121.25078319099187, -166.19082259788476, -95.86636574540844, -206.1868600659981, -23.274885401034556, -75.3387003816216, -103.52421132955257, -141.6812496939182, -85.72685111956943, 28.766043434473033, 166.96118312409996, -26.094725585629035, -81.3133568188104, -97.6015363050254, -267.4177166431715, -131.03552130435614, 206.23482571251338, -114.63366600902411, -223.61124073223004, -138.6022036675404, -166.3596183200249, -101.6977938695727, -87.98664318336054, -113.91044287332696, -0.8210015510581177, -239.5705320643877, -69.77840860319333, -56.395571034749416, -182.70593637546094, -12.331154261160288, -14.987539088231529, 0.5923713005642367, -119.82028850752756, 78.45959074712336, -209.53628228473764, -144.07053210687656, -116.10479124636623, -247.65377612143513, -102.02702284485338, 68.1821485375514, -61.23263418489729, 15.581158874389232, 91.75752433120554, 27.84157523304519]",19.467036921364762,0.7126993061583582,0.99174338398736,9718.598,617.373,10.029,598290.275,37452.214,160.204,11.49,198000,198000,41.05076923076923,15.299999999999999,0.012500000186264515,4.999999873689376e-05,3857.1938,-0.0031741413,3857.197,0.1103681,0.004614029,0.42238572,0.0
1292.6782927846875,-1776.0452213728825,-554.310954532095,100.0,60,15,204000,False,2040,34,212f51d07e9840f9afce8433e261ebfd,2020-07-14_16-24-54,1594743894,47.18509864807129,1586.933277130127,62816,tango5,131.234.250.245,1586.933277130127,0,34,d74d5_00000,0,-404.61567000759396,499.24655708109714,-92.38515908868249,"[568.3558384413802, 62.55979314779202, -14.183979758048457, -1039.6696930816995, -165.01951300496137, -333.0655757272987, -251.0144764315316, -994.3527203034773, 1292.6782927846875, -217.46120292668465, -780.2678061136172, 136.7605528407065, -1037.4323105293267, -1094.4904812914583, -387.81964946435977, -458.5002324707139, -656.5565410084121, -1293.4484407115358, -899.5514978101221, -190.21447584262137, -750.4644942579299, -711.6062656831942, -802.4430058496555, -168.16772648551986, -1210.274199042227, -945.7468617945966, -118.3822539748122, -564.7664240216548, 594.1149687293323, -117.9030527303128, -367.41627104314364, -384.67876417606317, -1776.0452213728825, -757.4430644622661, -300.9001956955213, -786.5140194180033, -754.3350638231349, -1255.4900727051115, -814.2864770564282, -769.1131335667599, -61.12952821966309, -834.068320449011, -529.9986880931166, -431.4590388419555, -1293.5959253826543, -468.73360693404925, -586.3560040923932, -790.190682777629, -1218.6521521960333, -1202.5493024521513, -1459.8153453958662, -540.6314508746675, -994.3784304794765, -352.881829394213, -312.31355975740377, 737.8023940251795, -468.69404057499776, -842.6222744059926, -593.0896671553367, -1138.77583732365, -1349.5044746400745, -510.37119039509355, -668.2153319478391, -217.27252181864003, -611.6568262983077, -394.74405319039613, -702.6654061393275, -971.5632282064469, -501.94238401571033, -860.5654289795416, 19.220623302173607, -595.257500171101, -1000.0074020900023, 47.13190694883534, -773.1492065103133, -893.9936713879848, -231.76887761341965, -924.4249123278515, 59.15568798649189, -324.84284052344435, -1342.2014584879278, -1012.7215669115767, -351.1990253412149, 51.445406877886896, -1118.249484386235, -655.6764404730045, -217.88169083453732, 544.4096038169553, -795.7507265782192, -669.0106469531921, -1362.8375471964794, -514.0362171041852, -194.2784494549672, -144.65003905128611, -1205.196915340499, -82.90947641472737, 528.4223814780445, -828.570751012415, -729.3772033526157, -27.699160005043804]","[100, 100, 100, 100, 100, 100, 100, 100, 100, 100, 100, 100, 100, 100, 100, 100, 100, 100, 100, 100, 100, 100, 100, 100, 100, 100, 100, 100, 100, 100, 100, 100, 100, 100, 100, 100, 100, 100, 100, 100, 100, 100, 100, 100, 100, 100, 100, 100, 100, 100, 100, 100, 100, 100, 100, 100, 100, 100, 100, 100, 100, 100, 100, 100, 100, 100, 100, 100, 100, 100, 100, 100, 100, 100, 100, 100, 100, 100, 100, 100, 100, 100, 100, 100, 100, 100, 100, 100, 100, 100, 100, 100, 100, 100, 100, 100, 100, 100, 100, 100]","[59.61771171869918, 79.75154959061643, -38.890061526156195, 134.57226432674153, 153.2494643190957, 180.05491001238505, -32.767779764725944, -50.68135251413575, -21.13880170858429, 36.10300379668267, -32.938904201880796, 163.9836275404361, -58.28403633536232, -31.844969729069863, 71.81407241544014, -92.85742147255267, 122.63076088926192, -25.642385525765512, -130.34789755151562, -321.33622337445036, -190.53271425276034, -269.99761843423397, 8.445474365259502, -135.90071383400064, -101.61026401086757, 187.7970187727564, 157.02256121511016, -192.59616214118526, -90.83725069557077, -124.79541614520443, -113.29534587499433, 0.18549439561936876, 149.91399314784132, -48.62585181437458, -162.70076118623763, -158.54310439515248, 33.13353335770649, -89.6706972281756, -23.168750977205963, -124.67249426533496, -20.710047164528994, -25.926020153992212, -134.61358727505177, -122.78656983935585, -270.6753539332127, -103.75811693781306, -182.28238499471337, -180.2367073233304, 64.65862066034863, 99.19809771099746, 107.58073480194481, 104.47356215201124, 417.5207203782885, 499.24655708109714, -37.10275640204394, -89.04532119919455, -176.36901983045692, 16.578103686404738, -14.40162756284654, 82.87941838145291, -76.14462102177254, -267.81734956110205, -108.6493915178484, -129.72629466873556, -133.3822713762428, -64.54787796791472, -126.87365493020819, 239.39767444920952, -112.92929937307595, -32.823140006444014, -58.30603359344847, 228.29500629467424, -133.89779148111614, -90.33835812260557, -104.20973531591244, -243.51917703418684, -308.4847570511738, -156.98249152433124, -197.5702895448875, -160.75571358181244, -244.6636300343673, -140.3600954577248, -113.55915851442256, -237.5815941582429, -111.49126889390644, -138.18537526995485, -105.55077843062988, -14.112134034985424, 127.65553603883829, -146.13562887372055, -77.02735639598079, -7.698301330516141, -144.57187241532753, 7.81087126429458, -129.32172600276076, -107.69184759042332, -58.03232135107232, -86.47575443705352, -111.13611213646871, -147.3861311258489, 57.03017017342756, -310.5563921313963, -143.69191074177326, -156.8638282331947, -337.9403762093631, -218.99597063088288, -236.14027367624814, -199.81608122007472, -140.2897857647482, -154.22592374651896, -163.7971396832665, -179.26738489696848, -185.22831915186123, -76.742944566758, -65.5160940984673, -16.980224167103586, -121.2572356062155, -23.56822188111587, -9.833419303057669, 46.94071921333808, -167.03103486288748, -179.74147973801814, -30.433873820411105, -187.62411180491875, -181.73269744808164, -3.9012965836126483, 55.90651762318117, -71.6702756599365, -63.08703926590697, -195.15633787371237, -261.40899553226205, -176.19013497455782, -213.3629837639671, -181.2790201869506, -145.30087973597173, -107.60015054268749, -56.92843869071013, -97.9715329293683, -113.36348878144317, -8.666186399870247, 16.25672625676076, 93.3623276804906, -96.99170260776121, -58.765402633696, -232.16595271927883, -253.15366840160607, -113.82050860700946, -144.44700775275345, -158.51871489242063, -308.16834666915855, -93.45872872432108, -203.5006415562829, -237.83168275723577, -98.39101712104096, -132.57091183628646, -179.99387979942873, -94.19796741611412, -31.120893821147032, 46.887298461589836, -91.54298276299443, 19.989621922677905, 31.602669641175865, -119.13711873048328, -105.58975139945548, -144.03527693442473, -5.4508294642080575, -93.57702464394188, -96.97642284914133, 37.26548346392744, -3.0126235256927423, 356.79329316058323, 131.35863903698416, 12.486494655549421, 59.22368193798063, -17.01788348019996, 6.584012480299143, -69.96606658747203, -74.49499597310465, -16.56485765118981, 53.556738481354245, -84.06565719793714, -34.729001759884135, -116.76758694363542, 12.037545915191796, -47.506604601770704, -96.38496645510716, -31.54712737547346, -145.29458764066348, -54.470162979924304, 42.133275356187845, -136.44857709257644, -59.05158444361327, -365.20146186145826, -202.61996653846697, -356.30085268535487, -191.51238893659217, -404.61567000759396, -255.79488134341602, -159.74530390892537, -1.7736209457620564, -111.03899592458312, -128.98714383753475, -216.05594343532195, -139.84205641013773, -57.02811675669626, 67.34148989801348, -105.95650994605661, -85.29615750356709, -115.21888137851629, -4.742020008698587, -134.00675273570252, -137.89504139049285, -240.61773633249936, -34.06167270152059, -27.25813128836841, -212.67468496941908, -165.80314186508383, -191.26858635400987, -58.68847727778619, -168.12788596547333, -62.57281179598576, -107.87416056479611, -165.28264938296712, -90.50490102189288, -210.25669607884666, -270.9195687551118, -334.4121627277975, -184.11409473849548, 93.97587771200826, -208.14381576127084, -173.76485227120983, -195.66543038453807, -185.62076161822145, -145.06749473319678, -283.96696674983036, -137.25571934533932, -122.81223444270672, -89.44756445627628, -30.761535667925198, -104.86911290468092, -137.805871250199, 2.041644389051347, -91.78490206586373, -7.480117014407831, 106.32962912835069, 67.57008859340553, -179.11242918086108, -153.9633316533985, -149.7049603648959, -118.78516120775734, -136.15010074457766, -96.35233729752176, -17.356781202924076, 134.19736774113775, -199.50011124557787, -246.8688940925073, -92.18871749326703, -108.28155179997619, -120.28469432476439, 49.706095324080195, 12.908813603864338, -73.81312832473976, -131.71211762675478, -168.264007493641, -203.4005530715907, -208.36744990118052, -172.9597137976865, -241.45788583529375, -270.492534918008, -196.9177878588934, -5.731763424829356, -86.5020454000789, -128.9802625976853, -103.31696866680103, -38.79345952304494, -105.40910732160945, -59.45811825309373, -191.58999347728212, -24.326798470757378, -148.05423043234586, -142.78695042232718, -20.13991303658631, -156.14569750927853, -152.74562001888782, -100.1440343093651, -93.97380461053007, -81.31677436779387, -205.86475196177372, -157.48882754853327, -237.3207261368166, -238.62780835935547, -153.538662191917, -193.545147656344, -238.13098030306708, -297.8103558902344, -143.0833311659178, -167.4811172538668, -294.4298029271147, -165.86350946740416, -133.88118574761378, -298.14843189028846, -238.76924388123555, -285.1532513073277, -240.0275506759205, -196.76673287338, -200.95013476771246, -94.82491733286979, -80.04133933489433, -144.0971830754721, -4.1432607197142115, -95.74271753192544, -121.78203287979204, -161.29092729958242, -107.48181169454233, -193.87232928093965, -140.90412367061018, -163.1504172927948, -227.67882124100868, -32.01712039558511, 72.60867081335388, -56.76977608503907, -107.46712922116248, -138.0920503983962, -91.1444241073842, -67.76086118583038, 88.52253009204523, -193.55688504596972, -35.41210591930316, -166.53558029928314, 62.429342600937176, 13.943522827380713, 136.73330958486386, 258.61424176311215, 114.94841938470097, 155.78908257881358, 57.773817886308194, -133.22344091993656, -155.00746764346206, -59.417592618795915, -99.46505633684798, -95.84635373963583, 74.2658706836802, -58.01565397379089, -296.99467472643465, -171.5327062715921, 3.7581728735818087, -161.17562308424826, -158.66178922350835, -146.63272394318417, 10.442411575037305, -113.08714556873689, 0.7705328613158693, -212.68517424766947, -131.89756783209816, -128.16648055351945, -165.61415550758352, -237.9098563839157, -199.895762706185, -203.8640517718329, -203.3255304006139, -162.0176118273109, -301.76159106110646, -310.6311639080175, -133.49855402662465, -284.9735403518129, -156.622013465201, -108.68198842159117, 63.382391463745755, -150.65297239859925, -235.50541056487842, 32.6737486879271, -111.58695916169745, -34.290938129205024, -8.759743109752462, -111.35001857871379, -151.82642665907133, -165.62283160272725, -196.36537386836915, -103.78080351581295, -123.80403280342937, -4.791427934899965, -77.88134631861591, -109.58217559986639, 202.56726435398508, -194.60944507036442, 110.69611176017398, -136.20940730265713, -197.30828018751737, -94.99113840238954, -99.23466709555233, -75.42324869986193, -22.203509719441005, -42.346863959155115, -48.60234016900775, -95.84326609659477, -110.32482454633579, -82.00120089194188, -198.44006526451537, -36.57965667630711, -167.73591940372708, -203.31102918865844, -14.597534714176856, -127.45001786310826, -151.05063623757914, -100.83875118006351, -159.75079014687034, -202.0772092966735, -230.39582348215257, 11.814154612052315, -29.107017601391785, -216.7753796060597, -146.2979055713693, -99.98283221462067, -21.59340363432051, -18.230694454103926, -256.88106663750807, -177.45882959473772, -101.56134787462341, -125.65776235930507, -180.77572805926349, 131.68225821120808, -74.85039482735247, -76.95396053810332, 8.839181604459503, 53.16797270679386, -22.66443385483199, -72.5405907162731, -69.28850185665789, -88.38190072604746, -94.71056275974082, -150.54590521638664, -119.79003889599544, -157.172500059604, -167.80735033771313, -178.5210713435493, -244.93468330223328, -118.29408032107838, -133.27771672582426, 340.124587590263, -58.69762214257662, -43.18434954403777, -117.0929922407795, -29.406320079563585, -44.61139663447006, -167.55119762685715, -165.46623711557854, 1.278634303628495, -206.01150678555427, -235.8315946150869, 0.43269532913574515, -201.76903303681402, -87.00274339263014, -133.1471229097976, -230.72171062431272, -132.97884421001584, -108.37421721441484, -171.21153981915558, 106.67228329004531, 1.980366578346187, -58.26752485380695, -10.53931991308994, -100.40314289575872, -190.77678303517519, -136.50823156089157, -138.8391940095449, -80.43607867409759, -231.4712399328212, -146.39338511532202, -23.17032255644801, -27.467275306340866, 151.86762348515964, -89.47496357075208, 21.815829426409696, 25.584796508462965, -88.51520803908727, 146.39131402788993, 141.9156710206509, -187.67134597357625, -171.28763436142125, -165.67563719790058, -265.3284343648604, -340.41250686772787, -392.9791261728422, 13.30230110357768, -192.57680252852666, -164.206889657548, -116.87029424763074, -110.32781556140158, -95.3531796852746, -339.5740727869623, -203.45443193584927, -147.1417726944593, 8.091924044219354, -50.32863047246806, -121.46243910153845, -136.9444080527776, 23.536865405273897, -74.09233716392366, 20.3361414865869, -30.712924966247673, 17.192892573365192, 71.18671118990648, -49.183485511609874, 22.62607210588578, -120.3464260335626, -239.23413207515034, -254.23474305904298, -167.52955747566054, -218.45312585214592, -118.45149989067424, -106.8626473861873, -131.11815358238317, -161.84614616054935, -110.36256127937118, -132.2205089605906, -13.266423103923346, -39.03242648982415, -148.82594477638446, -34.07463469590223, -14.122148643482147, -114.34091586174794, 132.51437963280375, -0.3728541024162324, -11.399778587016066, 316.6506557601139, -118.73676531773665, 57.12143387395701, 301.1469121900541, -122.23129419915709, -256.98406507126555, -187.5279175359862, -21.045364714245267, -20.93197817526795, -187.03010688229762, -28.137634501166488, -13.027544469103328, -246.02308716924966, -77.89449258969714, -148.4104225147266, -155.51746570924982, -226.92369301635554, -306.51351885298766, -243.00394230264007, -197.99957791507973, -206.75697474631266, -181.6398403631034, -73.96370882670696, -86.66692737447919, -6.1060436072554785, -211.36734854223602, -154.9019697136312, 18.969780960122883, 49.63466176133388, -112.40649560201958, -7.764267675548028, -24.416670849044184, -13.062832956928663, -86.26284413276022, -70.29401134323254, -36.48518879789447, -96.40870869991662, 38.76363790744833, -33.85319516093131, 53.62742704324042, -229.4084416358372, -218.68830427545356, -169.90582230395543, -182.97793238144854, -132.28467156397525, -271.9317431798291, -10.317396233996124, 168.68152334743974, -146.84458131079518, 101.57544150775641, -90.737483126291, -105.26698059884102, 19.893935363526655, 243.40292844190697, 38.892039575525025, 287.83223211222446, 10.336664850972575, -71.93541886610919, -72.21442460757692, -138.08944259041795, -72.95368788450692, -179.65537097149624, -222.29483657437873, -143.36298838403746, -156.40031045712016, -178.66545649408516, -108.26828320047728, -150.54272041433387, -157.09626158330312, 21.595828796702992, -143.94362466087998, -135.1133644469237, -122.69286166949084, 80.49815619581842, 221.46434700198688, 72.08818757444561]",19.498942849196464,0.7127395788589069,0.9916315031184052,9710.409,617.894,10.112,593369.848,37450.172,160.213,11.731,204000,204000,40.74307692307692,15.299999999999999,0.0062500000931322575,4.999999873689376e-05,4221.2876,-0.0029065027,4221.291,0.09013327,0.0051303776,0.41602308,0.0
737.8023940251795,-1776.0452213728825,-605.0793927105931,100.0,60,15,210000,False,2100,35,212f51d07e9840f9afce8433e261ebfd,2020-07-14_16-25-42,1594743942,47.218127727508545,1634.1514048576355,62816,tango5,131.234.250.245,1634.1514048576355,0,35,d74d5_00000,0,-404.61567000759396,987.5292436493372,-100.84656545176551,"[-805.5535962069629, -553.760641061019, -1224.261404781822, -867.2980895501823, -506.80643304022095, 54.2827754722048, -816.3351599595005, -1221.0172244474622, -1235.2270839326231, -1364.3864490192964, -1682.9833568032946, -502.40153019692104, -1215.916188807299, -1200.7785144255242, -585.4379470374072, 338.4193310587001, -1342.0705322875992, -335.25283962253457, 215.80820513970386, -979.7134361434945, 466.0146947514597, -558.6467002127002, 135.7308064878821, -599.6772444694095, 248.31961674200602, -395.97201219667625, 135.16686132132045, -1180.947390999813, -1500.1304384973598, 297.86446121247826, -1310.2784503500134, -43.95285294284548, -689.06956968421, -915.0651770024754, -868.4006822608845, -63.51820305292235, -921.6093517636835, -1000.0609205087508, -1007.3333648950025, -169.9859220319595, -233.88119782125702, -858.3041942202084, -678.515819780029, -488.04105152407766, -456.50252377888603, -409.27419061290647, -396.49133308588654, 306.6983979873996, -283.8737288751888, 727.9026901654356, -781.9697956099004, -329.52738450851575, -841.7353332589013, 145.93686212039654, 605.819726911287, -695.5011552779056, -1037.694260243386, -935.5811022015444, -667.7622701741943, -1283.4047620599633, -750.4644942579299, -711.6062656831942, -802.4430058496555, -168.16772648551986, -1210.274199042227, -945.7468617945966, -118.3822539748122, -564.7664240216548, 594.1149687293323, -117.9030527303128, -367.41627104314364, -384.67876417606317, -1776.0452213728825, -757.4430644622661, -300.9001956955213, -786.5140194180033, -754.3350638231349, -1255.4900727051115, -814.2864770564282, -769.1131335667599, -61.12952821966309, -834.068320449011, -529.9986880931166, -431.4590388419555, -1293.5959253826543, -468.73360693404925, -586.3560040923932, -790.190682777629, -1218.6521521960333, -1202.5493024521513, -1459.8153453958662, -540.6314508746675, -994.3784304794765, -352.881829394213, -312.31355975740377, 737.8023940251795, -468.69404057499776, -842.6222744059926, -593.0896671553367, -1138.77583732365]","[100, 100, 100, 100, 100, 100, 100, 100, 100, 100, 100, 100, 100, 100, 100, 100, 100, 100, 100, 100, 100, 100, 100, 100, 100, 100, 100, 100, 100, 100, 100, 100, 100, 100, 100, 100, 100, 100, 100, 100, 100, 100, 100, 100, 100, 100, 100, 100, 100, 100, 100, 100, 100, 100, 100, 100, 100, 100, 100, 100, 100, 100, 100, 100, 100, 100, 100, 100, 100, 100, 100, 100, 100, 100, 100, 100, 100, 100, 100, 100, 100, 100, 100, 100, 100, 100, 100, 100, 100, 100, 100, 100, 100, 100, 100, 100, 100, 100, 100, 100]","[-272.3014815410733, -172.71234626872712, -151.53476440209567, -68.58895063589445, -57.54355399928043, -82.87249935989205, -46.25102238582121, -11.796669821700538, -70.72527291542347, -333.05022008406405, -86.12289947056338, -5.8145563834455505, -160.5985183926994, -190.62465069464275, -246.4956459524797, -305.38269020700005, -169.4260058659224, -151.73389366907776, -171.37194592074852, -113.99406941711017, -110.09140136836282, -179.2656274134403, -146.77685064799266, -145.79819478252887, -110.85176627197083, -39.56478169682862, -24.473008217937995, -150.49171129833476, -122.24855874193933, -59.17660681320943, 82.83161630973234, -41.73271376188637, -18.15102652801575, 35.00562318431173, 18.318150044746652, -21.98887377668406, -254.42526813397038, 112.44493165455296, -78.45174028626212, -223.93544908723726, -216.03553277497127, -155.93210133161304, -250.47388809474927, -255.62246847427957, -134.86004127103647, -250.6064457461278, -87.83588109806615, -241.61849976320437, -119.83773254858765, -117.58596641853143, -291.4033253078302, -123.26068854206443, -305.8973143234242, -277.24205679218477, -282.0770147726974, -240.9169030908693, -138.98229078649177, -242.7150002769073, -251.37094251391383, -208.32429757841575, -143.2033287294952, -271.81839625322993, -277.5936625219721, -400.99687111778337, -202.78612154879607, -386.5849766320151, -91.74601967396407, 194.25910319793581, -92.94766386794441, -250.150718811861, -121.98646053588004, -139.8297705052071, -160.88866551256697, -225.06769344571126, -262.45390695558984, -205.20097990233495, -134.80553973121272, -227.49940325988496, -232.96055196070571, -153.02944978114706, -198.89550973152032, -240.55666413871836, -287.85760168224306, -87.47873713118967, -156.61174243796768, -193.33340003981618, 432.9535172081507, -142.52403261929183, -316.40401233855914, -209.5182768099241, 99.83152455362055, 34.54252959660937, 16.302601761135808, 64.79511486844851, 123.8204327185308, -0.8728724396447352, -261.3559334128356, -247.03446674615128, -21.762664177982476, -163.54436743441997, -312.41716964004144, -335.95593087617, -19.407173067390115, 22.105125250482196, -52.0181363572378, -128.59386091657296, -92.92017543144073, -64.41861910037542, -102.93874486039233, 274.70123919528925, -140.1246511308049, 54.81521041432569, 276.58269262729004, -147.22754110600454, -117.33875987069557, -243.50716952774482, -100.71093383772433, -203.3713003591854, -166.2912296092858, -148.49404293885812, -2.87552135273127, 59.36714181516784, -19.583499976110488, 38.839884691171534, 200.4766358939953, 189.79005367996763, -115.52887628011622, -130.11337128475085, -104.36661312461368, -35.85114933131726, -125.50989339618535, -47.276796795716365, 66.6868936847415, 141.2009591653689, 59.40610694684598, -74.71826642767792, -46.92743215703141, -9.917454724364987, 4.277417105374177, -202.75422078143419, -103.41493536709558, -90.63891835340206, -126.2766731536646, -80.86991391918735, 15.410260053176966, -63.174274469018904, -29.683088687894006, 190.66772679528373, 15.948148458649472, 119.1508445918082, -51.59818193757525, -90.26580351642112, -31.183088218960677, -80.94153510935541, -78.40271477284489, -63.58068864151885, -101.15129043284354, 4.348797925261506, 61.414759371023365, 111.13618096970211, 37.526123823124266, 21.892289665052452, -121.30999242445158, -109.38567353403201, -154.30639066844756, -350.4221113865, -130.49066516317345, -315.0325578232076, -331.97259349518447, -224.74897411319438, -331.07201283139, -218.26850099349616, -227.56366197215135, -166.5046950919425, 37.19544482476724, -10.986918776320358, 25.692013683438965, -66.80503928055273, 375.0007304384684, -62.23176967732393, -245.21642815145285, -80.63240629592134, -197.52476521096403, -205.27926853697295, -344.6089454507253, -237.01663670397608, -2.7588593496648484, -87.50208765874176, 6.60529586440097, 4.980087371086798, 45.169168719230484, -10.446457889157351, 93.26551877658729, -148.1772815770955, -51.432051034686765, -104.25845901713848, -240.03759812729461, -238.4296987045822, -191.3393388237839, -229.26220367679161, -103.1783264810598, -90.5145563932767, -127.3505096875133, -173.42024194005023, -205.67390209653632, -231.6521463524564, -11.885957776332075, -156.41776073073677, -219.3275216593367, -43.443393645488875, -11.741996825976896, -22.77382997762548, 21.213776941809467, -50.88816770623399, -18.300381525333822, 18.972396040438294, -140.03617558411224, 11.046944050861175, -268.24402176733474, -180.17336482472842, -259.254241691805, -84.94849194656386, -129.78241304876218, -129.82820637953313, -155.819395540511, -210.73665503130067, -157.8541406846678, -216.0401098239752, -168.95866524060753, -303.63982718508635, -104.82255669472539, -163.36989015307452, -122.04583110674285, -144.49659451476617, 63.38121588949743, -85.81281320111508, -127.08062048691812, 11.511044084441117, 76.50621770990072, -108.49096602776552, -148.75603654435352, -114.07050808121879, 12.33054325710911, -81.71313025834696, -68.14195722491405, 166.46989103046735, -149.49212373787938, -91.01288660005446, -118.79280092771698, -79.08582444137423, -188.48719728689318, -231.43336122628938, -224.84864612300717, -240.2318451822029, -29.61554915588766, -148.04893933506884, 97.02555091857386, -132.796390902436, -133.8995720426166, -98.96871127717944, -154.2802457081333, -84.23449169317136, -24.80537107959682, 8.14734027661962, -47.06768408789007, -124.69357267817314, -53.25632184152189, -104.52080323957851, -50.54853830446588, -76.41560362725691, -75.55120210020296, -12.178161051706114, -89.72605484563934, -27.251450978488624, -132.13938289976417, -72.42793873710482, 9.753781131511257, -58.07213273018204, -95.31701278846913, -156.4561879345003, -10.952577035483051, -85.44720372876205, 63.499154310298465, 39.70466682245952, -25.477955104315452, 162.97893543988062, 134.62832629716294, -68.63472977808536, -97.22469848113695, -11.089786151479604, -72.01982913859358, -33.048467010477694, -106.16185963596597, 35.67091154246524, -165.31333295441567, 987.5292436493372, 8.714878337509417, -26.98398470072247, -41.4246975121965, -34.61941665407531, -166.15256973436482, -129.0921771635827, -121.88484934290312, -102.71563988512145, -166.1492118372287, -95.97534764669909, -207.950265908345, -121.10611590598386, -63.7711302017103, -95.14733068710296, 99.04521204792232, 59.40224614670415, -139.81909754854757, -143.8065984942772, -110.24738700276086, -104.8544493462281, -207.99710799299123, -135.01069287409643, -24.482020395076326, 65.49446121226529, 113.55391778735459, -1.5975992118784081, 47.04032309155359, -54.072220363822396, 51.785903389653384, 80.40605491749918, 203.09613892831317, 200.75942721227165, 9.316852420315303, 60.45535004323522, -129.8056981758675, -132.39146221241685, -125.3678804752345, -72.74643480970936, -95.229883542819, -139.95979606185782, -247.83261731284543, -82.74680495754515, -197.42882517297576, -237.0888042524476, -139.81085362081404, -132.78635492675795, -111.68006143116406, -188.81673601052788, -170.50708201410814, -190.56716739445417, -144.41280705026495, -129.59724830102405, -67.74304335140391, -136.17428253264904, -138.86061163593436, -189.13519700319497, -220.08530888476488, 84.23617323375315, -88.82683353952791, -275.86251961097526, -245.73483559812001, -260.64217001209624, -159.4560729800491, -252.88233031919438, -167.03103486288748, -179.74147973801814, -30.433873820411105, -187.62411180491875, -181.73269744808164, -3.9012965836126483, 55.90651762318117, -71.6702756599365, -63.08703926590697, -195.15633787371237, -261.40899553226205, -176.19013497455782, -213.3629837639671, -181.2790201869506, -145.30087973597173, -107.60015054268749, -56.92843869071013, -97.9715329293683, -113.36348878144317, -8.666186399870247, 16.25672625676076, 93.3623276804906, -96.99170260776121, -58.765402633696, -232.16595271927883, -253.15366840160607, -113.82050860700946, -144.44700775275345, -158.51871489242063, -308.16834666915855, -93.45872872432108, -203.5006415562829, -237.83168275723577, -98.39101712104096, -132.57091183628646, -179.99387979942873, -94.19796741611412, -31.120893821147032, 46.887298461589836, -91.54298276299443, 19.989621922677905, 31.602669641175865, -119.13711873048328, -105.58975139945548, -144.03527693442473, -5.4508294642080575, -93.57702464394188, -96.97642284914133, 37.26548346392744, -3.0126235256927423, 356.79329316058323, 131.35863903698416, 12.486494655549421, 59.22368193798063, -17.01788348019996, 6.584012480299143, -69.96606658747203, -74.49499597310465, -16.56485765118981, 53.556738481354245, -84.06565719793714, -34.729001759884135, -116.76758694363542, 12.037545915191796, -47.506604601770704, -96.38496645510716, -31.54712737547346, -145.29458764066348, -54.470162979924304, 42.133275356187845, -136.44857709257644, -59.05158444361327, -365.20146186145826, -202.61996653846697, -356.30085268535487, -191.51238893659217, -404.61567000759396, -255.79488134341602, -159.74530390892537, -1.7736209457620564, -111.03899592458312, -128.98714383753475, -216.05594343532195, -139.84205641013773, -57.02811675669626, 67.34148989801348, -105.95650994605661, -85.29615750356709, -115.21888137851629, -4.742020008698587, -134.00675273570252, -137.89504139049285, -240.61773633249936, -34.06167270152059, -27.25813128836841, -212.67468496941908, -165.80314186508383, -191.26858635400987, -58.68847727778619, -168.12788596547333, -62.57281179598576, -107.87416056479611, -165.28264938296712, -90.50490102189288, -210.25669607884666, -270.9195687551118, -334.4121627277975, -184.11409473849548, 93.97587771200826, -208.14381576127084, -173.76485227120983, -195.66543038453807, -185.62076161822145, -145.06749473319678, -283.96696674983036, -137.25571934533932, -122.81223444270672, -89.44756445627628, -30.761535667925198, -104.86911290468092, -137.805871250199, 2.041644389051347, -91.78490206586373, -7.480117014407831, 106.32962912835069, 67.57008859340553, -179.11242918086108, -153.9633316533985, -149.7049603648959, -118.78516120775734, -136.15010074457766, -96.35233729752176, -17.356781202924076, 134.19736774113775, -199.50011124557787, -246.8688940925073, -92.18871749326703, -108.28155179997619, -120.28469432476439, 49.706095324080195, 12.908813603864338, -73.81312832473976, -131.71211762675478, -168.264007493641, -203.4005530715907, -208.36744990118052, -172.9597137976865, -241.45788583529375, -270.492534918008, -196.9177878588934, -5.731763424829356, -86.5020454000789, -128.9802625976853, -103.31696866680103, -38.79345952304494, -105.40910732160945, -59.45811825309373, -191.58999347728212, -24.326798470757378, -148.05423043234586, -142.78695042232718, -20.13991303658631, -156.14569750927853, -152.74562001888782, -100.1440343093651, -93.97380461053007, -81.31677436779387, -205.86475196177372, -157.48882754853327, -237.3207261368166, -238.62780835935547, -153.538662191917, -193.545147656344, -238.13098030306708, -297.8103558902344, -143.0833311659178, -167.4811172538668, -294.4298029271147, -165.86350946740416, -133.88118574761378, -298.14843189028846, -238.76924388123555, -285.1532513073277, -240.0275506759205, -196.76673287338, -200.95013476771246, -94.82491733286979, -80.04133933489433, -144.0971830754721, -4.1432607197142115, -95.74271753192544, -121.78203287979204, -161.29092729958242, -107.48181169454233, -193.87232928093965, -140.90412367061018, -163.1504172927948, -227.67882124100868, -32.01712039558511, 72.60867081335388, -56.76977608503907, -107.46712922116248, -138.0920503983962, -91.1444241073842, -67.76086118583038, 88.52253009204523, -193.55688504596972, -35.41210591930316, -166.53558029928314, 62.429342600937176, 13.943522827380713, 136.73330958486386, 258.61424176311215, 114.94841938470097, 155.78908257881358, 57.773817886308194, -133.22344091993656, -155.00746764346206, -59.417592618795915, -99.46505633684798, -95.84635373963583, 74.2658706836802, -58.01565397379089, -296.99467472643465, -171.5327062715921, 3.7581728735818087, -161.17562308424826, -158.66178922350835, -146.63272394318417, 10.442411575037305, -113.08714556873689, 0.7705328613158693, -212.68517424766947, -131.89756783209816, -128.16648055351945, -165.61415550758352, -237.9098563839157, -199.895762706185, -203.8640517718329, -203.3255304006139]",19.538314597152226,0.712748432077988,0.991550808599701,9734.451,616.368,10.146,591375.9,37457.048,160.183,11.709,210000,210000,41.028787878787874,15.299999999999997,0.0062500000931322575,4.999999873689376e-05,3899.6099,-0.002570893,3899.612,0.11321134,0.00500926,0.40828338,0.0
1679.0272603364008,-1500.1304384973598,-526.391497450719,100.0,60,15,216000,False,2160,36,212f51d07e9840f9afce8433e261ebfd,2020-07-14_16-26-29,1594743989,47.15149664878845,1681.302901506424,62816,tango5,131.234.250.245,1681.302901506424,0,36,d74d5_00000,0,-350.4221113865,987.5292436493372,-87.73191624178648,"[-667.3534119538012, -338.7860919862233, 56.255787261574355, -1444.3915699385432, -1008.9583118349298, -579.9405642611557, -976.2297746250986, -1325.655918877541, -868.0095622259297, -1098.4614480375171, -828.203360640231, -1272.2658767930768, -97.0583235307149, 29.421091374939223, -1279.41963857814, -229.5553987307065, -879.0785284363196, -764.2147487311536, -1144.0006540241845, -1076.5451528969843, -900.0278175249799, -247.91850979251805, -465.38774757962, 184.28924846659504, -534.4171144068683, -245.74651157072853, -383.8297413090559, -1021.6565213492812, -239.5711742207632, -881.6938277537117, -636.5895424602778, -1081.5152412298098, -1040.0651298583446, 1679.0272603364008, -881.9558752969531, -349.49930402446233, -853.3402330205571, -413.1630810744714, 28.22350762383708, -891.062661040631, -425.10651838734816, 32.468933266855245, 35.35757676001257, -935.6226969760872, -646.1203436958532, -699.8715307239913, -342.7988474715188, 314.99945899272126, -877.788433360742, 581.2755330077517, 32.107089966739224, -830.3717393440442, -1415.2280776076504, -496.40486308414154, -170.28800579049695, -59.24201539614825, -1137.0093023332818, -45.63183106338939, -1091.3954779262883, -960.8729131512663, 466.0146947514597, -558.6467002127002, 135.7308064878821, -599.6772444694095, 248.31961674200602, -395.97201219667625, 135.16686132132045, -1180.947390999813, -1500.1304384973598, 297.86446121247826, -1310.2784503500134, -43.95285294284548, -689.06956968421, -915.0651770024754, -868.4006822608845, -63.51820305292235, -921.6093517636835, -1000.0609205087508, -1007.3333648950025, -169.9859220319595, -233.88119782125702, -858.3041942202084, -678.515819780029, -488.04105152407766, -456.50252377888603, -409.27419061290647, -396.49133308588654, 306.6983979873996, -283.8737288751888, 727.9026901654356, -781.9697956099004, -329.52738450851575, -841.7353332589013, 145.93686212039654, 605.819726911287, -695.5011552779056, -1037.694260243386, -935.5811022015444, -667.7622701741943, -1283.4047620599633]","[100, 100, 100, 100, 100, 100, 100, 100, 100, 100, 100, 100, 100, 100, 100, 100, 100, 100, 100, 100, 100, 100, 100, 100, 100, 100, 100, 100, 100, 100, 100, 100, 100, 100, 100, 100, 100, 100, 100, 100, 100, 100, 100, 100, 100, 100, 100, 100, 100, 100, 100, 100, 100, 100, 100, 100, 100, 100, 100, 100, 100, 100, 100, 100, 100, 100, 100, 100, 100, 100, 100, 100, 100, 100, 100, 100, 100, 100, 100, 100, 100, 100, 100, 100, 100, 100, 100, 100, 100, 100, 100, 100, 100, 100, 100, 100, 100, 100, 100, 100]","[-132.33452800355943, -67.83768453434695, -155.81852679881098, -112.79037830861769, -58.67096643521113, -139.9013278732553, -50.23718805639091, -34.45546420012146, -134.05469125756477, -93.37163914251326, -30.896309400476024, 4.2292000708425626, 24.701586484910173, 8.090541920150027, 61.59033378804582, -40.28542620715136, -25.80754575980895, 27.96629703542737, -195.3312797860953, -245.9236972785849, -219.1777601593171, -249.0291054119406, -216.50990569972387, -318.41982160287984, -73.13632356921757, -166.1531093337432, -251.84624560739437, -157.5118897244888, -155.1300489434485, -205.18069465663612, -123.2530602666572, -5.548430837385834, -130.1125305583157, -12.993860241294364, -146.4325081187321, -161.60017423877133, -103.6397603953384, -178.63542474323847, -131.6203077983209, -144.8545545588657, -242.76217732434748, -174.7175498049875, -182.093861170284, -283.6193325879103, -187.1608832359974, -207.62741119722102, -205.65777462850056, -259.49665605762743, -219.8779457603174, -155.9139625579674, -160.35295495719794, 103.45124083180397, -297.72341952690994, -137.5925202553406, -290.620586891839, -112.83177790093899, -119.26182513853345, -79.19861124576559, -215.44220285679978, -281.10644400364026, 52.985967336102306, -262.68308445163643, -97.52311480502709, -140.86058275782358, -175.87263053094168, -204.24991543090303, -255.1015227434468, -235.21478797281455, -298.42433856970285, -153.99729170469354, -145.6411920496438, -183.88674375277571, 35.789668725932714, -13.484810848397096, -66.73492339183433, 10.149992177886322, 38.8678769281736, -101.64612712247641, -192.38353244895822, 148.20120449045749, 256.77611051489305, -187.41105478539495, 131.74146305026932, -127.5030994463265, -210.20324704084146, -254.09054350655808, -195.9998013108854, -150.50962010478992, -205.53081679986903, -263.08560981519713, -34.45297480270576, -60.29929215905401, -80.42363602353565, -312.0767610451065, -119.01606376742859, 376.7133290671244, -202.94138771515716, -5.946262718153502, -178.51670570435707, -176.61787820250296, -83.44413971921114, -231.61215437693764, -278.126781824165, -40.935586230454646, -132.40591759351136, -80.65952264798462, -172.82577454934798, -59.26116588568918, -194.68437087200988, -68.83736826827335, -204.91194833826648, -299.7738570806637, -307.9533511363522, -67.83975832861825, -199.04871534812838, -187.97104298476154, -166.26165625054006, -245.28708423790027, -165.08768096616313, -112.88897310949048, -169.2181964305258, -102.27110130334822, -178.03791295859398, -119.85167719006016, -121.2969958017896, -209.3519338406638, -75.23927152085267, -69.56202325822434, -43.938751271450414, -3.7138147227955636, -22.15634183560423, -33.30830718359132, 37.16175552512168, -93.04825661052408, -148.71356327016414, -94.02175348619402, -126.26040152492942, -40.50552821292963, -148.75827966157362, 166.22328026744776, -58.756313625280285, 131.56758988789127, 132.78578146002667, -38.77280986191671, -93.7508050928122, 78.23747931069076, -45.171824534061855, -188.20395627334963, -154.9556062559567, -130.57240156137817, -14.886545853317621, -23.931425547621107, -36.44953932824263, -88.26583898922632, -32.026516566374454, -50.18664528594628, -60.145817770029495, -243.6076079257114, 317.5659242800231, -209.6394400047217, -30.478614813586375, -157.52418507503046, -159.1850399910882, -173.91850434564682, -227.90151814374548, -79.9693543110396, -179.56136350725032, -201.120741050511, -106.63365912555234, -83.27527442496087, 74.97509947628899, -152.31968006867325, 151.2488941862142, -123.56655426408017, -93.01276256629852, -259.8349249349988, -136.0940400325762, -171.3379053714056, -91.07200763325238, -130.34218721517982, -136.23192343029652, -118.77861315351416, -141.55592486479418, -2.14613731350833, -179.43583774874872, -58.44110594941575, -207.95727118600928, -19.893390342283933, -163.09510486122932, -226.5101793713862, -321.98174149729766, -142.07755397160443, -126.95102528386, -259.85327845737515, -157.67645873468982, -201.23989358100684, -216.7674442641712, -77.57702953724215, 163.29193061523821, 221.01759458934637, 187.5397302854224, 150.08921010897254, 187.560426039433, 769.5283686979877, -128.26821136649178, -202.2251563029428, -202.1608321074298, -103.11985004781867, -162.10562542541135, -84.0762000468578, -71.44896081946882, -30.558593486691297, -126.75585094159521, 94.3230580264204, -65.35487875984181, -149.7040780432858, -163.69528524955552, -241.22770975472528, -54.30519228925118, -155.9683149394391, -82.22046470446597, -155.9232660831205, -67.99387611176948, -89.97433909102602, -96.62743350921596, -61.73553538201622, -107.28477043122113, 10.45287345077711, 7.482286864522198, -47.48962883154178, -42.22576885401249, -17.8681179301973, 67.81231380895723, 60.51242256610972, -289.1646513146586, -119.13804616890243, 21.604577422384665, -258.6514893222786, -193.05692117072482, -52.65613048645106, 7.216935396915173, -23.006731716858113, -22.88044659300876, -187.0760606538897, -112.99131932167823, -86.36889549882869, 85.35333374873247, -55.372874413700245, 0.7767253568311088, -17.407978303834632, 19.938901011466378, -0.8191741326398214, 286.8706386990304, -98.51020451124923, -173.76518748032706, -10.297724065741583, -125.12780440079166, 156.18785851909192, -212.61796069057203, -208.12427971500722, -157.4782550546896, -66.35039037541985, -136.8156938753791, -154.23611726501866, -89.1194885907822, -75.7158323983658, -174.0545986012483, -113.6217654615501, -86.69791793249924, -106.91074071140739, -182.4258714571114, -41.90531314572087, -181.26415296295363, -115.92974844056512, -113.10623134434037, -65.24021337329913, -205.21742562574855, -46.990389112498654, 87.49347009199181, -78.56376081674902, 68.31558317775871, -167.83632518627277, 67.16614532217856, 93.6209988106965, -14.495961229272563, 104.6706296647038, -6.9501842577243, 70.98783068214, -224.94499154888436, -105.73169964765849, -154.67718951694832, 26.384750765583128, -249.0912916246729, -169.72801178816158, -38.32640010428484, 185.33003845300078, 153.25915111831583, -20.850354190252354, 66.96834730693008, 234.89475042404226, -74.84550128083197, 136.66315149694276, 48.263320203183646, -23.5158165211535, -39.63093946375241, -14.82712446764884, -175.61792026126437, -109.71936136833811, -255.81108387363233, -111.678002040161, 8.041365391406663, -185.586737192055, -255.00661530644706, -236.4324162320187, -270.76922184273127, -215.80804633803595, -245.58462752381936, -191.62715036459855, -63.590072959439475, -66.46542538016632, -67.60877023577899, -136.50532797621267, -118.85383791257885, -43.38142861996455, -57.25432919890663, 127.74455509242466, -43.500742995044334, -109.7464874588727, -83.90245641053177, -3.6285448195659944, -38.08398562009626, -79.3706569541652, -80.47233732345185, 219.44314286457592, -52.8769538786803, -27.881224484330417, 7.329155700439294, -187.70883440959426, -235.06158837414108, -283.1762567522569, -138.74908134501942, -299.6426971527109, 160.10242294603614, 24.565253208129388, 36.15417810835898, -156.1097809678865, -133.08778302744435, 22.743878669417647, -176.30437982306356, -251.76467381779972, -209.77205866241607, -179.89952452260079, -143.41138361029925, -130.24345749010794, -159.66943171152985, -138.06198265927782, -185.8023566395817, -191.7100369916957, -141.23668447076224, -144.39242067841903, -2.87552135273127, 59.36714181516784, -19.583499976110488, 38.839884691171534, 200.4766358939953, 189.79005367996763, -115.52887628011622, -130.11337128475085, -104.36661312461368, -35.85114933131726, -125.50989339618535, -47.276796795716365, 66.6868936847415, 141.2009591653689, 59.40610694684598, -74.71826642767792, -46.92743215703141, -9.917454724364987, 4.277417105374177, -202.75422078143419, -103.41493536709558, -90.63891835340206, -126.2766731536646, -80.86991391918735, 15.410260053176966, -63.174274469018904, -29.683088687894006, 190.66772679528373, 15.948148458649472, 119.1508445918082, -51.59818193757525, -90.26580351642112, -31.183088218960677, -80.94153510935541, -78.40271477284489, -63.58068864151885, -101.15129043284354, 4.348797925261506, 61.414759371023365, 111.13618096970211, 37.526123823124266, 21.892289665052452, -121.30999242445158, -109.38567353403201, -154.30639066844756, -350.4221113865, -130.49066516317345, -315.0325578232076, -331.97259349518447, -224.74897411319438, -331.07201283139, -218.26850099349616, -227.56366197215135, -166.5046950919425, 37.19544482476724, -10.986918776320358, 25.692013683438965, -66.80503928055273, 375.0007304384684, -62.23176967732393, -245.21642815145285, -80.63240629592134, -197.52476521096403, -205.27926853697295, -344.6089454507253, -237.01663670397608, -2.7588593496648484, -87.50208765874176, 6.60529586440097, 4.980087371086798, 45.169168719230484, -10.446457889157351, 93.26551877658729, -148.1772815770955, -51.432051034686765, -104.25845901713848, -240.03759812729461, -238.4296987045822, -191.3393388237839, -229.26220367679161, -103.1783264810598, -90.5145563932767, -127.3505096875133, -173.42024194005023, -205.67390209653632, -231.6521463524564, -11.885957776332075, -156.41776073073677, -219.3275216593367, -43.443393645488875, -11.741996825976896, -22.77382997762548, 21.213776941809467, -50.88816770623399, -18.300381525333822, 18.972396040438294, -140.03617558411224, 11.046944050861175, -268.24402176733474, -180.17336482472842, -259.254241691805, -84.94849194656386, -129.78241304876218, -129.82820637953313, -155.819395540511, -210.73665503130067, -157.8541406846678, -216.0401098239752, -168.95866524060753, -303.63982718508635, -104.82255669472539, -163.36989015307452, -122.04583110674285, -144.49659451476617, 63.38121588949743, -85.81281320111508, -127.08062048691812, 11.511044084441117, 76.50621770990072, -108.49096602776552, -148.75603654435352, -114.07050808121879, 12.33054325710911, -81.71313025834696, -68.14195722491405, 166.46989103046735, -149.49212373787938, -91.01288660005446, -118.79280092771698, -79.08582444137423, -188.48719728689318, -231.43336122628938, -224.84864612300717, -240.2318451822029, -29.61554915588766, -148.04893933506884, 97.02555091857386, -132.796390902436, -133.8995720426166, -98.96871127717944, -154.2802457081333, -84.23449169317136, -24.80537107959682, 8.14734027661962, -47.06768408789007, -124.69357267817314, -53.25632184152189, -104.52080323957851, -50.54853830446588, -76.41560362725691, -75.55120210020296, -12.178161051706114, -89.72605484563934, -27.251450978488624, -132.13938289976417, -72.42793873710482, 9.753781131511257, -58.07213273018204, -95.31701278846913, -156.4561879345003, -10.952577035483051, -85.44720372876205, 63.499154310298465, 39.70466682245952, -25.477955104315452, 162.97893543988062, 134.62832629716294, -68.63472977808536, -97.22469848113695, -11.089786151479604, -72.01982913859358, -33.048467010477694, -106.16185963596597, 35.67091154246524, -165.31333295441567, 987.5292436493372, 8.714878337509417, -26.98398470072247, -41.4246975121965, -34.61941665407531, -166.15256973436482, -129.0921771635827, -121.88484934290312, -102.71563988512145, -166.1492118372287, -95.97534764669909, -207.950265908345, -121.10611590598386, -63.7711302017103, -95.14733068710296, 99.04521204792232, 59.40224614670415, -139.81909754854757, -143.8065984942772, -110.24738700276086, -104.8544493462281, -207.99710799299123, -135.01069287409643, -24.482020395076326, 65.49446121226529, 113.55391778735459, -1.5975992118784081, 47.04032309155359, -54.072220363822396, 51.785903389653384, 80.40605491749918, 203.09613892831317, 200.75942721227165, 9.316852420315303, 60.45535004323522, -129.8056981758675, -132.39146221241685, -125.3678804752345, -72.74643480970936, -95.229883542819, -139.95979606185782, -247.83261731284543, -82.74680495754515, -197.42882517297576, -237.0888042524476, -139.81085362081404, -132.78635492675795, -111.68006143116406, -188.81673601052788, -170.50708201410814, -190.56716739445417, -144.41280705026495, -129.59724830102405, -67.74304335140391, -136.17428253264904, -138.86061163593436, -189.13519700319497, -220.08530888476488, 84.23617323375315, -88.82683353952791, -275.86251961097526, -245.73483559812001, -260.64217001209624, -159.4560729800491, -252.88233031919438]",19.56757666173934,0.7127506602677782,0.9914800404279547,9727.059,616.836,9.825,610677.195,37448.353,160.221,12.007,216000,216000,40.889230769230764,15.299999999999999,0.0062500000931322575,4.999999873689376e-05,4296.251,-0.0028573559,4296.2534,0.10290753,0.0041955193,0.37149715,0.0
1679.0272603364008,-1415.2280776076504,-500.1831692152241,100.0,60,15,222000,False,2220,37,212f51d07e9840f9afce8433e261ebfd,2020-07-14_16-27-17,1594744037,47.54921531677246,1728.8521168231964,62816,tango5,131.234.250.245,1728.8521168231964,0,37,d74d5_00000,0,-346.6802473656904,769.5283686979877,-83.36386153587068,"[-518.3603945355027, 316.9668537300902, 167.64588961906497, -497.3923358544072, -785.4504328529262, -907.3516487224979, -975.5494788161586, -462.9442209986757, -623.1481946481916, -554.258659908704, 1041.3040405733511, -963.238867413296, -432.1529396647838, -797.2096542978319, -1337.8980283229828, -499.40841567779376, -41.300800662995236, 268.45073202224603, -273.5098290812359, -760.5033763562037, -267.3996462763972, -832.0656369924428, -603.5370585460074, -550.7317699258144, -1120.579461331949, -238.63573983977858, -333.1087820362911, -450.6205439174843, -247.03119017973708, -357.4551528316954, -751.1071047437135, -411.05211569095593, -1352.5323178597016, -6.480210843981521, 18.95792949524808, -921.2407606668053, 389.5242175978558, -1186.385577820066, -977.3914108807332, -1077.4589489147681, -395.49939824178387, -800.4653250079276, -693.3521576506329, -307.9174005445456, -648.2161624295796, -635.8814133456482, -758.6383853778862, -437.295082563616, -215.39814967052996, -225.33856801332013, -275.8659629246381, -1078.751877280024, -951.9810686854638, 139.44031331977357, -1097.7110584873205, -1189.4505066498123, -245.2936916470541, -611.7498757722757, -552.1489335753558, -811.7171514957564, -900.0278175249799, -247.91850979251805, -465.38774757962, 184.28924846659504, -534.4171144068683, -245.74651157072853, -383.8297413090559, -1021.6565213492812, -239.5711742207632, -881.6938277537117, -636.5895424602778, -1081.5152412298098, -1040.0651298583446, 1679.0272603364008, -881.9558752969531, -349.49930402446233, -853.3402330205571, -413.1630810744714, 28.22350762383708, -891.062661040631, -425.10651838734816, 32.468933266855245, 35.35757676001257, -935.6226969760872, -646.1203436958532, -699.8715307239913, -342.7988474715188, 314.99945899272126, -877.788433360742, 581.2755330077517, 32.107089966739224, -830.3717393440442, -1415.2280776076504, -496.40486308414154, -170.28800579049695, -59.24201539614825, -1137.0093023332818, -45.63183106338939, -1091.3954779262883, -960.8729131512663]","[100, 100, 100, 100, 100, 100, 100, 100, 100, 100, 100, 100, 100, 100, 100, 100, 100, 100, 100, 100, 100, 100, 100, 100, 100, 100, 100, 100, 100, 100, 100, 100, 100, 100, 100, 100, 100, 100, 100, 100, 100, 100, 100, 100, 100, 100, 100, 100, 100, 100, 100, 100, 100, 100, 100, 100, 100, 100, 100, 100, 100, 100, 100, 100, 100, 100, 100, 100, 100, 100, 100, 100, 100, 100, 100, 100, 100, 100, 100, 100, 100, 100, 100, 100, 100, 100, 100, 100, 100, 100, 100, 100, 100, 100, 100, 100, 100, 100, 100, 100]","[-102.74722946066002, 47.33222485753074, 252.27395981106392, -196.96265373797524, -205.40364747448913, -312.8530485309727, 241.28997838899164, 226.93954816940337, 10.74074780507117, -105.94548930083617, -21.605018804549946, -34.452912527988346, 137.7251741378047, -19.871168234494164, 120.73919291993712, -39.91359224170629, -32.32660525792393, 1.292888295447698, -116.15850702513924, -70.51404937359595, -117.99631444890993, -39.45161330982472, -45.69146875485584, -107.58038294208161, -118.45929966474961, -241.3370332133619, -79.36936458681585, -46.27793792188273, -187.27812662297686, -112.72867084313928, -208.00085122430588, -208.34561393261063, -88.50629733857852, -181.83813478599924, -47.52790758452022, -173.13284385648328, 104.74279231960789, -205.09724996416585, -85.269038831994, -303.1117773366931, -193.43935493957497, -293.3748500633388, -23.112360459931292, -71.19107844172908, -8.495663396646309, -146.80333164610929, -75.7170675366089, -137.62471951765033, -47.50558665944789, -179.44851515983856, -129.11505153114476, -75.16101917820346, -82.04451123104198, -109.87351088851466, 41.621007310645915, -239.63165260666764, -37.03888749883612, -32.98285627015201, -62.80306552027003, -223.4232053234251, 169.36639151752934, 282.1699193675107, 57.83898331004816, 350.4990091148446, 77.48039877238804, 103.94933849102982, -124.46939413745046, -278.8456942508847, -65.96520001083428, -165.05542244817573, -189.4949583615359, -139.40819820441445, -91.5528835203806, -97.86443342021845, -68.5383780466775, -152.37949197701036, 15.905564278899925, -37.72331697939676, -244.46823935309885, -291.92725457476706, 311.25526601586176, -163.5108160897334, -212.40443524967333, -196.15417504641934, -280.5578210683086, -157.51564279123548, -80.89080860028561, -189.40972483865508, -282.84378365880593, -346.6802473656904, -120.88896914941549, -121.8267846736853, -83.90073385543772, -44.81386201731787, -74.84027769622276, -53.137788285715025, -66.79687733149989, 61.52167772517851, 116.17352998449097, -122.52080662400466, 54.01637635372828, -83.69470077088863, 13.023037233701277, -137.27294525612496, -123.27057060251484, 481.41071525771736, -22.634773496343985, 57.195268885811785, -155.14833583576885, 82.01774079235487, -136.5628106093371, -32.93461134347191, -1.4034718971898759, -29.478340187823182, -47.97930760266375, -161.91355798956957, -212.53058812249046, -179.84876287927935, 23.880027629719084, -182.11118739191966, -65.54975274683366, 67.45800958101798, -84.87998439131752, -124.33546489299178, -4.769880649265944, -55.32257317700525, -161.73876334993048, -99.70120141431022, -99.38906402148642, -234.84880489749236, -131.68607699931397, -104.70172630990825, -38.2651855760431, -180.96887105967923, -77.06570681897935, -123.43116815230324, -135.20172889059822, -48.60439804840413, -7.835125577108213, -81.9855784853185, -82.05136575788737, -145.8357038237012, -157.0445058495899, -75.97949043220952, -152.37420358161043, -192.2129638933755, -180.6763072999649, -265.48482993827037, -61.90361751221296, -267.9275391065143, -88.50563489145298, -141.5350360671098, -13.672308070578666, -50.76539332745909, 50.15760518571353, 5.6850273311084765, -68.48658565664397, -81.08615431205732, 33.887993243787584, -93.74579392443596, -28.264360729764526, -95.4138806571767, -90.9797123452623, -121.67318924166511, -104.31508252191419, 3.8506718341076906, -24.29218918913256, -113.21104245361799, 37.5061094004749, -54.60437187026196, 22.11711526929353, -40.53452692884351, -126.69607338924642, -84.81944266115369, -60.8187174048637, 20.850164885233056, -22.28697449418793, -117.96571008186186, -78.03385067295224, -99.20006506306261, -209.89915643016403, -74.65375865521806, -157.68605777784012, -40.51342300584106, -73.1377924935392, -195.21691638111045, -68.9586242335867, -0.15342244065608712, -141.20422751373422, -77.9192258905893, -74.36515694133206, -48.45145867105831, -254.12964528350344, -205.0924751113908, -315.5272254792091, -217.78139317588412, -30.55727120196866, -329.4443076077447, -29.9439565939262, -159.45658711139578, 108.70571522654636, -55.71010530727467, 113.42311025467626, 16.50161268739242, -130.19345909402506, 69.98782792737735, 148.74410125938286, -90.37737036134317, -109.27301929557862, 130.06984905943392, 3.695695172771943, -285.20869836992955, -167.8523514289809, -251.68489671425291, -146.79268841828792, -73.39782090812528, 227.7123272134225, -173.71639912842232, -52.15741779719764, -145.77317869172882, 253.77124183345694, 279.68764416832585, -214.9563491876993, -317.0601719591351, -290.36218625751144, -81.95680070276654, -147.2659525313762, -134.7841171815766, -169.45602476592458, -152.64359953895473, -279.3049765070442, -102.23888611735211, -143.45024922372284, -130.2976747277339, -54.92291115832536, -224.1956778200958, -324.8995305019643, -80.72838506726676, -208.9210764386471, -183.79136792846876, 35.46994752495038, -150.12247655672243, 78.00485533433032, 24.867869527164338, -203.39002999834747, -180.3295640731592, -146.1309854326347, -53.16503483493572, -177.1848994693126, -85.64208531396324, -208.0966072987031, -130.245712658378, -114.61900317135917, -62.23442104902913, -117.34309115081177, -101.04716201919442, -187.5150838414877, -110.59339641875044, -147.37473714831899, -8.953586627671422, -29.28774664406415, -22.727579550452717, -114.33874379396124, 14.764993219923307, -106.57273968052083, -124.0512877460912, -80.35242323107425, -111.81388239189236, -107.07480395637232, -118.35102542362944, 112.63843462089915, -158.39669520338836, 86.76740468298016, -183.30717215471617, -288.75085649206756, -204.83252879935532, -79.82400246316278, -119.78795365518482, -245.2808574520115, -179.29609418634953, -69.15150379040526, -65.29797383077138, 4.504718705595169, -93.76050111780813, -115.90400155428112, -33.10202213908506, -70.42858437744026, -128.60469208059672, -147.75750558470648, -57.671069779164064, -138.12028722683144, 266.16533153430976, -48.55978973962085, -89.45482887451672, -88.63840123584718, -114.00805185145404, -12.88356742482716, 42.15021739409681, 26.689938638629442, -78.64870353391801, -5.13367242881381, 78.19154069041015, -149.2268991918834, -133.274625020347, -72.5588969271557, 6.136589953151447, -98.14159088717577, -246.65704470864003, -207.75955655325532, -210.05937661459703, -123.30095370693658, -192.83335480941943, -115.5103372431539, -229.39449657796666, -119.74050436195267, -49.77042155463718, -136.83162384162893, -300.73368510612556, -106.90255936141375, 355.5870557906643, 18.73444028869741, -125.21472884417724, 32.15030274380292, -34.914197297800314, -233.62835164541315, -181.85020091415785, -226.2127046205511, -202.2839876153916, -122.70901471785022, -131.02679897395757, -141.30470017913498, -150.66437307884635, -193.55048133534888, -212.92115893021486, -146.54626582781475, -344.46352729845336, -26.228065268447104, -157.52541751931423, 41.2933542818892, -9.716443368546585, -59.46780211858357, -33.64931765405181, -170.75396401717887, -132.9133968478065, 49.8336684262276, -217.32280070197413, 1.098015431338382, -141.69139806288277, -161.67475559676683, -218.34720776004244, -58.23819724334998, -223.54273326482925, 321.26834359199046, -211.61438330235725, -57.98872025351818, -233.9510699554455, -94.07718107395098, -128.70198883033322, -167.25606579090027, -129.74212559160884, -169.2181964305258, -102.27110130334822, -178.03791295859398, -119.85167719006016, -121.2969958017896, -209.3519338406638, -75.23927152085267, -69.56202325822434, -43.938751271450414, -3.7138147227955636, -22.15634183560423, -33.30830718359132, 37.16175552512168, -93.04825661052408, -148.71356327016414, -94.02175348619402, -126.26040152492942, -40.50552821292963, -148.75827966157362, 166.22328026744776, -58.756313625280285, 131.56758988789127, 132.78578146002667, -38.77280986191671, -93.7508050928122, 78.23747931069076, -45.171824534061855, -188.20395627334963, -154.9556062559567, -130.57240156137817, -14.886545853317621, -23.931425547621107, -36.44953932824263, -88.26583898922632, -32.026516566374454, -50.18664528594628, -60.145817770029495, -243.6076079257114, 317.5659242800231, -209.6394400047217, -30.478614813586375, -157.52418507503046, -159.1850399910882, -173.91850434564682, -227.90151814374548, -79.9693543110396, -179.56136350725032, -201.120741050511, -106.63365912555234, -83.27527442496087, 74.97509947628899, -152.31968006867325, 151.2488941862142, -123.56655426408017, -93.01276256629852, -259.8349249349988, -136.0940400325762, -171.3379053714056, -91.07200763325238, -130.34218721517982, -136.23192343029652, -118.77861315351416, -141.55592486479418, -2.14613731350833, -179.43583774874872, -58.44110594941575, -207.95727118600928, -19.893390342283933, -163.09510486122932, -226.5101793713862, -321.98174149729766, -142.07755397160443, -126.95102528386, -259.85327845737515, -157.67645873468982, -201.23989358100684, -216.7674442641712, -77.57702953724215, 163.29193061523821, 221.01759458934637, 187.5397302854224, 150.08921010897254, 187.560426039433, 769.5283686979877, -128.26821136649178, -202.2251563029428, -202.1608321074298, -103.11985004781867, -162.10562542541135, -84.0762000468578, -71.44896081946882, -30.558593486691297, -126.75585094159521, 94.3230580264204, -65.35487875984181, -149.7040780432858, -163.69528524955552, -241.22770975472528, -54.30519228925118, -155.9683149394391, -82.22046470446597, -155.9232660831205, -67.99387611176948, -89.97433909102602, -96.62743350921596, -61.73553538201622, -107.28477043122113, 10.45287345077711, 7.482286864522198, -47.48962883154178, -42.22576885401249, -17.8681179301973, 67.81231380895723, 60.51242256610972, -289.1646513146586, -119.13804616890243, 21.604577422384665, -258.6514893222786, -193.05692117072482, -52.65613048645106, 7.216935396915173, -23.006731716858113, -22.88044659300876, -187.0760606538897, -112.99131932167823, -86.36889549882869, 85.35333374873247, -55.372874413700245, 0.7767253568311088, -17.407978303834632, 19.938901011466378, -0.8191741326398214, 286.8706386990304, -98.51020451124923, -173.76518748032706, -10.297724065741583, -125.12780440079166, 156.18785851909192, -212.61796069057203, -208.12427971500722, -157.4782550546896, -66.35039037541985, -136.8156938753791, -154.23611726501866, -89.1194885907822, -75.7158323983658, -174.0545986012483, -113.6217654615501, -86.69791793249924, -106.91074071140739, -182.4258714571114, -41.90531314572087, -181.26415296295363, -115.92974844056512, -113.10623134434037, -65.24021337329913, -205.21742562574855, -46.990389112498654, 87.49347009199181, -78.56376081674902, 68.31558317775871, -167.83632518627277, 67.16614532217856, 93.6209988106965, -14.495961229272563, 104.6706296647038, -6.9501842577243, 70.98783068214, -224.94499154888436, -105.73169964765849, -154.67718951694832, 26.384750765583128, -249.0912916246729, -169.72801178816158, -38.32640010428484, 185.33003845300078, 153.25915111831583, -20.850354190252354, 66.96834730693008, 234.89475042404226, -74.84550128083197, 136.66315149694276, 48.263320203183646, -23.5158165211535, -39.63093946375241, -14.82712446764884, -175.61792026126437, -109.71936136833811, -255.81108387363233, -111.678002040161, 8.041365391406663, -185.586737192055, -255.00661530644706, -236.4324162320187, -270.76922184273127, -215.80804633803595, -245.58462752381936, -191.62715036459855, -63.590072959439475, -66.46542538016632, -67.60877023577899, -136.50532797621267, -118.85383791257885, -43.38142861996455, -57.25432919890663, 127.74455509242466, -43.500742995044334, -109.7464874588727, -83.90245641053177, -3.6285448195659944, -38.08398562009626, -79.3706569541652, -80.47233732345185, 219.44314286457592, -52.8769538786803, -27.881224484330417, 7.329155700439294, -187.70883440959426, -235.06158837414108, -283.1762567522569, -138.74908134501942, -299.6426971527109, 160.10242294603614, 24.565253208129388, 36.15417810835898, -156.1097809678865, -133.08778302744435, 22.743878669417647, -176.30437982306356, -251.76467381779972, -209.77205866241607, -179.89952452260079, -143.41138361029925, -130.24345749010794, -159.66943171152985, -138.06198265927782, -185.8023566395817, -191.7100369916957, -141.23668447076224, -144.39242067841903]",19.599897006749476,0.7127164359990112,0.991192593570816,9763.96,614.505,9.795,612539.65,37444.648,160.237,11.953,222000,222000,40.866666666666674,15.299999999999997,0.0031250000465661287,4.999999873689376e-05,4270.723,-0.0023113992,4270.7256,0.08987418,0.0042392625,0.33917463,0.0
1569.156533479091,-1420.7988349470868,-519.0684280712379,100.0,60,15,228000,False,2280,38,212f51d07e9840f9afce8433e261ebfd,2020-07-14_16-28-04,1594744084,47.1282172203064,1775.9803340435028,62816,tango5,131.234.250.245,1775.9803340435028,0,38,d74d5_00000,0,-380.14940872989564,561.3261111491835,-86.51140467853963,"[-339.96227588660264, -572.6105388036937, -475.01349325911616, -900.8999133288032, -1420.7988349470868, -1311.3757861094457, -162.0268473019494, -490.1917857573673, -624.4920060379897, -1256.3401505656675, 79.48876177616269, 533.416842681624, 406.43208967631665, -979.204954275513, -807.5040242119313, -256.02506549427244, -939.7013476096425, 912.4986581592932, -1286.3554554987588, -473.9083571277739, -228.19525372135175, -456.8543133441252, -859.3165151117653, -665.7455583681926, -242.3807027982648, -151.81079067565395, -36.77716398831781, -2.332673584115021, -896.2548490361264, -1168.4362525631054, -653.7398191251573, -800.1972170137453, -542.5976139582965, -1239.712644106205, -505.15511283943846, -361.8409711043896, 76.1262978847573, -325.3631568281847, -741.512330993321, 950.4472647845068, 82.1693293057899, -871.6158684919285, -771.6197802224959, -318.08751938702756, -548.6376027501143, -1121.5015474470363, 333.074479252405, -856.8309151692395, -647.0920232108033, -808.952515202125, -782.4411376275541, -624.0937993724574, -526.5328477682837, -205.3102038750274, -425.64386424056397, -810.2749779059964, -1277.545901257416, -675.376185543349, -333.89946102831755, 1569.156533479091, -267.3996462763972, -832.0656369924428, -603.5370585460074, -550.7317699258144, -1120.579461331949, -238.63573983977858, -333.1087820362911, -450.6205439174843, -247.03119017973708, -357.4551528316954, -751.1071047437135, -411.05211569095593, -1352.5323178597016, -6.480210843981521, 18.95792949524808, -921.2407606668053, 389.5242175978558, -1186.385577820066, -977.3914108807332, -1077.4589489147681, -395.49939824178387, -800.4653250079276, -693.3521576506329, -307.9174005445456, -648.2161624295796, -635.8814133456482, -758.6383853778862, -437.295082563616, -215.39814967052996, -225.33856801332013, -275.8659629246381, -1078.751877280024, -951.9810686854638, 139.44031331977357, -1097.7110584873205, -1189.4505066498123, -245.2936916470541, -611.7498757722757, -552.1489335753558, -811.7171514957564]","[100, 100, 100, 100, 100, 100, 100, 100, 100, 100, 100, 100, 100, 100, 100, 100, 100, 100, 100, 100, 100, 100, 100, 100, 100, 100, 100, 100, 100, 100, 100, 100, 100, 100, 100, 100, 100, 100, 100, 100, 100, 100, 100, 100, 100, 100, 100, 100, 100, 100, 100, 100, 100, 100, 100, 100, 100, 100, 100, 100, 100, 100, 100, 100, 100, 100, 100, 100, 100, 100, 100, 100, 100, 100, 100, 100, 100, 100, 100, 100, 100, 100, 100, 100, 100, 100, 100, 100, 100, 100, 100, 100, 100, 100, 100, 100, 100, 100, 100, 100]","[-116.82245905648023, -187.6789123251046, -183.45346843449025, -110.39922815140015, 367.1265784841448, -108.73478640327217, -106.63307006598014, -143.77796886514236, -37.78916872549367, -118.45102903694081, -136.3496321350316, -29.609669975105952, -106.99946338370724, -70.88333204440019, -91.62320338346406, -64.82589344024989, -80.04521909571281, -60.63638191158196, -165.4720276321032, -113.78263645649062, -252.8717267202893, -101.9310771713164, -178.26673152068716, -88.57571382791737, -253.33022313500106, -188.26835890582217, -216.0496745759178, -221.84633147143293, -284.67665536328377, -256.62759149562874, -322.871389231109, -156.47946969916313, -301.0001915083643, -102.23301775848819, -299.2284113884322, -129.5633065238885, 64.1118859812345, -0.9633978703191621, -85.65519521540574, -136.76514074243158, -63.352341012927674, 60.59734155790058, -165.0914192523735, -90.75065680935998, -105.4849300110587, 16.770870358606693, -130.59628981732874, -15.039360225852635, -160.51985092351038, -130.13201089848997, -149.67716067407548, -75.30752328934261, -88.89233326763807, -19.96312698493292, -207.25217451126187, -318.26448298313875, -184.52001500086422, -206.3251077179018, -230.50672663464536, -109.47164371785654, -16.874019696015047, 43.22928522289085, -10.560916172675505, 35.70072973704081, -5.555172134988368, 33.54885481990975, -43.48070971413338, 134.5255354003661, 91.06315653057098, -107.91721872856434, 166.9613187305895, 292.26476046279487, 172.33270529309436, 59.09985896360449, -79.56211208772963, 69.30817852057524, 229.7042236790906, -44.45076469231926, -111.0710922080117, -182.44996989428915, -208.00348699546618, -144.3664484998985, -205.60031149369138, -127.71364518415567, -51.24321780473752, -247.7512358901989, -180.86757018249844, -200.63577531764216, -27.88235165780643, -99.1238733590493, -74.35779629185748, -71.67401638578455, -75.10173747662984, 52.93050552738978, -111.76450537636272, 23.942484508971745, -209.9299584560746, -156.7983673486439, -36.17433391676423, -141.89891683620382, -181.11464976353673, -213.78512128841913, 77.31084610128525, 132.1409281142789, 561.3261111491835, 37.90439049391894, 83.17836953218247, 20.638012768444867, -165.7910051228364, -220.01068070087092, -242.42432631239527, -317.48676927237784, -142.36986155548286, -198.272812534797, 1.7460821418601804, -175.19047481222438, -229.74311677841914, -155.4733813349728, -34.87912887944786, 119.63166253543, 49.00530069568339, -31.4339240010055, -129.7641558206077, -98.12957553391789, 72.47902742666038, -90.3519264881642, -118.89170835746475, -48.38311463433722, -9.293913594034384, -98.55764868219777, -149.37374147718083, -32.35418659890971, -265.865642243386, -110.66380037099499, -233.6689970811813, -149.40155575169788, -28.67362052821246, -71.04289913629236, -166.5198209539687, -70.07703537084448, -115.98851124536147, -53.629237345731035, -107.14391157053146, -152.3870418817558, 52.787207385597924, -20.755538004346104, 22.891073611107355, -179.14099880353388, 35.84987048547726, -154.01231747256764, 20.51990513794828, -98.18819180060414, 24.39491264523716, -67.5686587340374, 19.789837658254807, -50.758595582452934, 70.95552142612901, 42.31019157589308, -49.001232678199834, -4.72023648961523, -62.720509386971095, -33.600898435553646, -99.8847351836576, -24.767900161730324, 98.9529851574344, -45.30270065244181, 70.78667414895044, -2.116996892670249, -162.01333518849106, 0.6279032844494947, -55.45244043930103, -199.48861071455417, -282.6499855419151, -197.27838043631616, -277.5374270378994, -272.13423173467476, -138.90802914735923, -76.35997488887139, -200.6898413552138, -202.80674839908713, -0.9330828171437076, -96.50629062100234, -97.22083437318841, -135.38659028732965, -148.73790856468474, -174.9551124618077, -155.07519199859138, -184.6773175980086, -230.29025863255308, -91.739275887836, -16.812489105482673, -121.60268379127372, -113.58762203374998, -103.25068432556981, 110.60901520888712, -147.14933709064704, -167.86658916752316, -121.35239654969341, -189.37890355121502, -143.2242273635448, -232.23850822009672, -231.58074365057223, -270.760975387438, -172.52928593333826, -137.54586407261903, -58.15523056591364, -55.79217614207776, -144.8196897676218, -6.2130146058291, -102.6291376853785, -106.7122616414992, 14.227416495994122, -80.24463172476953, -12.70159816749869, -113.79752136394907, -62.61237470266757, 112.58298413898423, -17.431686880581395, 136.37466862935304, -192.35598846871423, 2.773987158001782, 34.18233330771424, -98.93604380673979, -57.81515695054968, -50.907023907775795, 19.375347454242995, -52.66418951228299, -84.41609010507945, -113.73706960150484, -85.46160136016206, -129.11042113970836, -164.19231685763222, -130.71528453567197, -118.29563749864111, 156.31419612115977, 132.0570578607507, 162.02977576147407, 137.6477238396413, 167.0681937692181, 195.33031743226587, 75.99775961752417, -30.330329743838334, -36.25934643007702, -114.30748779526215, 85.61095815813214, 101.45777549931103, -174.9415002509767, -291.5212595316884, -88.99550718246314, -238.82994166517562, -53.707221105928134, -23.6204387556964, -165.70568993301413, -179.99691169061956, -161.175914562923, -78.95131197126094, -130.94964226825817, -54.84030979642072, -132.5401599223049, -109.41419552472662, -9.267633567748886, -78.69435183393581, 202.3979486395914, -190.56912717790286, -44.20426607496795, -115.70053732759317, -75.47972774081036, -111.79224831160963, -88.2065429011868, -113.25428039394602, -201.27557974053786, -271.7612646017423, -299.4655341306259, -97.43649454145768, -90.57210033891297, -160.99057409375882, 29.43410727213613, 94.18880021761599, 59.85851677305628, 9.096526835446955, 71.19188014463357, 69.30464800951604, -225.0021043049469, -208.04502729071038, -88.10556296656698, -57.47712864960561, -113.27677331391324, -164.92431864349652, -163.78409979758496, -148.1035412063985, -78.23028255693629, -188.70773150214592, -10.475742919060067, -57.79062522867793, -128.25048553896877, 1.3991432492058151, -212.49636610157697, -169.68956280973526, -126.03875466305453, -173.87648933799562, -136.11949628038855, -155.09189117742116, -105.09561662708916, -103.21783566466205, -121.87969574257946, -161.03660213541454, -22.45094519535415, -34.55442340693724, -199.41794776076998, -21.38309490578914, -172.65313661841623, -173.63425148519008, -87.05332088579384, -92.9408905422587, 150.655845497008, -66.16544221067801, -229.7902355231049, -201.23880410345683, -116.58458801504544, -1.5881484400835335, 69.83108252557845, -28.093960336318524, -73.37966462113847, -55.494924988020294, -132.66252216926577, -156.07817043783186, -146.01091920933746, 193.11231054614706, -43.860409428474355, -140.1441535418013, -138.81441905978372, -115.07806972356046, -97.22290887192081, -160.50147374416662, -144.56426208973105, -154.09384441683397, -156.86356246401323, -220.498824693498, -240.711204676824, -226.57684147789683, -52.74605921528719, -380.14940872989564, -208.5864922241795, -140.55440041392188, -147.51450815163324, -71.50763900902851, -37.285254457403624, -69.92789128718178, -89.97096417779846, -64.98930506010706, -119.32059218748674, 56.89304536266161, -73.2143605642185, -43.29728440136811, 356.55221566070634, 209.19033536128546, 92.17102310846293, 124.51089383803932, 232.7959981733291, 553.9360673372663, -65.54975274683366, 67.45800958101798, -84.87998439131752, -124.33546489299178, -4.769880649265944, -55.32257317700525, -161.73876334993048, -99.70120141431022, -99.38906402148642, -234.84880489749236, -131.68607699931397, -104.70172630990825, -38.2651855760431, -180.96887105967923, -77.06570681897935, -123.43116815230324, -135.20172889059822, -48.60439804840413, -7.835125577108213, -81.9855784853185, -82.05136575788737, -145.8357038237012, -157.0445058495899, -75.97949043220952, -152.37420358161043, -192.2129638933755, -180.6763072999649, -265.48482993827037, -61.90361751221296, -267.9275391065143, -88.50563489145298, -141.5350360671098, -13.672308070578666, -50.76539332745909, 50.15760518571353, 5.6850273311084765, -68.48658565664397, -81.08615431205732, 33.887993243787584, -93.74579392443596, -28.264360729764526, -95.4138806571767, -90.9797123452623, -121.67318924166511, -104.31508252191419, 3.8506718341076906, -24.29218918913256, -113.21104245361799, 37.5061094004749, -54.60437187026196, 22.11711526929353, -40.53452692884351, -126.69607338924642, -84.81944266115369, -60.8187174048637, 20.850164885233056, -22.28697449418793, -117.96571008186186, -78.03385067295224, -99.20006506306261, -209.89915643016403, -74.65375865521806, -157.68605777784012, -40.51342300584106, -73.1377924935392, -195.21691638111045, -68.9586242335867, -0.15342244065608712, -141.20422751373422, -77.9192258905893, -74.36515694133206, -48.45145867105831, -254.12964528350344, -205.0924751113908, -315.5272254792091, -217.78139317588412, -30.55727120196866, -329.4443076077447, -29.9439565939262, -159.45658711139578, 108.70571522654636, -55.71010530727467, 113.42311025467626, 16.50161268739242, -130.19345909402506, 69.98782792737735, 148.74410125938286, -90.37737036134317, -109.27301929557862, 130.06984905943392, 3.695695172771943, -285.20869836992955, -167.8523514289809, -251.68489671425291, -146.79268841828792, -73.39782090812528, 227.7123272134225, -173.71639912842232, -52.15741779719764, -145.77317869172882, 253.77124183345694, 279.68764416832585, -214.9563491876993, -317.0601719591351, -290.36218625751144, -81.95680070276654, -147.2659525313762, -134.7841171815766, -169.45602476592458, -152.64359953895473, -279.3049765070442, -102.23888611735211, -143.45024922372284, -130.2976747277339, -54.92291115832536, -224.1956778200958, -324.8995305019643, -80.72838506726676, -208.9210764386471, -183.79136792846876, 35.46994752495038, -150.12247655672243, 78.00485533433032, 24.867869527164338, -203.39002999834747, -180.3295640731592, -146.1309854326347, -53.16503483493572, -177.1848994693126, -85.64208531396324, -208.0966072987031, -130.245712658378, -114.61900317135917, -62.23442104902913, -117.34309115081177, -101.04716201919442, -187.5150838414877, -110.59339641875044, -147.37473714831899, -8.953586627671422, -29.28774664406415, -22.727579550452717, -114.33874379396124, 14.764993219923307, -106.57273968052083, -124.0512877460912, -80.35242323107425, -111.81388239189236, -107.07480395637232, -118.35102542362944, 112.63843462089915, -158.39669520338836, 86.76740468298016, -183.30717215471617, -288.75085649206756, -204.83252879935532, -79.82400246316278, -119.78795365518482, -245.2808574520115, -179.29609418634953, -69.15150379040526, -65.29797383077138, 4.504718705595169, -93.76050111780813, -115.90400155428112, -33.10202213908506, -70.42858437744026, -128.60469208059672, -147.75750558470648, -57.671069779164064, -138.12028722683144, 266.16533153430976, -48.55978973962085, -89.45482887451672, -88.63840123584718, -114.00805185145404, -12.88356742482716, 42.15021739409681, 26.689938638629442, -78.64870353391801, -5.13367242881381, 78.19154069041015, -149.2268991918834, -133.274625020347, -72.5588969271557, 6.136589953151447, -98.14159088717577, -246.65704470864003, -207.75955655325532, -210.05937661459703, -123.30095370693658, -192.83335480941943, -115.5103372431539, -229.39449657796666, -119.74050436195267, -49.77042155463718, -136.83162384162893, -300.73368510612556, -106.90255936141375, 355.5870557906643, 18.73444028869741, -125.21472884417724, 32.15030274380292, -34.914197297800314, -233.62835164541315, -181.85020091415785, -226.2127046205511, -202.2839876153916, -122.70901471785022, -131.02679897395757, -141.30470017913498, -150.66437307884635, -193.55048133534888, -212.92115893021486, -146.54626582781475, -344.46352729845336, -26.228065268447104, -157.52541751931423, 41.2933542818892, -9.716443368546585, -59.46780211858357, -33.64931765405181, -170.75396401717887, -132.9133968478065, 49.8336684262276, -217.32280070197413, 1.098015431338382, -141.69139806288277, -161.67475559676683, -218.34720776004244, -58.23819724334998, -223.54273326482925, 321.26834359199046, -211.61438330235725, -57.98872025351818, -233.9510699554455, -94.07718107395098, -128.70198883033322, -167.25606579090027, -129.74212559160884]",19.6296481256881,0.7125484585835937,0.9908857208640519,9756.712,614.961,10.052,596901.008,37431.263,160.294,11.749,228000,228000,40.956923076923076,15.299999999999999,0.0015625000232830644,4.999999873689376e-05,3651.9956,-0.0022346342,3651.9978,0.10267695,0.0033157957,0.3032482,0.0
1569.156533479091,-1674.1396480205688,-467.94866190022105,100.0,60,15,234000,False,2340,39,212f51d07e9840f9afce8433e261ebfd,2020-07-14_16-28-51,1594744131,46.92303538322449,1822.9033694267273,62816,tango5,131.234.250.245,1822.9033694267273,0,39,d74d5_00000,0,-424.191299573974,605.9902199615773,-77.99144365003686,"[-184.64214054847668, -818.2672529334586, -1132.300013850998, 14.43309336986213, -504.2516532196898, -90.5799435999992, -109.39086931969955, -772.660406746088, -364.98640297841206, -771.5673978661368, -1293.7803255676827, -977.5723360556017, -52.58588208663636, -856.8788813836628, -823.4294064829801, -6.9341561275004615, -537.5426868142229, -677.3225648512364, -838.1970174248111, 125.70070287566509, -946.5568142470584, 112.5413265440013, -1175.2263725845671, -888.9748264183377, 268.42991958106063, 245.6492490345378, -478.21955875517403, -468.32638487595045, 477.6095403939456, -344.71092966001396, -1244.1585552326703, -342.48564405308565, -545.1735235109488, -815.4393609668135, -437.08016764107117, -1324.2095640070131, -592.8984249877575, -336.37616817006915, -842.5867302279678, -581.7983064953218, -155.56713093549425, -676.1382790074281, -923.889823884524, -384.49835944993276, -704.512717135035, -714.5984327655458, -62.14720067867303, -362.46719119641205, -1674.1396480205688, -756.5685158810379, -1036.127832911554, -612.0551398529492, -67.48433654883407, 1132.541856237766, -1028.3554649509883, 126.85476204120532, 697.3719656694054, -636.868547822951, 505.2308321434811, -55.994962227059375, -228.19525372135175, -456.8543133441252, -859.3165151117653, -665.7455583681926, -242.3807027982648, -151.81079067565395, -36.77716398831781, -2.332673584115021, -896.2548490361264, -1168.4362525631054, -653.7398191251573, -800.1972170137453, -542.5976139582965, -1239.712644106205, -505.15511283943846, -361.8409711043896, 76.1262978847573, -325.3631568281847, -741.512330993321, 950.4472647845068, 82.1693293057899, -871.6158684919285, -771.6197802224959, -318.08751938702756, -548.6376027501143, -1121.5015474470363, 333.074479252405, -856.8309151692395, -647.0920232108033, -808.952515202125, -782.4411376275541, -624.0937993724574, -526.5328477682837, -205.3102038750274, -425.64386424056397, -810.2749779059964, -1277.545901257416, -675.376185543349, -333.89946102831755, 1569.156533479091]","[100, 100, 100, 100, 100, 100, 100, 100, 100, 100, 100, 100, 100, 100, 100, 100, 100, 100, 100, 100, 100, 100, 100, 100, 100, 100, 100, 100, 100, 100, 100, 100, 100, 100, 100, 100, 100, 100, 100, 100, 100, 100, 100, 100, 100, 100, 100, 100, 100, 100, 100, 100, 100, 100, 100, 100, 100, 100, 100, 100, 100, 100, 100, 100, 100, 100, 100, 100, 100, 100, 100, 100, 100, 100, 100, 100, 100, 100, 100, 100, 100, 100, 100, 100, 100, 100, 100, 100, 100, 100, 100, 100, 100, 100, 100, 100, 100, 100, 100, 100]","[17.92402403383862, -192.9456052815539, -12.744822671862618, -6.035933848824491, -29.27681991675737, 38.43701713668328, -265.2076660316651, -59.71219514017351, -58.507351888542736, -63.431062662352055, -261.26994344545034, -110.13903376527422, -186.31933759601705, -159.9316179731135, -290.37231434925906, -142.39538684808923, -184.2668820554703, -169.01447502904855, -47.28808808352406, 36.867452491971655, 100.1652971774073, 6.204490998839379, -106.88872785433139, 25.372668639499235, -128.5085710401278, -63.188054297278214, 17.051580750977287, -127.92660716179186, -117.35393834344197, -84.32606312802695, 35.155047602465665, -36.50819779731024, -13.180729522114998, 26.039608878344275, -120.50625653274501, 18.420583771362406, 18.584069998953105, -6.443129869656425, -21.11676909944478, -21.32828678736759, 45.06596616459234, -124.15271972677614, -117.64930787954992, -59.84904734963692, -151.965001972041, -179.83098908848822, -143.85317500150765, -119.51288545486295, -179.4484941962641, 310.5519784998482, -128.1176732271071, -111.39990079406763, -195.7974710699052, -60.77484219091609, -104.3047112593319, -213.9373918156394, -197.14269052494427, -233.95726289151884, -27.828051943243462, 5.602710568540173, -209.97406256575601, -308.3898818833004, -232.69092139124896, -219.14588731719795, -208.4324725881465, -115.14709982202989, -206.32059159577082, -163.61937482217948, -143.90335274424092, -200.63273004522821, -123.73355626556521, -139.3627305826173, -48.708455470373494, 45.25072115945472, -108.60763110198, -123.7569655823887, 139.33065265608897, 43.90579625256184, -26.102626399175524, -222.30681341977174, -224.6764169148096, -154.72141022181694, -169.1115498683361, -59.96006455975124, -84.08560162304485, -155.63265078032612, -205.44795072077326, -153.2062209428069, -91.64281168811902, -133.41417072790983, -161.31243538716743, -22.609822536814903, 0.17972683087978503, 12.5537492104745, -66.03655006783013, 230.29117582295837, 32.96554806686928, -29.770531859614962, -170.94518838285467, -153.32610761827226, -57.284348058391465, -159.18205896195906, -161.37838936433937, -39.64757736392837, -122.37418909393577, -108.79405455521903, -122.24653499666871, -122.88181947714533, -227.25611889901106, -187.1158207921986, 16.437153469257808, -130.04918849224134, -151.14685815285833, -159.06618455775975, 117.63140628369514, -10.584649272365763, 15.148702662629601, -48.88342599154483, -36.92319293463998, 89.31186212789109, -128.00583394952446, -102.62394987301157, -93.50064693473378, -164.76505995493278, -202.34809358240108, -255.31322995245498, -33.2792195791823, -74.74456118479428, -35.184958816843825, -90.8575737057688, 190.8222466166262, 155.7853932139644, -185.73438634374605, -151.5756027879118, -139.63247687769692, -218.53217752808857, -274.1814207502573, -205.57030829686624, -95.1778871198323, -252.7990416736747, -261.6357608670009, -131.64103647975566, -49.021986477092064, -98.69911380098077, -60.766081045035406, 440.61421019537227, -13.642646483916748, -38.09725345014864, -101.03163634564342, 41.35332671043335, -72.20440526113386, 151.34292215215046, -14.286944111072799, 67.2247305240438, 54.087366594610906, 59.48557913593739, -83.20419294602173, -63.462836059905484, -63.526531652561566, -57.838606763126094, -89.51829277740563, -120.66909855615366, -77.51107366496466, 11.53539136859648, -70.43318838304842, -143.98473608258305, -64.76947432853416, -123.16330378541701, 83.70127612931154, -23.770637706161388, 2.691459382665265, 27.944399377199286, 377.2569208977116, 9.786122313218373, -94.17977629151007, -190.62054437306728, -103.97501162159767, 173.13721715031085, -231.46954255182456, 102.39672802767532, -209.02061910294154, -278.6170396903271, -219.72276045951907, -227.40142390389198, -144.86853109572058, -164.5281809802712, -130.68364546188346, 230.33549954820373, -185.15431148205212, -165.43345171351348, -110.5756395238586, 19.025904580018672, -25.29822085880227, -158.3582548475595, -47.6984497192349, -89.47749570070546, -112.1109403722197, -112.23016201242771, -59.96531231454884, -102.34402611937395, -119.90278043008733, -152.6183720446176, -196.0398755219004, -184.56899453628603, -107.54594987164087, -152.6364567887922, -113.26656068598946, -50.63831270853016, -176.38378824456962, 163.3909006584512, -250.5914802679684, -179.46166347335964, -153.68793621373294, -311.3601508635644, -182.81508958367803, -246.29324360470838, 8.044937887594187, -168.87707368000133, -188.3605307714774, -160.9673709983315, -29.847630903052927, -52.890756522488104, -171.13755000015487, -233.91430335054866, -135.34454154662592, 38.405749592966764, -120.19959534739773, 285.8140724816913, -39.40008852938652, -268.1029740451869, -294.3566671767768, -51.9463609544148, -61.721238609450765, -127.05940091275133, -206.8842237464851, -42.380438545991524, -147.1549078354205, -126.13156363958323, -69.1624403051485, 9.915267577306073, -15.774332215590633, -35.23090182392111, -29.126871131960257, -44.70232638576229, -10.966875958269506, -19.765823419989964, -36.40130452479578, -224.93463616295202, -36.05385549512964, -173.9591630996412, -219.25670420036838, 14.467384475457825, -200.90367278639343, -161.63409556483708, -150.16472306003928, -113.56922783179635, -120.90735227099356, -176.71075237046477, 83.11209328495579, -132.2479183369114, -235.30067816966704, -173.40615425874546, -150.92691622014428, 224.2712142505798, -88.82830278436094, -87.8123248734431, -41.40460576454997, -152.80793436452524, -231.8006340708339, -101.85891527732123, -68.44205923962024, -175.81202032134556, -135.4322058866996, -83.69535352908945, -84.60201672414715, -166.61477706464402, -49.0520107475419, -55.75667456341887, 202.67931462351513, -67.87557233970105, -34.11549985226731, -58.02675779925898, -57.97740155207367, -58.56183043930529, -72.24034157946323, -21.248105412290307, -43.512590083856345, -108.92692212942406, -424.191299573974, -223.5656975961432, -273.2442689725387, -351.03574400254024, -174.01652099367587, -228.08611688169665, -172.9869113773361, -139.56683443560945, -125.1638942933262, -160.6433837200866, -134.83237918112013, -23.375112873558137, -187.8677215212436, -148.82647519070647, -245.24629085864606, -278.92612952141525, -205.93544147412348, 30.674225654582226, -108.319172987677, -88.55645851681237, -197.8333160008849, -149.80194391260946, -16.143594587810234, -51.40065384715585, -64.09171430813426, -47.89438153449338, 12.787710256671101, 12.729862972157841, 8.1462653950808, 10.837920669883975, 605.9902199615773, 199.32178961777927, 258.6895676879322, 61.84392172411691, 72.60524313091743, -65.90888588455581, -268.9345769053979, -159.60377330641114, -68.75859874818089, -97.22650956511882, -241.95911354940768, -191.8728928764728, 114.06707763920872, 19.636497861988104, -15.617797426214182, 204.64118959752133, -58.36521917964688, -137.50698645165141, 140.2923529429777, 105.51860352002797, 175.24591749415762, -32.388520604665445, 148.3144591706096, 160.3891531462977, 100.222228751064, -119.74746135723151, -108.4610157362103, -17.67626455751647, -185.80830894339044, -305.39772597966714, 229.59204505775043, 183.94518980682295, -29.00845580259676, 15.908083019895075, 126.07016634635382, -21.276196284745343, 130.89017854067671, 127.41671055006275, -225.7981252633749, -238.08885233617727, 3.5411919627410584, 146.04393431901235, 49.00530069568339, -31.4339240010055, -129.7641558206077, -98.12957553391789, 72.47902742666038, -90.3519264881642, -118.89170835746475, -48.38311463433722, -9.293913594034384, -98.55764868219777, -149.37374147718083, -32.35418659890971, -265.865642243386, -110.66380037099499, -233.6689970811813, -149.40155575169788, -28.67362052821246, -71.04289913629236, -166.5198209539687, -70.07703537084448, -115.98851124536147, -53.629237345731035, -107.14391157053146, -152.3870418817558, 52.787207385597924, -20.755538004346104, 22.891073611107355, -179.14099880353388, 35.84987048547726, -154.01231747256764, 20.51990513794828, -98.18819180060414, 24.39491264523716, -67.5686587340374, 19.789837658254807, -50.758595582452934, 70.95552142612901, 42.31019157589308, -49.001232678199834, -4.72023648961523, -62.720509386971095, -33.600898435553646, -99.8847351836576, -24.767900161730324, 98.9529851574344, -45.30270065244181, 70.78667414895044, -2.116996892670249, -162.01333518849106, 0.6279032844494947, -55.45244043930103, -199.48861071455417, -282.6499855419151, -197.27838043631616, -277.5374270378994, -272.13423173467476, -138.90802914735923, -76.35997488887139, -200.6898413552138, -202.80674839908713, -0.9330828171437076, -96.50629062100234, -97.22083437318841, -135.38659028732965, -148.73790856468474, -174.9551124618077, -155.07519199859138, -184.6773175980086, -230.29025863255308, -91.739275887836, -16.812489105482673, -121.60268379127372, -113.58762203374998, -103.25068432556981, 110.60901520888712, -147.14933709064704, -167.86658916752316, -121.35239654969341, -189.37890355121502, -143.2242273635448, -232.23850822009672, -231.58074365057223, -270.760975387438, -172.52928593333826, -137.54586407261903, -58.15523056591364, -55.79217614207776, -144.8196897676218, -6.2130146058291, -102.6291376853785, -106.7122616414992, 14.227416495994122, -80.24463172476953, -12.70159816749869, -113.79752136394907, -62.61237470266757, 112.58298413898423, -17.431686880581395, 136.37466862935304, -192.35598846871423, 2.773987158001782, 34.18233330771424, -98.93604380673979, -57.81515695054968, -50.907023907775795, 19.375347454242995, -52.66418951228299, -84.41609010507945, -113.73706960150484, -85.46160136016206, -129.11042113970836, -164.19231685763222, -130.71528453567197, -118.29563749864111, 156.31419612115977, 132.0570578607507, 162.02977576147407, 137.6477238396413, 167.0681937692181, 195.33031743226587, 75.99775961752417, -30.330329743838334, -36.25934643007702, -114.30748779526215, 85.61095815813214, 101.45777549931103, -174.9415002509767, -291.5212595316884, -88.99550718246314, -238.82994166517562, -53.707221105928134, -23.6204387556964, -165.70568993301413, -179.99691169061956, -161.175914562923, -78.95131197126094, -130.94964226825817, -54.84030979642072, -132.5401599223049, -109.41419552472662, -9.267633567748886, -78.69435183393581, 202.3979486395914, -190.56912717790286, -44.20426607496795, -115.70053732759317, -75.47972774081036, -111.79224831160963, -88.2065429011868, -113.25428039394602, -201.27557974053786, -271.7612646017423, -299.4655341306259, -97.43649454145768, -90.57210033891297, -160.99057409375882, 29.43410727213613, 94.18880021761599, 59.85851677305628, 9.096526835446955, 71.19188014463357, 69.30464800951604, -225.0021043049469, -208.04502729071038, -88.10556296656698, -57.47712864960561, -113.27677331391324, -164.92431864349652, -163.78409979758496, -148.1035412063985, -78.23028255693629, -188.70773150214592, -10.475742919060067, -57.79062522867793, -128.25048553896877, 1.3991432492058151, -212.49636610157697, -169.68956280973526, -126.03875466305453, -173.87648933799562, -136.11949628038855, -155.09189117742116, -105.09561662708916, -103.21783566466205, -121.87969574257946, -161.03660213541454, -22.45094519535415, -34.55442340693724, -199.41794776076998, -21.38309490578914, -172.65313661841623, -173.63425148519008, -87.05332088579384, -92.9408905422587, 150.655845497008, -66.16544221067801, -229.7902355231049, -201.23880410345683, -116.58458801504544, -1.5881484400835335, 69.83108252557845, -28.093960336318524, -73.37966462113847, -55.494924988020294, -132.66252216926577, -156.07817043783186, -146.01091920933746, 193.11231054614706, -43.860409428474355, -140.1441535418013, -138.81441905978372, -115.07806972356046, -97.22290887192081, -160.50147374416662, -144.56426208973105, -154.09384441683397, -156.86356246401323, -220.498824693498, -240.711204676824, -226.57684147789683, -52.74605921528719, -380.14940872989564, -208.5864922241795, -140.55440041392188, -147.51450815163324, -71.50763900902851, -37.285254457403624, -69.92789128718178, -89.97096417779846, -64.98930506010706, -119.32059218748674, 56.89304536266161, -73.2143605642185, -43.29728440136811, 356.55221566070634, 209.19033536128546, 92.17102310846293, 124.51089383803932, 232.7959981733291, 553.9360673372663]",19.647929942064575,0.712607277353736,0.9907103603159934,9738.894,616.086,9.698,618686.701,37428.034,160.308,11.834,234000,234000,40.981538461538456,15.299999999999999,0.0007812500116415322,4.999999873689376e-05,3979.3389,-0.002129835,3979.3413,0.107232876,0.0033341444,0.2741217,0.0
1132.541856237766,-1674.1396480205688,-525.882445171184,100.0,60,15,240000,False,2400,40,212f51d07e9840f9afce8433e261ebfd,2020-07-14_16-29-38,1594744178,47.07831645011902,1869.9816858768463,62816,tango5,131.234.250.245,1869.9816858768463,0,40,d74d5_00000,0,-424.191299573974,605.9902199615773,-87.64707419519738,"[308.9019711513551, -506.18916569835915, -805.6848922894291, 163.0822861800745, -135.55273613304914, -544.1051490984108, 676.0791209109312, -1165.5064162715817, -1212.8395050732677, -443.1595386261644, -292.19665790496055, -956.989718294547, 170.69771832589467, -287.4948786301511, -361.45028414006435, -909.5627875801684, -474.2652322877902, -1123.5772050110302, -427.75019674383634, -691.2114331694908, 342.0346927066433, -1038.066482316929, -558.1604311064727, -1173.8058268086552, -213.6635727432273, -376.9301176994681, -617.6444065835497, -498.03806046443054, -360.5296218920811, -365.3134693194169, -903.6099220490918, -994.3745045759389, -630.3213456007938, -1254.3097650866014, -915.7220485681182, -394.3876233355618, -487.544773034035, -417.17438737087593, -920.6077981102608, -488.540961002091, -1366.0014866355975, -999.1742877146925, -1146.4134143549463, -820.2545495484176, -198.90284823227617, -1337.1680263434948, -100.60284564198894, -151.97166481798047, -818.6996264865221, -889.7135839312, -1301.5557004520292, 44.85708843427671, -488.63324791931615, 234.6502202233747, -670.3369068930053, -484.3641374958117, -467.5817506956633, -1427.344704394747, -862.4571084073614, -401.68534700860624, -946.5568142470584, 112.5413265440013, -1175.2263725845671, -888.9748264183377, 268.42991958106063, 245.6492490345378, -478.21955875517403, -468.32638487595045, 477.6095403939456, -344.71092966001396, -1244.1585552326703, -342.48564405308565, -545.1735235109488, -815.4393609668135, -437.08016764107117, -1324.2095640070131, -592.8984249877575, -336.37616817006915, -842.5867302279678, -581.7983064953218, -155.56713093549425, -676.1382790074281, -923.889823884524, -384.49835944993276, -704.512717135035, -714.5984327655458, -62.14720067867303, -362.46719119641205, -1674.1396480205688, -756.5685158810379, -1036.127832911554, -612.0551398529492, -67.48433654883407, 1132.541856237766, -1028.3554649509883, 126.85476204120532, 697.3719656694054, -636.868547822951, 505.2308321434811, -55.994962227059375]","[100, 100, 100, 100, 100, 100, 100, 100, 100, 100, 100, 100, 100, 100, 100, 100, 100, 100, 100, 100, 100, 100, 100, 100, 100, 100, 100, 100, 100, 100, 100, 100, 100, 100, 100, 100, 100, 100, 100, 100, 100, 100, 100, 100, 100, 100, 100, 100, 100, 100, 100, 100, 100, 100, 100, 100, 100, 100, 100, 100, 100, 100, 100, 100, 100, 100, 100, 100, 100, 100, 100, 100, 100, 100, 100, 100, 100, 100, 100, 100, 100, 100, 100, 100, 100, 100, 100, 100, 100, 100, 100, 100, 100, 100, 100, 100, 100, 100, 100, 100]","[-43.966296974413936, -18.798848151295548, 83.42178935063684, 177.82139160762839, 34.738622388190585, 75.68531293060856, 14.9719518009633, -202.91345825202848, -10.011410453974184, -138.56831601858323, -212.09049380729107, 42.42256103255434, -23.14764576207042, 18.950067941161233, -158.48704535632405, -319.90446326367834, -159.56104732670448, -163.53475852181208, 87.67021704274535, -78.01396842388873, 113.66198097944783, 70.81797892384313, -86.48429602790208, 55.43037368582897, -88.25911268444501, -12.64389118393483, 19.508203021424887, -112.38601657451517, -66.70743028707425, 124.9355115754951, -31.080776228149197, -124.48483315518897, -119.13720199296948, -44.520894154610836, -96.4532123097676, -128.4282312577245, 10.95892425923138, 125.02948570677358, 75.93530825084457, 286.4575164474191, 97.92746029871402, 79.77042594794844, -205.1829999074204, -167.33377557046563, -194.60783776911055, -110.48772609256808, -220.56650192498068, -267.32757500703696, -124.30212601616459, -105.91103470098764, -209.0953879110722, -341.27499215677244, -211.12738148277614, -221.1285828054959, -152.51563907481145, -80.81203984769287, -52.44270086091832, -106.76040129845222, -29.119734773653583, -21.509022770635703, -54.28629168225676, -59.09163158426933, -19.710243412391808, -70.4692852421836, 7.200316770103085, -95.83952275396143, -154.96861512347527, -211.86046326474352, -44.98474366185533, -176.2960269955372, -144.21120464790664, -224.66866460102918, 66.76441190276208, -75.30361047604312, 246.03128971554023, -1.672824381582016, 47.368054930204224, -112.4896033649873, -69.26773888646375, -90.4601214616558, 169.16934325226492, -73.93495920244048, -96.89645086424296, -126.10495146761293, -244.36863639389017, 181.5067118769812, -217.10884179257863, 37.331422462357246, 16.002627969906992, -134.81356826284076, -194.07991947172746, -157.28025655550294, -200.78751007388593, -86.5215146612307, -105.04875662548918, -165.84483019233255, -91.18224818242206, -166.50898612175905, -84.01205805269063, -89.05992867325185, -34.60013175135571, -8.901879506311186, -282.3990827921942, -205.02309362239131, -150.87910342064694, -91.95596326523696, -136.2768821701861, -257.0430797403748, 50.69741047293856, -47.233325499677896, -138.84254284292538, 70.2234079418844, -129.9543546163765, -232.64079219967923, -63.89704742754046, -102.59302124827647, -5.2205939532864765, -224.9112660634953, -119.91017051719216, -174.6793339597008, 43.78552715428202, -65.72334840980811, -94.05201392899731, 394.96424561918053, 0.07413729654979306, 62.98614497543652, -290.9163675554042, -155.65286019112958, -176.7374485794053, -257.3255058109541, -104.96871539321607, -52.4655847868187, 28.747769577516866, -143.88375756323785, -209.26153652567731, -136.23073951509176, -126.22058024041651, 28.688413160433583, -212.8727930473701, -212.19854857897337, -197.93691639293283, -96.14569805934231, -280.4871823251029, -174.16468840493272, 66.44142260919719, -60.94839316716444, 67.25820468369565, -146.28492548440502, -138.89576233648935, -1.234119048061248, -120.45766566998026, -50.93934311350638, -87.9994511509574, 1.9946378563815523, -56.439140778556165, -63.089154842849965, -123.7443023932386, -114.83887040511307, -120.48359313858515, -175.0836963146126, 6.003905588527251, -89.49784992052678, -45.91000295271978, -154.70996424753307, -110.0676191086803, -88.24587857183364, -12.16610123381679, -86.93849434984654, 13.442770896965325, -113.90955771981325, -91.53773916881113, -110.16426257362764, -73.0937646196828, 14.732931292888058, -120.81536176345614, -83.50007551673761, -98.60001169091436, -56.73845384431492, 58.99179617432735, -64.65136267832123, -120.19613469028057, -284.5579829502164, -88.84800719867171, -98.20693442020745, -110.46028208096838, -201.3405807087482, -259.3331102070443, -3.4430267019896634, -246.16936219273964, -42.19726363572299, -208.60550877964602, -234.62623305879592, -56.27572745239257, -155.05222097106042, -71.40747937706684, -140.28427853800534, -78.13473538132318, -129.16690388094327, -239.4967418239827, -250.34421582498499, -140.47686951396452, -151.1295429741245, -198.60890224812346, -274.25349270142226, -260.8145566756397, 71.06642666094294, -156.10475589669227, -188.61824774292222, -194.25364802951626, -186.9972668842907, 6.609070820487368, -166.49629809559838, -40.83045150927131, -125.14098477743562, 54.51392028394238, -123.04288005768645, -30.898387006419544, -51.871082888930886, -98.80041219846157, -58.884715564633396, -119.49386494979096, -127.59631042579825, -93.70347293644512, -132.91949243301403, -32.90185876996648, 1.5253398605087263, -36.50687154481544, -122.66803154714349, -195.91212962210153, -158.0025165501485, -168.13486686950222, -165.5738626105296, -63.18630752779512, -169.79811493018465, -114.13762992663098, -46.47239718798765, 317.47773311240115, -134.1043114431752, -331.0676687973009, -180.23668675939817, -157.2165947688493, -235.41401337318325, -311.42972165499395, -262.1588708284774, -218.72015095614893, -181.0621350539442, -223.93898117538518, -143.74965390344332, -166.0303957879442, -125.91625532884697, -202.73095632978027, -136.80804518929253, -126.37219417433096, -170.40056197582504, -263.4938058347553, -148.74329304875866, -196.0960049154278, -241.30755440585003, 105.14852855240774, -107.0352228775794, -295.6147319155976, -30.75999020630099, -172.51976662998203, -319.47336647136484, -158.33376806773526, 93.8329108487645, -35.11531750258474, -159.65301034958654, -21.75712872645175, 82.1234655653181, -183.69162631404726, -341.44545566625493, -221.6234404597665, -209.02196195522185, -252.0282810745214, -129.35726087368337, 23.883207108419107, -121.89470067061343, 497.45544383515875, -231.88848360626486, -148.8100580522748, -119.34825425641404, -99.54809138480029, -211.62350553286623, 223.0780175795507, -142.0700916017842, -146.26348211330875, 224.4554882352285, -131.92364853468064, -148.9311919555863, -156.58797175961644, -67.37517702982561, -77.30668294799003, -236.574954258824, -173.5555350132802, -109.49455385303204, -169.69338551348773, -90.29334877216952, -75.52503684976783, -271.15172392946386, -202.68452138329076, -190.70459020882836, -262.8920479665835, -204.35090572650665, -257.267386186104, -183.65624898071738, -2.845849181821131, 52.28544000097121, -57.88941024965332, -32.61657134421647, 48.7614189398539, 37.16206026914245, -70.01620260546626, -292.7927886959787, 14.337437895373412, 77.80506271265173, -8.370830053887474, -209.59592717200908, 291.8180103387194, -47.327987236773325, -46.08334707459785, -94.54570692533989, 276.6737386831832, -145.8844875618162, 232.3472593813555, -205.40749269944638, 87.46669264734798, -307.1851294178723, -342.1858490750729, -135.37238772931752, -93.86603877748504, -67.57921180377434, -133.82007109058353, -97.6855571618097, -123.85156762130907, 32.43830895915002, 118.22341624221023, -161.98029132537536, 3.554852358077027, -166.71877101752654, -112.63053158115657, -148.03042537189248, -192.564074914394, -210.3101347138082, -256.07605174034603, -220.1539047813889, -251.33453476383553, -296.9060034809748, -192.36505678842076, -238.0678863773694, -189.98118015619534, -100.00704305933066, -2.3015560980603986, -139.7343859279854, -56.21823467388153, 15.733331578874258, -153.0504757014742, -175.05732454826926, 11.686424869434994, -44.7790685332902, -128.00583394952446, -102.62394987301157, -93.50064693473378, -164.76505995493278, -202.34809358240108, -255.31322995245498, -33.2792195791823, -74.74456118479428, -35.184958816843825, -90.8575737057688, 190.8222466166262, 155.7853932139644, -185.73438634374605, -151.5756027879118, -139.63247687769692, -218.53217752808857, -274.1814207502573, -205.57030829686624, -95.1778871198323, -252.7990416736747, -261.6357608670009, -131.64103647975566, -49.021986477092064, -98.69911380098077, -60.766081045035406, 440.61421019537227, -13.642646483916748, -38.09725345014864, -101.03163634564342, 41.35332671043335, -72.20440526113386, 151.34292215215046, -14.286944111072799, 67.2247305240438, 54.087366594610906, 59.48557913593739, -83.20419294602173, -63.462836059905484, -63.526531652561566, -57.838606763126094, -89.51829277740563, -120.66909855615366, -77.51107366496466, 11.53539136859648, -70.43318838304842, -143.98473608258305, -64.76947432853416, -123.16330378541701, 83.70127612931154, -23.770637706161388, 2.691459382665265, 27.944399377199286, 377.2569208977116, 9.786122313218373, -94.17977629151007, -190.62054437306728, -103.97501162159767, 173.13721715031085, -231.46954255182456, 102.39672802767532, -209.02061910294154, -278.6170396903271, -219.72276045951907, -227.40142390389198, -144.86853109572058, -164.5281809802712, -130.68364546188346, 230.33549954820373, -185.15431148205212, -165.43345171351348, -110.5756395238586, 19.025904580018672, -25.29822085880227, -158.3582548475595, -47.6984497192349, -89.47749570070546, -112.1109403722197, -112.23016201242771, -59.96531231454884, -102.34402611937395, -119.90278043008733, -152.6183720446176, -196.0398755219004, -184.56899453628603, -107.54594987164087, -152.6364567887922, -113.26656068598946, -50.63831270853016, -176.38378824456962, 163.3909006584512, -250.5914802679684, -179.46166347335964, -153.68793621373294, -311.3601508635644, -182.81508958367803, -246.29324360470838, 8.044937887594187, -168.87707368000133, -188.3605307714774, -160.9673709983315, -29.847630903052927, -52.890756522488104, -171.13755000015487, -233.91430335054866, -135.34454154662592, 38.405749592966764, -120.19959534739773, 285.8140724816913, -39.40008852938652, -268.1029740451869, -294.3566671767768, -51.9463609544148, -61.721238609450765, -127.05940091275133, -206.8842237464851, -42.380438545991524, -147.1549078354205, -126.13156363958323, -69.1624403051485, 9.915267577306073, -15.774332215590633, -35.23090182392111, -29.126871131960257, -44.70232638576229, -10.966875958269506, -19.765823419989964, -36.40130452479578, -224.93463616295202, -36.05385549512964, -173.9591630996412, -219.25670420036838, 14.467384475457825, -200.90367278639343, -161.63409556483708, -150.16472306003928, -113.56922783179635, -120.90735227099356, -176.71075237046477, 83.11209328495579, -132.2479183369114, -235.30067816966704, -173.40615425874546, -150.92691622014428, 224.2712142505798, -88.82830278436094, -87.8123248734431, -41.40460576454997, -152.80793436452524, -231.8006340708339, -101.85891527732123, -68.44205923962024, -175.81202032134556, -135.4322058866996, -83.69535352908945, -84.60201672414715, -166.61477706464402, -49.0520107475419, -55.75667456341887, 202.67931462351513, -67.87557233970105, -34.11549985226731, -58.02675779925898, -57.97740155207367, -58.56183043930529, -72.24034157946323, -21.248105412290307, -43.512590083856345, -108.92692212942406, -424.191299573974, -223.5656975961432, -273.2442689725387, -351.03574400254024, -174.01652099367587, -228.08611688169665, -172.9869113773361, -139.56683443560945, -125.1638942933262, -160.6433837200866, -134.83237918112013, -23.375112873558137, -187.8677215212436, -148.82647519070647, -245.24629085864606, -278.92612952141525, -205.93544147412348, 30.674225654582226, -108.319172987677, -88.55645851681237, -197.8333160008849, -149.80194391260946, -16.143594587810234, -51.40065384715585, -64.09171430813426, -47.89438153449338, 12.787710256671101, 12.729862972157841, 8.1462653950808, 10.837920669883975, 605.9902199615773, 199.32178961777927, 258.6895676879322, 61.84392172411691, 72.60524313091743, -65.90888588455581, -268.9345769053979, -159.60377330641114, -68.75859874818089, -97.22650956511882, -241.95911354940768, -191.8728928764728, 114.06707763920872, 19.636497861988104, -15.617797426214182, 204.64118959752133, -58.36521917964688, -137.50698645165141, 140.2923529429777, 105.51860352002797, 175.24591749415762, -32.388520604665445, 148.3144591706096, 160.3891531462977, 100.222228751064, -119.74746135723151, -108.4610157362103, -17.67626455751647, -185.80830894339044, -305.39772597966714, 229.59204505775043, 183.94518980682295, -29.00845580259676, 15.908083019895075, 126.07016634635382, -21.276196284745343, 130.89017854067671, 127.41671055006275, -225.7981252633749, -238.08885233617727, 3.5411919627410584, 146.04393431901235]",19.664938600352485,0.7124865269745867,0.9904566681634409,9738.221,616.129,9.959,602494.266,37411.578,160.378,11.933,240000,240000,40.85076923076923,15.299999999999999,0.0003906250058207661,4.999999873689376e-05,3376.6013,-0.0021814844,3376.6038,0.118255995,0.0031974686,0.25279632,0.0
1119.3662168609785,-1497.0151875705842,-502.1289277474908,100.0,60,15,246000,False,2460,41,212f51d07e9840f9afce8433e261ebfd,2020-07-14_16-30-25,1594744225,47.07528591156006,1917.0569717884064,62816,tango5,131.234.250.245,1917.0569717884064,0,41,d74d5_00000,0,-342.1858490750729,497.45544383515875,-83.6881546245818,"[-978.8687371001404, -486.78370215812464, 1119.3662168609785, -641.7878261350802, 139.42203809909427, -421.05753734151574, -303.6762945447624, -562.8578710131073, -64.26175906860168, -909.9137050193887, -784.4170331467911, -612.2677152068244, -1042.8436200965489, 304.855526552201, -642.686351600065, 533.2476730865236, 268.16002051164503, -763.2945432849295, -247.28183661247752, 141.33240358326182, -473.3273396895407, -516.2242091702282, -999.6345502928875, 173.52467981906497, -765.3276653038838, 350.5647125809304, -367.6375848457965, -421.1086922946585, 52.566772326662765, -223.85559098769957, -687.1588875095774, -195.43658480296472, -882.4951529068578, -593.2402853128305, -1140.100769088625, -728.2544361259047, -475.159597579643, -40.997133346767974, -264.40960672853066, -552.929236392159, -1497.0151875705842, -1164.6014882505792, -66.58496355782518, -40.645704539304276, -904.1187257903437, 469.29775131720913, -65.18970463822107, -533.0065547223669, -1009.1678245977383, -339.8373809438451, -718.7907176442844, -737.5956591124884, 56.92721776175159, -614.31875039827, -729.6924719233396, -274.50015894092047, 5.600044076693788, -693.8050105541708, -470.32627227866686, -259.20104787827574, 342.0346927066433, -1038.066482316929, -558.1604311064727, -1173.8058268086552, -213.6635727432273, -376.9301176994681, -617.6444065835497, -498.03806046443054, -360.5296218920811, -365.3134693194169, -903.6099220490918, -994.3745045759389, -630.3213456007938, -1254.3097650866014, -915.7220485681182, -394.3876233355618, -487.544773034035, -417.17438737087593, -920.6077981102608, -488.540961002091, -1366.0014866355975, -999.1742877146925, -1146.4134143549463, -820.2545495484176, -198.90284823227617, -1337.1680263434948, -100.60284564198894, -151.97166481798047, -818.6996264865221, -889.7135839312, -1301.5557004520292, 44.85708843427671, -488.63324791931615, 234.6502202233747, -670.3369068930053, -484.3641374958117, -467.5817506956633, -1427.344704394747, -862.4571084073614, -401.68534700860624]","[100, 100, 100, 100, 100, 100, 100, 100, 100, 100, 100, 100, 100, 100, 100, 100, 100, 100, 100, 100, 100, 100, 100, 100, 100, 100, 100, 100, 100, 100, 100, 100, 100, 100, 100, 100, 100, 100, 100, 100, 100, 100, 100, 100, 100, 100, 100, 100, 100, 100, 100, 100, 100, 100, 100, 100, 100, 100, 100, 100, 100, 100, 100, 100, 100, 100, 100, 100, 100, 100, 100, 100, 100, 100, 100, 100, 100, 100, 100, 100, 100, 100, 100, 100, 100, 100, 100, 100, 100, 100, 100, 100, 100, 100, 100, 100, 100, 100, 100, 100]","[-147.0408946095161, -214.00204485064688, -214.2190118531738, -141.4631967652562, -39.650527751164574, -222.49306127038415, -161.4394924307986, -121.02637591610733, -52.391423316683536, -93.90213785109904, -20.430434284560178, -37.59383835887569, 103.71444756703963, 124.14680031902357, 67.97886622346208, 365.21050426677493, 373.3782816174941, 84.93731686718344, -239.5937932757168, 6.063181735183302, -88.34804072363373, -230.6382733540351, -56.383677407096926, -32.887223109781054, -63.0948246633092, 176.2077309991599, 224.18067236303577, 115.76845542918663, -170.79722831569447, -142.84276771328405, -139.50966868973202, -227.2369484584634, 223.05964363882228, -145.19029648491684, -80.34331917245277, -51.83694817477324, -121.54397448371866, 24.112166000027855, 70.4304443854882, -69.29378239345635, -15.977121833909566, -191.4040262191942, -59.943683468304926, -116.08240276891283, -129.73262499292946, -52.50390611081626, -125.71368284403985, -78.88157082810268, -73.17085610089362, 30.627968104124374, -4.196248073190401, 25.53113953032981, 15.869711061168799, -58.923473590140745, -167.67488851217757, -189.93092617387077, -99.52033498238947, -184.660502240239, -75.92134288461841, -192.205710226093, -206.49463776561527, -151.1483889051651, -150.43079561017686, 63.71634314571412, -207.8441398484398, -132.21541416310845, -82.8241154777627, -48.221632193832896, -159.46605576197845, -153.35984240765555, -120.82218898478897, -47.5738803808052, -156.88422874866197, -240.9756009984987, -188.92901153222368, -207.83604585571877, -89.38590106641605, -158.83283189502905, 122.87420707635677, -36.31457194968748, 124.93495666347096, 96.6734599605984, -2.6412584736321394, -0.671266724905625, -120.92466905664449, -145.97512346981716, -126.80840062814933, -131.38448583190603, -72.07707898822471, -45.51659362532367, 37.29590333592278, 100.19995508714649, 106.7068231633914, 107.58017524231131, 115.80299679723088, 65.66181946052227, -20.317879769223655, -2.972993582027852, 206.4936915651227, 63.60354269206729, -16.725694367853382, 38.07935397356011, -179.9984961919633, -224.94219674048097, -141.49674890559487, -40.01076614506441, -38.33251348976734, -138.5138218120581, -33.68865205695447, -12.739292055920977, 36.789466409576534, -40.909499459455326, -159.14718116827575, -37.58667828144639, 6.016420038365415, 0.4454400952271317, -6.641370708396652, 37.19916099249198, 84.1707971434673, 20.141956022106633, -145.07352235208663, 51.79552102482953, 56.112558475442455, -108.81940571815507, -120.460050022506, -206.88244109706574, -174.16401826443916, 103.56927468374627, -214.70066443661528, 32.671685485297466, -128.79730507717673, -134.80318156104087, -48.04506436194454, -191.5246235301952, -227.6214963084037, -250.54990288652064, -267.0836078159339, -14.809855389891101, 6.820860756467051, 7.939878517804561, -46.45814033239364, 6.685790701433467, 45.95344704059981, 152.58284313515327, -54.01433007968208, 3.828967526751963, -197.5861293911669, -148.10379553335545, -150.93224484448953, -218.52013298194143, -121.84488220115644, 373.3037933047813, -162.59810281278192, -143.38399692806678, 194.65679354811877, 210.4311076700361, 79.61061967548471, -122.17214335984681, -122.96282193090389, -65.86440276503761, -9.02205467038775, -127.22678179510518, -104.42236685731478, 108.99357171104319, -213.31160180765835, -91.79131896859525, 82.82659140745582, -203.4035677795895, 145.62068310388457, 44.855751959852974, -53.39214283434268, -3.020651848335339, -100.8702644859496, 19.373396431552486, -8.135433914831449, -86.92506782853219, -13.525353294304848, -23.61655910314527, -77.74573710072717, -13.907439746158577, -127.93343607635414, -108.92510906359591, -36.432341293492954, -105.27214545184734, -51.239533531087204, -257.35632209319925, 4.3921122273144295, -55.75654585280264, -39.505723784862916, -25.967328951964998, -92.55249835059522, 13.953399909946656, -118.20541154869669, -236.81243508471564, -179.0498570359756, -36.84197823689799, -112.64879833404046, -198.93667266653208, -28.919160998093243, -137.02917420216122, -103.59095441866812, -140.58015824605687, -240.02122267976327, 56.90038523191268, -249.34179670906957, -214.05809659389098, -163.73216391213077, -61.14845614866977, -162.73855011626299, -289.0817056086003, -97.53667264104922, -111.9327311433629, -200.42879594104855, -188.28342414182916, 0.38808745609981843, -130.4608997147143, 13.993066577896823, -78.09260363765925, 0.7708884866675489, -245.45787324241925, 51.103667075723855, -217.47674283985234, -87.6289585451854, -20.632793754411015, -50.959771015670746, 21.031583051913163, 60.35501747418542, 36.83778944240075, -128.79996918905587, -0.3262477841603253, -45.63487495125183, -129.3420910589579, 68.68956645283002, -28.995990197934635, -64.32034772522395, -42.85163771650836, -46.257721926558155, -148.56376792717435, -206.01543920848448, -44.92032188820953, -285.1521230054801, -317.07298774290217, -216.0642720331216, -223.5762629177522, -250.55734777299108, -204.5921940983359, -178.45111390056312, -181.04892146718353, -163.60945361062798, -134.7437971845883, -252.47028952709138, -254.2779125605251, -88.11081527191803, -92.60833850148359, 111.62799024955126, 161.5089056836635, -80.7778730367998, -78.22483268083806, -100.85683962189208, -165.46115284037842, -38.39488042570885, 190.09568988072172, 50.882975817007946, 23.088502650945095, -238.03253142783635, -161.61131356331992, 14.503501711507298, -172.69823406871956, -196.55419268782765, -149.72595575414678, 85.71582036872155, -22.203817600074, 62.21664195724543, 103.89939942937355, 43.2759866940717, 196.3937204678712, -34.57890535268068, 106.73288540128641, 53.78968401685999, -18.182462613060302, -91.94746329071377, -81.00344279991278, 21.248797392342126, 35.75090592562436, -209.39884057427705, -149.4628941260494, -140.71489883253466, -90.42962450747241, -63.36940738701567, -233.0653010142066, -141.92695930067322, -215.35614409138216, -235.48700218251426, -119.96301062194743, -155.63304045915643, 270.377037335982, -27.768060629222177, -108.25580907963487, -204.45007345578804, -114.10743465602526, -64.77298940855485, -68.63341981308115, -143.44221639786085, -175.70909020859145, -110.93909386324998, -155.2939079529457, 2.517107962536659, -229.45337510320346, -113.94509790854254, -133.30462685945082, -214.0379944088159, -49.37167279501135, 4.397333120479479, 17.88234494446675, 1.4117974282000523, -55.70722250381059, 39.480730353026324, 49.46223441939026, -227.86395474615094, -204.84895747198402, -50.887508917816824, 48.93587470672933, -67.53649003050398, -112.1177139385431, -200.5202668314766, 86.11302070806835, -293.73905765332415, -195.2326956020104, 93.43300849569654, -219.74648104029376, -40.9116070894858, 61.966492894172895, -80.70581837657286, -149.57055353781928, -104.62137740704438, 39.34270457582925, -68.34186132366413, 16.609360778545536, 105.28511430300816, -62.86505088084319, -69.22527452154172, 84.13775572118936, -61.30002246806098, -122.01164957488082, -140.06771194855602, -54.04001944290825, -183.04424623162464, -133.34136088813926, -83.51014258906184, -62.87491893940319, -109.1349779560955, -128.26680440461686, -54.94023659113776, -31.59919179835217, -72.3359423990589, -93.05621538977469, 28.746804708128195, -4.477912483048664, -125.65347778347717, 7.575695468955619, 43.78552715428202, -65.72334840980811, -94.05201392899731, 394.96424561918053, 0.07413729654979306, 62.98614497543652, -290.9163675554042, -155.65286019112958, -176.7374485794053, -257.3255058109541, -104.96871539321607, -52.4655847868187, 28.747769577516866, -143.88375756323785, -209.26153652567731, -136.23073951509176, -126.22058024041651, 28.688413160433583, -212.8727930473701, -212.19854857897337, -197.93691639293283, -96.14569805934231, -280.4871823251029, -174.16468840493272, 66.44142260919719, -60.94839316716444, 67.25820468369565, -146.28492548440502, -138.89576233648935, -1.234119048061248, -120.45766566998026, -50.93934311350638, -87.9994511509574, 1.9946378563815523, -56.439140778556165, -63.089154842849965, -123.7443023932386, -114.83887040511307, -120.48359313858515, -175.0836963146126, 6.003905588527251, -89.49784992052678, -45.91000295271978, -154.70996424753307, -110.0676191086803, -88.24587857183364, -12.16610123381679, -86.93849434984654, 13.442770896965325, -113.90955771981325, -91.53773916881113, -110.16426257362764, -73.0937646196828, 14.732931292888058, -120.81536176345614, -83.50007551673761, -98.60001169091436, -56.73845384431492, 58.99179617432735, -64.65136267832123, -120.19613469028057, -284.5579829502164, -88.84800719867171, -98.20693442020745, -110.46028208096838, -201.3405807087482, -259.3331102070443, -3.4430267019896634, -246.16936219273964, -42.19726363572299, -208.60550877964602, -234.62623305879592, -56.27572745239257, -155.05222097106042, -71.40747937706684, -140.28427853800534, -78.13473538132318, -129.16690388094327, -239.4967418239827, -250.34421582498499, -140.47686951396452, -151.1295429741245, -198.60890224812346, -274.25349270142226, -260.8145566756397, 71.06642666094294, -156.10475589669227, -188.61824774292222, -194.25364802951626, -186.9972668842907, 6.609070820487368, -166.49629809559838, -40.83045150927131, -125.14098477743562, 54.51392028394238, -123.04288005768645, -30.898387006419544, -51.871082888930886, -98.80041219846157, -58.884715564633396, -119.49386494979096, -127.59631042579825, -93.70347293644512, -132.91949243301403, -32.90185876996648, 1.5253398605087263, -36.50687154481544, -122.66803154714349, -195.91212962210153, -158.0025165501485, -168.13486686950222, -165.5738626105296, -63.18630752779512, -169.79811493018465, -114.13762992663098, -46.47239718798765, 317.47773311240115, -134.1043114431752, -331.0676687973009, -180.23668675939817, -157.2165947688493, -235.41401337318325, -311.42972165499395, -262.1588708284774, -218.72015095614893, -181.0621350539442, -223.93898117538518, -143.74965390344332, -166.0303957879442, -125.91625532884697, -202.73095632978027, -136.80804518929253, -126.37219417433096, -170.40056197582504, -263.4938058347553, -148.74329304875866, -196.0960049154278, -241.30755440585003, 105.14852855240774, -107.0352228775794, -295.6147319155976, -30.75999020630099, -172.51976662998203, -319.47336647136484, -158.33376806773526, 93.8329108487645, -35.11531750258474, -159.65301034958654, -21.75712872645175, 82.1234655653181, -183.69162631404726, -341.44545566625493, -221.6234404597665, -209.02196195522185, -252.0282810745214, -129.35726087368337, 23.883207108419107, -121.89470067061343, 497.45544383515875, -231.88848360626486, -148.8100580522748, -119.34825425641404, -99.54809138480029, -211.62350553286623, 223.0780175795507, -142.0700916017842, -146.26348211330875, 224.4554882352285, -131.92364853468064, -148.9311919555863, -156.58797175961644, -67.37517702982561, -77.30668294799003, -236.574954258824, -173.5555350132802, -109.49455385303204, -169.69338551348773, -90.29334877216952, -75.52503684976783, -271.15172392946386, -202.68452138329076, -190.70459020882836, -262.8920479665835, -204.35090572650665, -257.267386186104, -183.65624898071738, -2.845849181821131, 52.28544000097121, -57.88941024965332, -32.61657134421647, 48.7614189398539, 37.16206026914245, -70.01620260546626, -292.7927886959787, 14.337437895373412, 77.80506271265173, -8.370830053887474, -209.59592717200908, 291.8180103387194, -47.327987236773325, -46.08334707459785, -94.54570692533989, 276.6737386831832, -145.8844875618162, 232.3472593813555, -205.40749269944638, 87.46669264734798, -307.1851294178723, -342.1858490750729, -135.37238772931752, -93.86603877748504, -67.57921180377434, -133.82007109058353, -97.6855571618097, -123.85156762130907, 32.43830895915002, 118.22341624221023, -161.98029132537536, 3.554852358077027, -166.71877101752654, -112.63053158115657, -148.03042537189248, -192.564074914394, -210.3101347138082, -256.07605174034603, -220.1539047813889, -251.33453476383553, -296.9060034809748, -192.36505678842076, -238.0678863773694, -189.98118015619534, -100.00704305933066, -2.3015560980603986, -139.7343859279854, -56.21823467388153, 15.733331578874258, -153.0504757014742, -175.05732454826926, 11.686424869434994, -44.7790685332902]",19.681619343706508,0.7122031164886402,0.9903283027744375,9721.721,617.175,9.623,623505.988,37407.05,160.398,11.999,246000,246000,40.53076923076923,15.299999999999999,0.00019531250291038305,4.999999873689376e-05,3378.7632,-0.0022870752,3378.7654,0.11832094,0.0025320651,0.2503294,0.0
653.8540358094795,-1695.1535745858905,-431.6519351022625,100.0,60,15,252000,False,2520,42,212f51d07e9840f9afce8433e261ebfd,2020-07-14_16-31-12,1594744272,46.8734016418457,1963.930373430252,62816,tango5,131.234.250.245,1963.930373430252,0,42,d74d5_00000,0,-346.14141472556486,531.9514485892304,-71.94198918371042,"[162.847667165051, 385.6627479809989, -426.0721715050658, -343.5034578316718, 36.77876506287202, -617.9724682397255, -743.1924277115261, -25.01192150868953, -38.808850789472295, -666.3816499276727, -647.1310225537434, -149.65431687030733, 431.4737449411286, -220.24558999673533, -861.094685973048, -560.298248368246, -657.3631896549628, -1458.4203462703204, -376.58199216809027, 150.01514945464217, -610.7450373225995, -655.9723831360483, -379.69311774741715, -697.0759539144364, 40.52549508147592, 103.02492387287738, -916.1545830377811, -1118.0550179820095, -977.2835554687261, -261.08390755131785, -498.55233094017814, -845.3741705025686, -833.8307859976522, -1098.7245847487782, 157.45421201871406, -664.4789536365014, -342.40614642658153, -35.54532149528155, 332.2046258168421, -397.5981653830858, -958.2896446724604, 653.8540358094795, -741.2856202229825, 620.0276765563093, 204.65052317178004, -32.62219555544924, -1695.1535745858905, -1258.393485150468, -242.5801416458099, -403.09194291920255, -376.6092071439597, -1030.4140543094804, -750.9892200460104, -765.8190389848378, -801.3574985628896, -228.1579884891346, 207.78919426938316, 312.3220063068244, -423.14608252477444, -794.3944604235743, -473.3273396895407, -516.2242091702282, -999.6345502928875, 173.52467981906497, -765.3276653038838, 350.5647125809304, -367.6375848457965, -421.1086922946585, 52.566772326662765, -223.85559098769957, -687.1588875095774, -195.43658480296472, -882.4951529068578, -593.2402853128305, -1140.100769088625, -728.2544361259047, -475.159597579643, -40.997133346767974, -264.40960672853066, -552.929236392159, -1497.0151875705842, -1164.6014882505792, -66.58496355782518, -40.645704539304276, -904.1187257903437, 469.29775131720913, -65.18970463822107, -533.0065547223669, -1009.1678245977383, -339.8373809438451, -718.7907176442844, -737.5956591124884, 56.92721776175159, -614.31875039827, -729.6924719233396, -274.50015894092047, 5.600044076693788, -693.8050105541708, -470.32627227866686, -259.20104787827574]","[100, 100, 100, 100, 100, 100, 100, 100, 100, 100, 100, 100, 100, 100, 100, 100, 100, 100, 100, 100, 100, 100, 100, 100, 100, 100, 100, 100, 100, 100, 100, 100, 100, 100, 100, 100, 100, 100, 100, 100, 100, 100, 100, 100, 100, 100, 100, 100, 100, 100, 100, 100, 100, 100, 100, 100, 100, 100, 100, 100, 100, 100, 100, 100, 100, 100, 100, 100, 100, 100, 100, 100, 100, 100, 100, 100, 100, 100, 100, 100, 100, 100, 100, 100, 100, 100, 100, 100, 100, 100, 100, 100, 100, 100, 100, 100, 100, 100, 100, 100]","[5.68921007105459, -43.48256007844818, 25.187742079834695, 177.30395763681776, -86.82177769683217, 84.97109515262444, 55.198161259914244, -94.60778802281602, -80.47107566697862, 199.6282365828275, 15.616560411868818, 290.2986534161832, -118.96754487113397, -71.99799779850746, -14.106388663405939, -121.35204049078551, -122.61221724116392, 22.964017559930888, -130.43499728498068, 31.11031729647814, -120.97808860217637, -150.7335192429991, 109.11539638673023, -81.58256638472353, -77.83932364281215, 82.76260200051334, -41.320470780255306, 45.943767494352514, 28.411445614482147, -1.1792556234086282, -80.8196547951788, -176.31084990614744, -198.37100528066995, -77.36691683047557, -111.34543050358742, 26.241389076333625, -206.28914621467183, -141.03429312779073, -179.0020700574343, -28.02761054821375, -152.29848631149022, -36.540821451924614, 380.9601875261892, -106.41615825656258, -137.217469593044, -99.76324170101697, 61.08350024838058, -123.6587397326357, -1.1395406998843076, -80.78777635237145, -16.727522991907904, 65.03179882744958, -38.01242816903604, 32.82661859627764, -72.47440023624557, -263.06323429653867, -171.49033461558554, -150.07398791667634, 80.33810620269622, -89.61779906532239, -1.7015421611612718, -96.33206706347633, -13.37917074657461, -198.30980026731527, -165.64936062502065, -171.75908169019502, 58.79918597218829, 21.371020039535715, -18.233317297751423, 3.3503784776583383, -14.222362555641809, -200.71922150629652, -16.203029760322433, 259.14824484291637, 296.58263922734267, -60.89521280210652, 5.017104023067042, -52.17600058976838, -0.9644699088105197, -10.26465463206724, -130.35950182226716, -39.22489851285898, -31.947621522930596, -7.484443597800688, -140.57400548389487, -204.04803054845857, -180.70296324456572, 17.986878221735104, -161.3018646911548, -192.45470022670827, 88.16531538151594, -167.68949922773754, -193.36712419422204, -195.06999551224104, 102.34428559939359, -194.6812304149564, -118.0481116673955, -108.55229330745125, -93.22224519256443, -158.64385538308937, -138.16829541498893, -40.72838868947388, -331.6793409237216, -172.20931956117846, -241.38217850330025, -222.10133188714525, -147.59440474600652, -343.4537706489648, 105.01747747118323, 21.608612320647644, -194.9433380727754, -41.63109816806477, -61.76587063111019, -204.8677750879716, 58.891876293787654, -164.97525345903372, -85.43824816643516, 173.5992305956952, -65.46926111350277, 233.40680530413073, -161.69659833645633, -142.45845081507042, 8.092279844795502, -166.62560321118733, -28.637187045077532, -119.41947775960395, -95.65457580949416, -265.7025481650172, -39.7810471919163, -165.88264846367062, -22.463240363161898, -66.48832314278873, -38.824687719120085, -90.74656768208527, -81.92138577284908, -16.803127798283704, -23.058148186441375, -128.33920058863774, -113.03033068672269, -89.02103700946746, 157.03175623858223, -317.55500660272253, -220.87631135508104, -113.6250244990256, 26.506780811345987, -69.97324029065915, -136.5926436285328, 108.65065387722355, -5.4100241983939785, 117.34396851049299, -157.9193960180377, 66.81441734925801, -109.78268199831433, -101.56881589832031, 531.9514485892304, -126.47004815093892, -32.804035435048355, -78.95406703353873, -211.94098445752024, -132.22297020010245, -211.1201195541052, -249.1124063574663, -346.14141472556486, -287.8493013977871, -143.05604004936305, -88.61283447054987, -78.11117202630741, -174.28425531243715, -260.4488069965732, -173.82441094130715, -108.66725040217821, -232.98168125651821, -166.19013031337468, -35.17127555877566, -214.3586467428681, -186.92589302843336, -37.64824306053733, -172.46075650973583, 242.92571271660228, 107.38391907365413, 224.9281415499775, -133.11347859240936, -154.54140051088513, -121.07407871956184, -126.27532750417312, -188.47618716312653, -123.99845256084357, -125.4188407470917, -262.1810583358069, -58.185784830649446, -164.65532947114022, -110.93470455703718, -177.45619664190488, -141.58110725555753, -71.43353809361477, -262.45043486794225, -84.97734070174869, -95.93216843688455, -131.13081128329017, -184.52854875903674, -219.9075298744409, -67.15038967750355, -306.9905142739773, -189.0167908805285, -106.42827750991586, -74.67672237626968, 111.64281382890461, 194.83097070692529, 65.15855001781715, -33.07312264874709, -188.792236263657, 38.87864469214021, -85.03574065162124, -165.11398179009612, -219.36749774722136, -45.04814187604692, -151.62596064718605, -82.57841009405416, 57.96056060603171, -31.624716269998018, -37.608270600131675, -96.92934942124336, -55.06170074208702, -42.40403285263847, 80.21389791759108, -43.097587838581774, 57.8917118425794, -33.08760982214411, 180.1816360360494, 18.23826131561114, 92.835661099383, 59.97594860038539, -6.6781585816363975, -12.348722652950633, -169.33671238995188, -127.70609807054268, -27.245988525369476, -96.28486366021733, -11.000182422645514, 33.975679685640856, -1.5408095530461763, -10.158184779038024, -106.18648279758781, -201.90705574689346, -309.6391878188897, -328.85792397700607, 64.42742309243779, 184.92588126010432, 138.48269964020727, 226.55521238018335, -41.15619633494916, 80.61901577149615, -127.03124410498945, -137.19460745606034, -108.68187667796427, -156.83002001939937, -71.32607000650299, -140.2218019580643, 43.54216624265896, 238.9505876599884, 111.17087276474076, 94.3514842121172, 57.149361358249806, 74.86320431855508, -47.40958024237083, 476.41708292178447, -115.90690975065209, 52.754735363411044, -68.69287994250047, -92.5119251778916, 210.54711034314727, -120.20550146336676, -27.236643793164234, 118.83040392408134, -103.973456043591, -110.5841085225556, -268.0277553347489, -116.74902098460946, -309.47749211927373, -341.766955248357, -323.6407617928896, -335.49158910601227, -210.619827601564, -143.0251623833657, -173.54937338558756, -170.46490266367917, -291.2960148905004, -269.43820422577045, -4.6622727080013755, -189.06562285701614, -31.09273855723173, -27.821620370777975, 23.134697423330014, -13.072584576112604, -206.00791612816104, -14.244796134918545, -9.56007549711847, 67.17722356112024, -157.9615107128866, -82.49486800723902, -177.47110180098878, -182.4285603414409, 317.5069191202793, -155.48709067823418, -116.06971234507509, -62.65966109849976, -157.38343867240616, -121.35556368238261, -211.63562627760908, -205.12588833056506, -173.51245532587637, -161.40108202064357, -13.58803039730575, -134.34012746996768, -109.80967695046566, -135.12082203129427, -198.09575767699204, -160.0348055199845, -111.8201795029428, -164.54594482868958, -136.91122802254324, -40.2108115197351, -89.48065314188798, -222.85022196903932, -217.85141569769146, -117.06029164641025, -84.67398118403925, -147.0449824000402, -106.2103295368123, -128.51649809789467, 57.01881687237903, -88.79457822015391, -3.0070630628570356, -7.777661784216342, -41.04300680360759, -144.55449549067944, -179.35399261146873, -84.48619820850683, -107.19521805437297, 343.6457014201241, 258.7282450426836, -23.549343319075973, 134.57397380037537, 7.5141470876922, 178.5334677738841, -20.7304564622086, -69.49180386458016, 81.92267797166193, -97.85466089159921, -89.77504250378232, 335.14387719266387, -191.2659115427741, -172.03336326576948, -207.36098151351342, -230.99872288327603, -175.9924305151791, -185.29457696659549, -126.06257037583485, -108.38863710904596, 32.34247742635727, -145.07352235208663, 51.79552102482953, 56.112558475442455, -108.81940571815507, -120.460050022506, -206.88244109706574, -174.16401826443916, 103.56927468374627, -214.70066443661528, 32.671685485297466, -128.79730507717673, -134.80318156104087, -48.04506436194454, -191.5246235301952, -227.6214963084037, -250.54990288652064, -267.0836078159339, -14.809855389891101, 6.820860756467051, 7.939878517804561, -46.45814033239364, 6.685790701433467, 45.95344704059981, 152.58284313515327, -54.01433007968208, 3.828967526751963, -197.5861293911669, -148.10379553335545, -150.93224484448953, -218.52013298194143, -121.84488220115644, 373.3037933047813, -162.59810281278192, -143.38399692806678, 194.65679354811877, 210.4311076700361, 79.61061967548471, -122.17214335984681, -122.96282193090389, -65.86440276503761, -9.02205467038775, -127.22678179510518, -104.42236685731478, 108.99357171104319, -213.31160180765835, -91.79131896859525, 82.82659140745582, -203.4035677795895, 145.62068310388457, 44.855751959852974, -53.39214283434268, -3.020651848335339, -100.8702644859496, 19.373396431552486, -8.135433914831449, -86.92506782853219, -13.525353294304848, -23.61655910314527, -77.74573710072717, -13.907439746158577, -127.93343607635414, -108.92510906359591, -36.432341293492954, -105.27214545184734, -51.239533531087204, -257.35632209319925, 4.3921122273144295, -55.75654585280264, -39.505723784862916, -25.967328951964998, -92.55249835059522, 13.953399909946656, -118.20541154869669, -236.81243508471564, -179.0498570359756, -36.84197823689799, -112.64879833404046, -198.93667266653208, -28.919160998093243, -137.02917420216122, -103.59095441866812, -140.58015824605687, -240.02122267976327, 56.90038523191268, -249.34179670906957, -214.05809659389098, -163.73216391213077, -61.14845614866977, -162.73855011626299, -289.0817056086003, -97.53667264104922, -111.9327311433629, -200.42879594104855, -188.28342414182916, 0.38808745609981843, -130.4608997147143, 13.993066577896823, -78.09260363765925, 0.7708884866675489, -245.45787324241925, 51.103667075723855, -217.47674283985234, -87.6289585451854, -20.632793754411015, -50.959771015670746, 21.031583051913163, 60.35501747418542, 36.83778944240075, -128.79996918905587, -0.3262477841603253, -45.63487495125183, -129.3420910589579, 68.68956645283002, -28.995990197934635, -64.32034772522395, -42.85163771650836, -46.257721926558155, -148.56376792717435, -206.01543920848448, -44.92032188820953, -285.1521230054801, -317.07298774290217, -216.0642720331216, -223.5762629177522, -250.55734777299108, -204.5921940983359, -178.45111390056312, -181.04892146718353, -163.60945361062798, -134.7437971845883, -252.47028952709138, -254.2779125605251, -88.11081527191803, -92.60833850148359, 111.62799024955126, 161.5089056836635, -80.7778730367998, -78.22483268083806, -100.85683962189208, -165.46115284037842, -38.39488042570885, 190.09568988072172, 50.882975817007946, 23.088502650945095, -238.03253142783635, -161.61131356331992, 14.503501711507298, -172.69823406871956, -196.55419268782765, -149.72595575414678, 85.71582036872155, -22.203817600074, 62.21664195724543, 103.89939942937355, 43.2759866940717, 196.3937204678712, -34.57890535268068, 106.73288540128641, 53.78968401685999, -18.182462613060302, -91.94746329071377, -81.00344279991278, 21.248797392342126, 35.75090592562436, -209.39884057427705, -149.4628941260494, -140.71489883253466, -90.42962450747241, -63.36940738701567, -233.0653010142066, -141.92695930067322, -215.35614409138216, -235.48700218251426, -119.96301062194743, -155.63304045915643, 270.377037335982, -27.768060629222177, -108.25580907963487, -204.45007345578804, -114.10743465602526, -64.77298940855485, -68.63341981308115, -143.44221639786085, -175.70909020859145, -110.93909386324998, -155.2939079529457, 2.517107962536659, -229.45337510320346, -113.94509790854254, -133.30462685945082, -214.0379944088159, -49.37167279501135, 4.397333120479479, 17.88234494446675, 1.4117974282000523, -55.70722250381059, 39.480730353026324, 49.46223441939026, -227.86395474615094, -204.84895747198402, -50.887508917816824, 48.93587470672933, -67.53649003050398, -112.1177139385431, -200.5202668314766, 86.11302070806835, -293.73905765332415, -195.2326956020104, 93.43300849569654, -219.74648104029376, -40.9116070894858, 61.966492894172895, -80.70581837657286, -149.57055353781928, -104.62137740704438, 39.34270457582925, -68.34186132366413, 16.609360778545536, 105.28511430300816, -62.86505088084319, -69.22527452154172, 84.13775572118936, -61.30002246806098, -122.01164957488082, -140.06771194855602, -54.04001944290825, -183.04424623162464, -133.34136088813926, -83.51014258906184, -62.87491893940319, -109.1349779560955, -128.26680440461686, -54.94023659113776, -31.59919179835217, -72.3359423990589, -93.05621538977469, 28.746804708128195, -4.477912483048664, -125.65347778347717, 7.575695468955619]",19.70160965331679,0.7121406028839382,0.9902529079708191,9680.77,619.785,9.606,624584.571,37404.889,160.407,12.005,252000,252000,40.86307692307692,15.299999999999999,9.765625145519152e-05,4.999999873689376e-05,4365.2197,-0.0024025266,4365.222,0.12509032,0.0027283065,0.24683893,0.0
653.8540358094795,-1695.1535745858905,-533.4837368349348,100.0,60,15,258000,False,2580,43,212f51d07e9840f9afce8433e261ebfd,2020-07-14_16-31-59,1594744319,47.156275510787964,2011.08664894104,62816,tango5,131.234.250.245,2011.08664894104,0,43,d74d5_00000,0,-346.14141472556486,606.5189249546474,-88.91395613915579,"[-370.0430986220246, -691.2458465273445, -1218.7025457102902, -658.871549992314, -307.1180857654191, -646.94132078211, -385.6964022251142, -1166.914107120146, 518.7994918397272, -635.631907630953, 552.0033055719485, -793.7347537645227, -526.9767755431923, -208.38484752814634, -257.3345642470268, -794.6525136016633, -667.8836504881374, -840.1407677269971, -666.4214129544829, -1164.9550042333883, -904.846167308794, -614.6807208328499, -470.20322928312777, -1448.6875000184264, -941.8126402087607, -1100.54501437878, -156.0602759977108, -589.3178076557294, -652.8681984530173, -720.7208609039891, -609.337997425987, -911.2775870514026, -500.51715995150806, -836.7568370234393, -190.23063815297635, -1348.2781063589196, -674.1289700002136, -840.2748065544079, -902.1941797645316, -209.69641125781882, -108.97084403065132, 8.667952837624988, -608.3329025839931, -718.5296033620207, 644.7463183778879, -777.8674616512426, -1115.9469559058068, -199.3574642602323, 353.4480258500194, 435.16817697361023, -705.2509459236284, -620.8030150509409, -400.07625513399125, -1093.2335078807178, -762.170859122845, -1159.3562395854897, -790.6104687193614, -534.5960027764667, -1508.7507322114088, 69.75604392436627, -610.7450373225995, -655.9723831360483, -379.69311774741715, -697.0759539144364, 40.52549508147592, 103.02492387287738, -916.1545830377811, -1118.0550179820095, -977.2835554687261, -261.08390755131785, -498.55233094017814, -845.3741705025686, -833.8307859976522, -1098.7245847487782, 157.45421201871406, -664.4789536365014, -342.40614642658153, -35.54532149528155, 332.2046258168421, -397.5981653830858, -958.2896446724604, 653.8540358094795, -741.2856202229825, 620.0276765563093, 204.65052317178004, -32.62219555544924, -1695.1535745858905, -1258.393485150468, -242.5801416458099, -403.09194291920255, -376.6092071439597, -1030.4140543094804, -750.9892200460104, -765.8190389848378, -801.3574985628896, -228.1579884891346, 207.78919426938316, 312.3220063068244, -423.14608252477444, -794.3944604235743]","[100, 100, 100, 100, 100, 100, 100, 100, 100, 100, 100, 100, 100, 100, 100, 100, 100, 100, 100, 100, 100, 100, 100, 100, 100, 100, 100, 100, 100, 100, 100, 100, 100, 100, 100, 100, 100, 100, 100, 100, 100, 100, 100, 100, 100, 100, 100, 100, 100, 100, 100, 100, 100, 100, 100, 100, 100, 100, 100, 100, 100, 100, 100, 100, 100, 100, 100, 100, 100, 100, 100, 100, 100, 100, 100, 100, 100, 100, 100, 100, 100, 100, 100, 100, 100, 100, 100, 100, 100, 100, 100, 100, 100, 100, 100, 100, 100, 100, 100, 100]","[-186.4459307212316, 125.12053594424617, 12.945762377265787, -144.4083486886665, -52.83079327700563, -124.42432425663355, -175.86716981374178, -16.267204007350188, -70.57389577384018, -92.25746118546711, -185.6232204367752, -150.65689531017028, -256.65697718366357, -254.91544617388925, -255.2071834925156, -111.69283688916316, -230.74169886363316, -109.48840310742584, -170.55981627735335, -229.12254654497866, -40.373954314604475, -88.29330925620971, -77.50440454393932, -53.01751905522728, -172.03313926207977, -166.75825876565403, -178.2121523641493, -232.78565003130387, -163.84781029687946, 606.5189249546474, -44.56268018768303, -102.30819612661523, -56.94539058174974, -52.11806897524664, -111.35715144548276, -279.6498334653328, -165.72074111711112, -113.82183112663391, -136.99153699023, 94.77646106055857, -120.02991114420345, 56.09115709250598, -210.75873650632798, -162.09147233767985, -135.83189868673742, -198.70713732926137, -241.2913068021431, -218.2335554579961, 173.24836985698687, 70.57539361080025, 114.88342529805595, -8.84013638361572, 116.22633959613266, 52.70609986136608, -126.85642531919133, -55.240010875214324, -142.5968321152441, -37.769838389924054, -165.39657178450483, -107.77222914687405, 108.71862653485135, 72.90926245909709, -7.495751931026341, -8.99575193102634, 175.5853503109994, 211.2815701290537, -245.42331827795127, 218.6215493971119, -258.7931787765276, -221.22189159999272, -165.200557150188, -121.71735735697426, -79.65215406054031, -154.15938157603057, -125.62989837519844, -57.36004213289671, -3.7557132821913477, -106.41958611633449, 35.84240777889638, -107.56636431831518, -108.38602560626265, -32.36707864138886, -142.44580910721703, 146.53802236614138, 28.716697692076938, 5.780506769656574, -36.09141780852091, -129.67129606990926, -19.334059189990704, -106.73499564033918, -73.06493889415128, -76.95524643858423, -204.82242512318282, -132.78283299062625, -138.1762961449959, -168.85077401012379, -126.39901301351178, -112.38303114559459, -52.77433780954099, -38.88079971064927, -142.0450796230764, -195.4013891857638, -5.102663670263686, -107.51492678810966, -170.05332888829832, -226.60314880208043, -240.18023537821327, -90.68646420003124, -161.52148819416584, -64.87959479483641, -58.38863862129564, -94.46580446888181, -119.63500801091843, -167.53087886438533, -142.52447181913155, -242.41754728717518, -180.15671594739064, -183.17091540565855, -242.68733975583794, -173.9980140181944, -176.00295063832874, -109.54250473259985, -192.75137493393913, -48.05783223529631, -195.7176022494057, -182.77390251922475, -67.03109196038507, -106.19390181302347, -136.36397786915916, -78.65686441509578, -113.06015662498807, -113.37472815019811, 110.07905188497111, -108.6376747400277, -156.21025879549458, -160.4312222661717, -9.910166303382475, -145.09295906302393, -279.3397330482546, -239.16484310149883, -179.07424743567285, -238.48262212593644, -321.75526768214144, -190.87078662492323, -45.19268410418708, -178.9258420435208, -174.41538992045068, -222.81524485021498, -98.80789280329277, -221.65558648709361, -207.0871961960746, -30.37738106154749, -196.4185181934935, -183.5150439479255, -204.73778210404586, -278.4090928756929, -22.60189001988486, -37.12820049143696, 181.17305415093767, -132.2676874184856, -30.825599399791013, -114.40995281904928, -108.90173000170778, -99.88424392286657, -201.7189686758142, 105.1658939360683, -72.63069076658124, -211.3480682248278, -55.61968965154223, -16.421307813490582, -90.2911317673014, -187.05240158877936, -101.92377746030802, -201.55989017159567, -93.63543032084998, -39.26568099706117, -145.25446817157925, -171.57938782737702, -108.65367385818719, -162.33221972893634, -182.04507064231603, -98.8715458217829, -44.80675450975667, -172.90213442366434, 0.40939857057692874, -111.12189059904395, -163.47694709979228, -91.14231417888985, -96.00862575235021, -79.09128641393085, -296.24400584999944, -185.31440775644054, -160.10270832175487, 62.378580739906795, -190.81906455816866, -158.36325653333142, 61.905031749689904, -115.51574302785086, -103.13002582414272, -175.08944506901884, -24.610824421008786, -152.5719759028843, -104.52437051755047, -276.8301952888337, -86.06215296771003, -77.8019335163651, 57.77177136897386, 33.65741092908819, -88.35177865899777, -29.44395530796578, -145.31116614649622, -251.11463981200902, -167.2309355629761, -164.763697452381, -314.6816810361896, -305.1759863488649, -71.21330717464998, -78.4687612790047, -111.42009109040215, -211.4608820665941, -23.180000850826534, -178.3859275387362, -67.2632003921421, -249.78940841751424, -57.34942255184889, -185.8090336860861, -117.20868935979615, -162.8550521470202, -113.338575990514, -190.7161096122372, -98.10579215477436, -204.7521337708313, -185.41855628673866, -109.86301194943697, -85.6537374989737, -12.771712891773761, -20.704590388588556, -16.266053935441146, -112.79208573091496, 38.491769187872805, 18.435124867600074, 31.002871041438166, -21.064412014849715, -58.051231863224864, 13.765156032041514, -93.05835209365581, 64.58198275444305, 48.93445886608538, -41.57722008848468, -47.59375241192526, -19.574189181380902, 3.896672898887771, -51.89354267332823, -16.384612668786232, -251.04753097397932, -61.2599106902325, -136.17522274695995, -91.5720828307066, -132.87023874419393, -182.12560269270944, -85.08615877068019, -105.58764623075803, -101.04806486841903, -111.81189205526066, -55.99034007574882, 180.92923855938417, 161.3478144780235, 250.03390549488753, 59.47932646359125, 48.94637345775183, 208.36260612207258, -209.73600295887732, -193.67106314157843, -210.08048132168804, -196.3945557807705, -176.34796457040042, -161.615328769055, -234.41394517353785, -211.47437773158322, -103.27297793611206, -194.9228470306923, -210.24747926482675, -14.57577911272363, -46.86788972516608, 11.864226033499255, -112.48239655704523, 13.928130687719708, -51.22375558651629, 149.7438616132883, 37.718772825970255, 176.46475282433622, -63.34661056330849, -117.05418964496397, 169.9214387946967, -10.04204865705724, 591.8902220213905, -0.9634677613862284, -54.04081316443161, -34.02071220331334, -57.65500326159163, -95.05769601075008, -81.62725533178282, -130.6578233731747, -192.50412679806257, -66.5861736326455, -138.81787077721052, -95.7802992935686, -154.1569646095074, 13.977670108571822, -119.90891397938594, -111.31737426961061, -153.61713300744051, -196.31272975174235, 7.946729733312113, -116.30630930226444, -40.90149163735231, -12.138543747876565, -42.363910428067314, -129.38760623535302, -199.85142533353525, -193.32446791802556, -168.84619561912427, -203.56603046658043, -198.25778230809883, -125.14987336824166, -244.29771454381324, -86.39336628481425, -42.08910728404424, -92.91895970125486, -171.3218379406762, -216.73401706443235, -175.62025979073016, -165.21220501582528, -191.59086105119658, -187.64425836577814, -222.55463829752782, -38.692885867810645, 14.154989347621662, -181.19237194646598, -107.68948519125934, -236.75067281116245, -240.44004225028237, -48.395012957315764, 42.94171138814141, -192.64258794878236, -189.6948732872144, 45.04134823607301, -191.84658820736848, -225.38229199652335, -301.95620154342237, -299.2512659923003, -284.9852761740918, -201.00484828742125, -196.1708482176502, 147.7879664335023, 15.67608294313467, 85.22668719247721, -96.90165698700031, -15.630564949170449, -66.40247070857718, -161.69659833645633, -142.45845081507042, 8.092279844795502, -166.62560321118733, -28.637187045077532, -119.41947775960395, -95.65457580949416, -265.7025481650172, -39.7810471919163, -165.88264846367062, -22.463240363161898, -66.48832314278873, -38.824687719120085, -90.74656768208527, -81.92138577284908, -16.803127798283704, -23.058148186441375, -128.33920058863774, -113.03033068672269, -89.02103700946746, 157.03175623858223, -317.55500660272253, -220.87631135508104, -113.6250244990256, 26.506780811345987, -69.97324029065915, -136.5926436285328, 108.65065387722355, -5.4100241983939785, 117.34396851049299, -157.9193960180377, 66.81441734925801, -109.78268199831433, -101.56881589832031, 531.9514485892304, -126.47004815093892, -32.804035435048355, -78.95406703353873, -211.94098445752024, -132.22297020010245, -211.1201195541052, -249.1124063574663, -346.14141472556486, -287.8493013977871, -143.05604004936305, -88.61283447054987, -78.11117202630741, -174.28425531243715, -260.4488069965732, -173.82441094130715, -108.66725040217821, -232.98168125651821, -166.19013031337468, -35.17127555877566, -214.3586467428681, -186.92589302843336, -37.64824306053733, -172.46075650973583, 242.92571271660228, 107.38391907365413, 224.9281415499775, -133.11347859240936, -154.54140051088513, -121.07407871956184, -126.27532750417312, -188.47618716312653, -123.99845256084357, -125.4188407470917, -262.1810583358069, -58.185784830649446, -164.65532947114022, -110.93470455703718, -177.45619664190488, -141.58110725555753, -71.43353809361477, -262.45043486794225, -84.97734070174869, -95.93216843688455, -131.13081128329017, -184.52854875903674, -219.9075298744409, -67.15038967750355, -306.9905142739773, -189.0167908805285, -106.42827750991586, -74.67672237626968, 111.64281382890461, 194.83097070692529, 65.15855001781715, -33.07312264874709, -188.792236263657, 38.87864469214021, -85.03574065162124, -165.11398179009612, -219.36749774722136, -45.04814187604692, -151.62596064718605, -82.57841009405416, 57.96056060603171, -31.624716269998018, -37.608270600131675, -96.92934942124336, -55.06170074208702, -42.40403285263847, 80.21389791759108, -43.097587838581774, 57.8917118425794, -33.08760982214411, 180.1816360360494, 18.23826131561114, 92.835661099383, 59.97594860038539, -6.6781585816363975, -12.348722652950633, -169.33671238995188, -127.70609807054268, -27.245988525369476, -96.28486366021733, -11.000182422645514, 33.975679685640856, -1.5408095530461763, -10.158184779038024, -106.18648279758781, -201.90705574689346, -309.6391878188897, -328.85792397700607, 64.42742309243779, 184.92588126010432, 138.48269964020727, 226.55521238018335, -41.15619633494916, 80.61901577149615, -127.03124410498945, -137.19460745606034, -108.68187667796427, -156.83002001939937, -71.32607000650299, -140.2218019580643, 43.54216624265896, 238.9505876599884, 111.17087276474076, 94.3514842121172, 57.149361358249806, 74.86320431855508, -47.40958024237083, 476.41708292178447, -115.90690975065209, 52.754735363411044, -68.69287994250047, -92.5119251778916, 210.54711034314727, -120.20550146336676, -27.236643793164234, 118.83040392408134, -103.973456043591, -110.5841085225556, -268.0277553347489, -116.74902098460946, -309.47749211927373, -341.766955248357, -323.6407617928896, -335.49158910601227, -210.619827601564, -143.0251623833657, -173.54937338558756, -170.46490266367917, -291.2960148905004, -269.43820422577045, -4.6622727080013755, -189.06562285701614, -31.09273855723173, -27.821620370777975, 23.134697423330014, -13.072584576112604, -206.00791612816104, -14.244796134918545, -9.56007549711847, 67.17722356112024, -157.9615107128866, -82.49486800723902, -177.47110180098878, -182.4285603414409, 317.5069191202793, -155.48709067823418, -116.06971234507509, -62.65966109849976, -157.38343867240616, -121.35556368238261, -211.63562627760908, -205.12588833056506, -173.51245532587637, -161.40108202064357, -13.58803039730575, -134.34012746996768, -109.80967695046566, -135.12082203129427, -198.09575767699204, -160.0348055199845, -111.8201795029428, -164.54594482868958, -136.91122802254324, -40.2108115197351, -89.48065314188798, -222.85022196903932, -217.85141569769146, -117.06029164641025, -84.67398118403925, -147.0449824000402, -106.2103295368123, -128.51649809789467, 57.01881687237903, -88.79457822015391, -3.0070630628570356, -7.777661784216342, -41.04300680360759, -144.55449549067944, -179.35399261146873, -84.48619820850683, -107.19521805437297, 343.6457014201241, 258.7282450426836, -23.549343319075973, 134.57397380037537, 7.5141470876922, 178.5334677738841, -20.7304564622086, -69.49180386458016, 81.92267797166193, -97.85466089159921, -89.77504250378232, 335.14387719266387, -191.2659115427741, -172.03336326576948, -207.36098151351342, -230.99872288327603, -175.9924305151791, -185.29457696659549, -126.06257037583485, -108.38863710904596, 32.34247742635727]",19.72792132253613,0.7120491188254351,0.9900854737218914,9689.839,619.205,9.529,629652.47,37402.832,160.416,11.949,258000,258000,41.06923076923077,15.299999999999999,4.882812572759576e-05,4.999999873689376e-05,3665.1396,-0.0015311056,3665.1414,0.096596114,0.0024983045,0.24432915,0.0
740.5765299685248,-1530.2164004154504,-555.0422216599205,100.0,60,15,264000,False,2640,44,212f51d07e9840f9afce8433e261ebfd,2020-07-14_16-32-47,1594744367,47.33792781829834,2058.4245767593384,62816,tango5,131.234.250.245,2058.4245767593384,0,44,d74d5_00000,0,-355.9216805392948,591.8902220213905,-92.50703694332012,"[-534.4907158361704, -77.11984598117529, 339.01242562899677, -915.5595518024198, 740.5765299685248, 356.53777856161753, -1299.1817447396725, -1530.2164004154504, -1011.5868099118351, -1341.0419144670914, -309.4325305292328, -865.714901979, -381.10981484275266, -485.90121260320956, -1125.5891139897722, -825.4287861147, -841.199919301919, -1083.4775074854642, -90.03043587988377, -299.4445885336777, 176.77023377220473, -1213.866479397305, -236.92325479413103, -927.9280234420654, -76.57395624364923, -436.12691984933474, -112.78859892784062, 301.64498415156726, 367.0046652874675, -1297.6321594397766, -123.77718335867289, -1066.7514933801917, -687.2752818579996, -283.0219196589798, -882.8538229921276, -736.0068212471261, -1047.484117970163, -516.4645627505973, 207.52529629879484, -228.54557927910193, -676.0976350615921, -209.28455356394667, 6.028336735606087, 590.1169811455604, -1142.182376431246, -817.459085284485, -258.1531264063527, -625.241144260044, -1214.5972850467315, 12.275308035258039, -888.5054074636986, -1180.1624535965682, -94.75647721589458, -833.2366540350763, -505.4833738368388, -739.2540307478433, -545.2417952400597, -172.26560730477172, -714.1268662049416, -880.6190160573942, -904.846167308794, -614.6807208328499, -470.20322928312777, -1448.6875000184264, -941.8126402087607, -1100.54501437878, -156.0602759977108, -589.3178076557294, -652.8681984530173, -720.7208609039891, -609.337997425987, -911.2775870514026, -500.51715995150806, -836.7568370234393, -190.23063815297635, -1348.2781063589196, -674.1289700002136, -840.2748065544079, -902.1941797645316, -209.69641125781882, -108.97084403065132, 8.667952837624988, -608.3329025839931, -718.5296033620207, 644.7463183778879, -777.8674616512426, -1115.9469559058068, -199.3574642602323, 353.4480258500194, 435.16817697361023, -705.2509459236284, -620.8030150509409, -400.07625513399125, -1093.2335078807178, -762.170859122845, -1159.3562395854897, -790.6104687193614, -534.5960027764667, -1508.7507322114088, 69.75604392436627]","[100, 100, 100, 100, 100, 100, 100, 100, 100, 100, 100, 100, 100, 100, 100, 100, 100, 100, 100, 100, 100, 100, 100, 100, 100, 100, 100, 100, 100, 100, 100, 100, 100, 100, 100, 100, 100, 100, 100, 100, 100, 100, 100, 100, 100, 100, 100, 100, 100, 100, 100, 100, 100, 100, 100, 100, 100, 100, 100, 100, 100, 100, 100, 100, 100, 100, 100, 100, 100, 100, 100, 100, 100, 100, 100, 100, 100, 100, 100, 100, 100, 100, 100, 100, 100, 100, 100, 100, 100, 100, 100, 100, 100, 100, 100, 100, 100, 100, 100, 100]","[-140.97466744039505, -28.70881869948252, -79.93671388991923, -78.53389725603853, -93.22833325951056, -113.10828529082453, -60.698015125109094, -33.287534603258834, 7.011020370800402, 7.9336841089427335, 43.084102002807036, -41.16310273535761, 49.85033664502422, 30.076639812438078, 102.70317089330761, 47.10894479321689, 68.17040712317655, 41.102926361833276, -118.63951122547037, -311.5415645951248, -107.80977473692512, -135.98887020592832, -158.61633211322777, -82.96349892574263, 139.76436118246465, 61.397415247271944, 89.3688539806359, 162.62908104293052, 114.44644441270972, 172.97037410251045, 124.19830044931359, 124.77170918184386, 11.273522289454466, -37.83153572597293, 50.34472871372878, 83.78105365325162, -222.03969064357656, -200.290578035686, -174.26384555805072, -204.50011972382075, -227.5995407074617, -270.4879700710759, -309.3224049759743, -220.8014478611527, -246.17432849315935, -266.0462413697891, -248.16823407203668, -239.7037436433388, -58.26853966427107, -142.1769065011374, -120.14688497213928, -112.01205345859732, -223.06074477639595, -355.9216805392948, -193.86118524591208, -286.7087904763106, -117.47992781434954, -209.29175978279451, -271.5633629343547, -262.1368882133701, 11.593180046371735, -113.41336120274622, -116.56149337832701, 34.84080357361187, 23.17828398370758, -149.06994355185162, -61.637643071622264, -134.91868318812473, -142.0284956930545, -221.873419280078, -209.2078911936791, -96.04876955244248, -132.53902905958438, 33.844420420032435, 47.23690279284848, -141.38310178930064, -114.51149080284989, -73.75751640389934, 128.14987844571328, -192.00619657570527, -169.50183738217845, 100.70820498169194, -191.81037822869726, -161.4408838440343, -243.25162214781417, -58.22022039747649, -184.30853345474725, -135.2901347328091, -213.36426594110793, -291.15433731581714, -53.72797466843612, -149.7751954217738, -119.43510050490487, -163.3693872194148, -126.83398135935313, -212.28714694081572, -4.679830211685111, -248.72936058602477, -173.9840101711248, -150.22658652364206, -75.63675197910592, -187.9433798303365, -291.22313338176826, -72.94297842765866, -227.5230066281572, -117.27336767328464, -190.0473529490426, -184.46766842555252, 25.35458489726907, 61.76262643507564, -39.27077059392919, -32.551517248380485, 21.523902076676833, -126.84926144659552, -20.43707537263824, -28.94601114071226, -3.1481376057536186, -22.338160339228487, 24.78951672043877, -249.36472079578357, -70.45677067397517, 283.41155510831396, -37.36713938800383, 101.17012762298172, -86.74033729688412, -13.247201600227873, -167.55902391230526, -259.7922193838255, -256.27538964578963, -218.97619640203771, -158.71341383429623, -152.55023621905025, 32.44398947545923, -61.05527685891023, -127.57320286803156, -158.45791128295238, -93.20334070591642, 170.92248744622026, -212.13534885638506, -228.81772782569834, -74.89544977055365, 15.213218989324732, -146.6379889137791, -280.65472706497536, -107.23864408019124, -134.49866812719546, 233.4485324306608, -141.99729426799988, 152.73818804947405, -79.02607024839752, -129.56549442675365, -166.86545172365996, -72.66682470768777, 10.509550266102506, -99.37362961097477, 21.834930353638896, -170.8036726641131, -106.93639223375554, 165.10474260388904, -60.50847840192402, -22.349466725358088, 82.70466849342077, 43.842895657669956, 120.19712001542506, -33.33917884596474, 42.68379765279915, 94.96487967262036, 33.29546999901709, 328.49576742606064, -117.81880589797031, -69.59632199297351, 332.44818575023123, -41.05101953437242, -65.47314046350877, -229.03455551982677, -292.9421128432977, -238.82779770800855, -154.88847306244574, -175.61916129812198, -206.32005900807704, -4.580486700488599, 326.9631164265219, -20.42235169952511, -171.16245181863113, -76.42583418168763, -178.14917538486225, -108.69367837944853, -134.20500793591555, -214.00394176992864, -215.2904486254375, -107.98450021762463, -286.5739164518368, -150.1489076451325, -121.66039881660036, 148.32061743678003, -184.1093583152834, -106.02837115222056, -273.6488633655445, -162.20457074998058, -91.8908344657634, 45.64841754080062, -27.10659447845914, -71.7832551357873, 24.314917630210203, -134.0399771465837, -249.39160594258803, -117.87578126573278, -109.6707687724689, -201.01517146848232, -70.86051839627213, -108.42887683601181, -131.09876774096637, -117.51445525760246, -94.94293795372728, -213.8243198500563, -70.19746360876259, -241.99817486962175, -208.87841493899316, 26.42141689931001, -233.62077664861127, -187.4148703796762, -201.99329803257146, 104.634569079319, -134.60193447870347, -126.47024403308525, -98.68977301311253, -149.47608084285991, -111.86109946215532, 36.49101006511824, -153.57000265993275, 282.31934765105507, 37.26884285975762, -7.73381259645267, 12.7499109792491, -177.64379795752822, 29.037920234836182, -7.848992951015656, 82.3403353855923, -43.70705877335284, -110.72398521763395, 144.57737721621942, -113.87438173167276, -197.1501794351389, -171.73921179164495, -200.35111902968117, -137.56012028967464, 29.691217373823708, 9.090945690520506, -143.6294553118349, -73.39293520675395, -50.0828332232673, 19.03850711356551, 4.489879151042548, 32.222032619760085, -13.103924891833831, 40.473232318060376, -37.6860830064841, -20.36679945493891, 118.0652362664961, 122.77722095593798, -3.821135172764566, 126.68851103707928, 151.97564495190872, 74.43150310690044, -249.8527296913473, -201.14689992841966, -164.526052991845, -137.5675192622407, -217.78808806909404, -171.3010864882985, -186.0884139637287, -191.57518643638602, -195.65364917874712, -183.2640704989862, -206.23389431775325, 145.35612911111576, -107.2745470322343, 17.041435446364925, 5.7480553467958355, -42.384906132099225, -89.41461053932292, -41.86855349585682, 191.36229545510204, -142.87385569846876, -150.50562446752005, -229.20853390543382, -188.56567617198255, -105.44974947174151, -142.81828939361682, -189.5952522730548, -336.71477798669537, -199.08022025980472, -189.0271720928088, -157.36157304075115, 99.57851555452469, 27.36004875425721, -71.79901292326267, -38.15084479010201, 84.09696758034124, -88.81036614050004, -156.1617492782478, -119.47171269945221, -136.85737475246822, -75.55103023532023, -313.13070633779455, -87.33283416041525, -166.9748453035773, -45.05275289977098, -181.2065187530916, -241.52587528173, -303.21639584295013, -242.18606551544895, -39.22520712191983, -23.853891691884424, -95.43215649654366, 200.72452398058786, -60.27929762263122, -76.69044826350368, -110.91368358041393, -154.65857198512822, -73.65521124294055, -149.23983459768885, -154.45445213309227, -190.31490049581237, -103.07748869178292, -124.45463232925141, -112.42165696520749, -76.4070995653517, 131.16699395147555, -220.28949023672098, -12.412672976019806, -220.63199766635668, -178.51792506872624, -98.49961450679885, -88.16436571472049, -141.02745481522155, -119.93176213006726, -84.77905314667913, -102.45437218848092, -158.52403493728406, -70.93645166541926, -8.61612117212818, -6.437946507940541, -37.40819313530561, 79.06329421088658, -50.15617606278502, -58.03416855640629, -99.29241725322177, 0.7272082146839256, -81.6080646223752, -256.7290091299239, -134.5925970338524, -159.91971162306618, -82.00469201040899, -188.19545549473912, -51.513075964112666, -26.637430498136066, -209.91168591617762, -197.09457799927387, -207.2667901849553, -176.00295063832874, -109.54250473259985, -192.75137493393913, -48.05783223529631, -195.7176022494057, -182.77390251922475, -67.03109196038507, -106.19390181302347, -136.36397786915916, -78.65686441509578, -113.06015662498807, -113.37472815019811, 110.07905188497111, -108.6376747400277, -156.21025879549458, -160.4312222661717, -9.910166303382475, -145.09295906302393, -279.3397330482546, -239.16484310149883, -179.07424743567285, -238.48262212593644, -321.75526768214144, -190.87078662492323, -45.19268410418708, -178.9258420435208, -174.41538992045068, -222.81524485021498, -98.80789280329277, -221.65558648709361, -207.0871961960746, -30.37738106154749, -196.4185181934935, -183.5150439479255, -204.73778210404586, -278.4090928756929, -22.60189001988486, -37.12820049143696, 181.17305415093767, -132.2676874184856, -30.825599399791013, -114.40995281904928, -108.90173000170778, -99.88424392286657, -201.7189686758142, 105.1658939360683, -72.63069076658124, -211.3480682248278, -55.61968965154223, -16.421307813490582, -90.2911317673014, -187.05240158877936, -101.92377746030802, -201.55989017159567, -93.63543032084998, -39.26568099706117, -145.25446817157925, -171.57938782737702, -108.65367385818719, -162.33221972893634, -182.04507064231603, -98.8715458217829, -44.80675450975667, -172.90213442366434, 0.40939857057692874, -111.12189059904395, -163.47694709979228, -91.14231417888985, -96.00862575235021, -79.09128641393085, -296.24400584999944, -185.31440775644054, -160.10270832175487, 62.378580739906795, -190.81906455816866, -158.36325653333142, 61.905031749689904, -115.51574302785086, -103.13002582414272, -175.08944506901884, -24.610824421008786, -152.5719759028843, -104.52437051755047, -276.8301952888337, -86.06215296771003, -77.8019335163651, 57.77177136897386, 33.65741092908819, -88.35177865899777, -29.44395530796578, -145.31116614649622, -251.11463981200902, -167.2309355629761, -164.763697452381, -314.6816810361896, -305.1759863488649, -71.21330717464998, -78.4687612790047, -111.42009109040215, -211.4608820665941, -23.180000850826534, -178.3859275387362, -67.2632003921421, -249.78940841751424, -57.34942255184889, -185.8090336860861, -117.20868935979615, -162.8550521470202, -113.338575990514, -190.7161096122372, -98.10579215477436, -204.7521337708313, -185.41855628673866, -109.86301194943697, -85.6537374989737, -12.771712891773761, -20.704590388588556, -16.266053935441146, -112.79208573091496, 38.491769187872805, 18.435124867600074, 31.002871041438166, -21.064412014849715, -58.051231863224864, 13.765156032041514, -93.05835209365581, 64.58198275444305, 48.93445886608538, -41.57722008848468, -47.59375241192526, -19.574189181380902, 3.896672898887771, -51.89354267332823, -16.384612668786232, -251.04753097397932, -61.2599106902325, -136.17522274695995, -91.5720828307066, -132.87023874419393, -182.12560269270944, -85.08615877068019, -105.58764623075803, -101.04806486841903, -111.81189205526066, -55.99034007574882, 180.92923855938417, 161.3478144780235, 250.03390549488753, 59.47932646359125, 48.94637345775183, 208.36260612207258, -209.73600295887732, -193.67106314157843, -210.08048132168804, -196.3945557807705, -176.34796457040042, -161.615328769055, -234.41394517353785, -211.47437773158322, -103.27297793611206, -194.9228470306923, -210.24747926482675, -14.57577911272363, -46.86788972516608, 11.864226033499255, -112.48239655704523, 13.928130687719708, -51.22375558651629, 149.7438616132883, 37.718772825970255, 176.46475282433622, -63.34661056330849, -117.05418964496397, 169.9214387946967, -10.04204865705724, 591.8902220213905, -0.9634677613862284, -54.04081316443161, -34.02071220331334, -57.65500326159163, -95.05769601075008, -81.62725533178282, -130.6578233731747, -192.50412679806257, -66.5861736326455, -138.81787077721052, -95.7802992935686, -154.1569646095074, 13.977670108571822, -119.90891397938594, -111.31737426961061, -153.61713300744051, -196.31272975174235, 7.946729733312113, -116.30630930226444, -40.90149163735231, -12.138543747876565, -42.363910428067314, -129.38760623535302, -199.85142533353525, -193.32446791802556, -168.84619561912427, -203.56603046658043, -198.25778230809883, -125.14987336824166, -244.29771454381324, -86.39336628481425, -42.08910728404424, -92.91895970125486, -171.3218379406762, -216.73401706443235, -175.62025979073016, -165.21220501582528, -191.59086105119658, -187.64425836577814, -222.55463829752782, -38.692885867810645, 14.154989347621662, -181.19237194646598, -107.68948519125934, -236.75067281116245, -240.44004225028237, -48.395012957315764, 42.94171138814141, -192.64258794878236, -189.6948732872144, 45.04134823607301, -191.84658820736848, -225.38229199652335, -301.95620154342237, -299.2512659923003, -284.9852761740918, -201.00484828742125, -196.1708482176502, 147.7879664335023, 15.67608294313467, 85.22668719247721, -96.90165698700031, -15.630564949170449, -66.40247070857718]",19.755568583678212,0.7121523099473265,0.9899804427972473,9712.344,617.771,9.541,628873.612,37395.775,160.446,11.847,264000,264000,41.02272727272727,15.299999999999997,2.441406286379788e-05,4.999999873689376e-05,3748.6482,-0.0024085774,3748.6504,0.12999249,0.0033694408,0.23062721,0.0
818.6663321942433,-1649.3591844169034,-510.20136015366603,100.0,60,15,270000,False,2700,45,212f51d07e9840f9afce8433e261ebfd,2020-07-14_16-33-34,1594744414,47.011414766311646,2105.43599152565,62816,tango5,131.234.250.245,2105.43599152565,0,45,d74d5_00000,0,-396.0891798471188,668.6366885117709,-85.03356002561105,"[-1110.6418045579312, -169.6469840804592, -381.5880031711901, -591.8376970376398, -764.7763035782204, 87.3608764840718, -645.2804435261938, -786.369714686932, -274.98914376330674, 47.42899577513653, -954.9966243602611, -339.5482401596006, -376.24203014578904, -1392.2563744461409, -849.8636377534748, -480.7220753941857, -1233.4054868835522, -616.167284571139, -982.6869728674898, -487.24303390359944, -46.096259339821316, 313.6362242847204, -787.4114988867327, 310.0201598406314, -1010.3335650716673, -609.872556708899, 657.5106581776283, -581.2199531716076, -779.6559670414108, 818.6663321942433, -887.4360132499922, -181.25261024088312, -506.0075306520521, -1350.7444500301929, -550.9379071904085, 46.83679272289855, -761.0504845962942, -150.38361032537833, 95.93928551660387, -295.6776709915908, 168.15188542270164, 455.72712570770057, -660.7804772585241, -908.1175086982354, -773.1183060357029, -596.8162073569831, -1649.3591844169034, -789.995025187507, -828.9318800642116, -176.89474838457252, -1091.4341278674776, -491.53551415384356, -490.2937678661143, -662.2508375302264, -599.7453003319018, -993.2888889784927, -290.67721654943745, -491.8912850695633, -1098.3759580735957, -782.2449283655254, 176.77023377220473, -1213.866479397305, -236.92325479413103, -927.9280234420654, -76.57395624364923, -436.12691984933474, -112.78859892784062, 301.64498415156726, 367.0046652874675, -1297.6321594397766, -123.77718335867289, -1066.7514933801917, -687.2752818579996, -283.0219196589798, -882.8538229921276, -736.0068212471261, -1047.484117970163, -516.4645627505973, 207.52529629879484, -228.54557927910193, -676.0976350615921, -209.28455356394667, 6.028336735606087, 590.1169811455604, -1142.182376431246, -817.459085284485, -258.1531264063527, -625.241144260044, -1214.5972850467315, 12.275308035258039, -888.5054074636986, -1180.1624535965682, -94.75647721589458, -833.2366540350763, -505.4833738368388, -739.2540307478433, -545.2417952400597, -172.26560730477172, -714.1268662049416, -880.6190160573942]","[100, 100, 100, 100, 100, 100, 100, 100, 100, 100, 100, 100, 100, 100, 100, 100, 100, 100, 100, 100, 100, 100, 100, 100, 100, 100, 100, 100, 100, 100, 100, 100, 100, 100, 100, 100, 100, 100, 100, 100, 100, 100, 100, 100, 100, 100, 100, 100, 100, 100, 100, 100, 100, 100, 100, 100, 100, 100, 100, 100, 100, 100, 100, 100, 100, 100, 100, 100, 100, 100, 100, 100, 100, 100, 100, 100, 100, 100, 100, 100, 100, 100, 100, 100, 100, 100, 100, 100, 100, 100, 100, 100, 100, 100, 100, 100, 100, 100, 100, 100]","[-162.95893390529557, -126.83331967926277, -127.44310317835522, -221.87681052149622, -212.19852967394493, -259.33110759957583, -7.673861066557243, -17.142358922601225, -45.551640632723206, -75.79480233201136, -41.24070526621012, 17.75638413964301, -152.9105794173659, -113.5574197202655, 14.287159942859036, -97.56791169622795, 135.46481425743823, -167.30406653762853, -162.35898691979122, -201.3963562278364, -177.4679469289405, -105.41731446105607, 20.93386855518663, 33.86903894479844, -70.82189962956188, -259.53949912566424, -135.13515838467822, -132.8950537406925, 28.973328839613657, -195.35802153723847, 83.15540397726576, -72.1057658939632, -45.62137019356146, -27.36678777481469, -21.1934803053601, 170.49287667450596, -61.55109388239247, -184.29118803769398, -95.75471854370808, -88.09507683213907, -152.15374425896164, -63.43462197129938, -233.34394204414434, -7.6844171643455645, -167.7141846754172, -210.71725705093485, -1.0295304450245308, -165.88038330706556, -34.300858632847294, -107.47194495986925, -83.3571561134836, -44.010578745834884, 35.82136641354261, -41.66997172481441, 31.92288421509733, -56.32961472287741, -10.203326316987884, 55.4482700838795, 37.79232050799874, -11.20153799197347, -234.4707833906037, -265.55724820858694, -36.778128955674916, -110.36993955942724, -184.79577064685583, -123.0247535991119, -131.3987237908276, 258.60203698609246, -73.57196319298124, -144.1004547086096, -81.5008169735, -167.5783184797743, -149.68059584664917, -60.412487843302046, -56.251098817533716, 22.90372514242983, -141.2677675146803, 8.466194733946272, -168.7612596534052, -146.00152579871522, -177.89487926548057, -293.3202554521872, -396.0891798471188, -210.1892744292325, -144.06147223933485, -139.5757036124596, -108.99977127208216, -116.03309947362416, -199.80467187137424, -141.3889192845995, -44.189029861377726, -117.29261616760739, -92.41535652197024, -118.86369788372343, -81.33261791140296, -26.628757048104127, -144.54179275297574, -169.24229415356575, -222.6265591261448, -280.258159517285, -144.71521232339313, -272.0214690101903, -130.54758884958753, 9.556735880797785, -135.01080592789262, -79.86589652865445, -152.28350135178815, -128.01622779401364, -211.569179878328, -217.620391933514, -72.72943450306954, -214.2728766477317, -192.93724789818793, -73.55784200665889, -61.96034545016884, -133.89382356708, -123.50193082323628, -86.57836001127049, -57.470384887395646, -23.838189164450558, 148.00667866832003, 74.2496782188172, -40.64298161681812, -89.676384323158, -172.88492545419425, 34.851675167212015, 42.301206244994866, 111.4459750025705, -5.326193738054394, 157.00679324250117, -31.997979737668015, 40.20642327037615, -94.26214312615934, -98.76983336637502, -117.21313823283948, -116.99294041198758, -112.2327294321418, -247.9407143172303, 189.32806348718, 62.40463296993941, 192.21602304562566, -28.10737336978976, -44.86555530737766, -60.9556309849465, -150.1009786148425, -150.4503110241548, -104.25395000831995, -270.0407961739265, -244.38738064458633, -91.10014860583681, -189.22701077634198, -133.20698033702095, -124.25114403325458, -14.609110614150891, -17.769099982209745, -130.80921096591948, -117.79397905243164, 120.55134580419585, 245.36573582100755, 125.35616854469025, 253.51612469514032, 30.51526236502389, -87.24692526195001, -285.7120519093169, -17.910974984222037, -191.1433193727524, 34.74761782760862, -33.95429947097408, -153.6295925546556, -135.27654698821604, -63.451861408247254, -107.21392212919919, -114.60374990995611, -205.48029405113653, 154.4465772782088, -2.833298396914846, 22.74769969714482, 0.8620469076522284, 598.1521600806723, 45.29114662748135, -148.87907222130588, -254.90839200070087, -82.93464223625683, -148.13297190406107, -28.145210635543894, -224.43572425212523, -47.89454760838327, -49.3040989782022, -47.5500941872651, -41.79908741320331, -6.308296502896522, 11.60351444906756, -205.99247943229162, -195.16103807890673, 161.73404467379837, 83.96352042977146, -175.40954613510246, -175.14203210932078, -165.42940504432076, 10.905804244023457, -295.1647455918399, -169.61744183534358, -373.73658835719516, -357.7020734455178, -129.79523723210644, -109.06027805251105, -29.257228019665412, -64.79685484021485, -87.65302095415623, -130.37528809175453, -131.6410387954696, -64.93639395650271, 74.67797279697727, 233.59557651483487, -51.4851660767357, -13.374157760206266, -196.32762407137992, -84.17201190096714, -110.34798147490797, -164.20990629509842, -82.95855638459236, -123.03440446934869, -145.2756793409429, -178.48537991889768, -182.32995983731055, -181.91615434515074, -131.01312539484604, 668.6366885117709, -110.68795010129674, -51.44344056445641, 335.2010838977818, -79.78045930298018, 55.35660934466457, -52.706557757109415, -70.16992657337735, -140.0082702934315, -169.46118663540392, -149.63900468949734, 116.48989629318547, 117.11082090693418, -65.73194207348433, 21.117513223547864, 59.38865648729959, -16.768894815995846, 56.51131474893043, 113.63523785240392, 8.994358740726009, 188.98873336386092, 257.1217827564583, 90.73910995575193, -119.96516613307008, 29.848307023973152, -103.12928927340863, -118.16644839612313, -160.28667097520878, -63.91287752063252, -118.89301799001764, -96.39217310313285, -262.7407861549058, -96.2147587388104, 100.51958019310555, -151.29877681227188, -227.92489165994786, -270.45787552540656, -183.02072087852895, -165.41470343354325, -152.37911365021344, 39.54658115364076, -207.00452647263305, -104.84582275442544, -124.7047378010627, -69.98374932292624, -111.00487120966808, -97.96450419528216, -34.13784984507228, -159.02049498297185, -290.9435802053173, -357.6716665153192, -262.84886255540016, -108.27989694713627, -251.91572391879393, -377.6994542749367, -161.77474647477882, -178.50040392384457, -121.17448444529208, -140.08588548002828, -20.889810519950057, -167.56969434361403, -171.96023433773604, 60.267864246731044, -248.2080277979499, -155.1410563644522, -155.23944906855473, -158.6509767422498, -86.93240139537133, 36.25796801275134, -87.9765227033497, -113.82443615634449, 45.117649321321984, 30.46299453642023, -163.6275888209828, -86.02469710699452, -155.8667705752321, -157.07066185703886, -244.78615773852738, -284.05825176870184, -91.12201993728674, -36.16531356790672, -69.01207940614452, -171.18075331247425, -124.39570416130553, 0.3403562312730599, -23.54647377666067, -215.89835336212354, -121.5647535871778, 66.40562731488865, -20.492297198525357, -175.19751725651557, -117.61918309910371, -73.98155541621051, -131.29369933353166, -186.75727441238033, -135.62940828707605, -16.969716981923607, -95.71647042622632, -34.78587523124689, -92.22962033728558, -149.36252276858522, -140.56026707241787, -87.09054449614031, -102.59475645852906, -152.89814574127308, -133.53733316142066, -133.67364133659186, -285.9531348946877, -184.6318773859902, -29.79198387813028, -126.82902570281495, 16.936438032004, 76.03123862510499, -35.162655405186165, -191.86122822041523, -27.733780587106835, -26.749758418476347, -138.19233438626247, -3.394057028505848, -198.04523015140637, -97.77612449780489, -150.20775177830967, -276.72910665447654, -199.2678073394477, -202.2731020440002, -125.13832728189945, -144.7598629754658, 38.42301021160062, -205.0921551368638, -79.14449783127797, -231.44113680707642, -274.59782640360254, -30.392322398304685, -70.45677067397517, 283.41155510831396, -37.36713938800383, 101.17012762298172, -86.74033729688412, -13.247201600227873, -167.55902391230526, -259.7922193838255, -256.27538964578963, -218.97619640203771, -158.71341383429623, -152.55023621905025, 32.44398947545923, -61.05527685891023, -127.57320286803156, -158.45791128295238, -93.20334070591642, 170.92248744622026, -212.13534885638506, -228.81772782569834, -74.89544977055365, 15.213218989324732, -146.6379889137791, -280.65472706497536, -107.23864408019124, -134.49866812719546, 233.4485324306608, -141.99729426799988, 152.73818804947405, -79.02607024839752, -129.56549442675365, -166.86545172365996, -72.66682470768777, 10.509550266102506, -99.37362961097477, 21.834930353638896, -170.8036726641131, -106.93639223375554, 165.10474260388904, -60.50847840192402, -22.349466725358088, 82.70466849342077, 43.842895657669956, 120.19712001542506, -33.33917884596474, 42.68379765279915, 94.96487967262036, 33.29546999901709, 328.49576742606064, -117.81880589797031, -69.59632199297351, 332.44818575023123, -41.05101953437242, -65.47314046350877, -229.03455551982677, -292.9421128432977, -238.82779770800855, -154.88847306244574, -175.61916129812198, -206.32005900807704, -4.580486700488599, 326.9631164265219, -20.42235169952511, -171.16245181863113, -76.42583418168763, -178.14917538486225, -108.69367837944853, -134.20500793591555, -214.00394176992864, -215.2904486254375, -107.98450021762463, -286.5739164518368, -150.1489076451325, -121.66039881660036, 148.32061743678003, -184.1093583152834, -106.02837115222056, -273.6488633655445, -162.20457074998058, -91.8908344657634, 45.64841754080062, -27.10659447845914, -71.7832551357873, 24.314917630210203, -134.0399771465837, -249.39160594258803, -117.87578126573278, -109.6707687724689, -201.01517146848232, -70.86051839627213, -108.42887683601181, -131.09876774096637, -117.51445525760246, -94.94293795372728, -213.8243198500563, -70.19746360876259, -241.99817486962175, -208.87841493899316, 26.42141689931001, -233.62077664861127, -187.4148703796762, -201.99329803257146, 104.634569079319, -134.60193447870347, -126.47024403308525, -98.68977301311253, -149.47608084285991, -111.86109946215532, 36.49101006511824, -153.57000265993275, 282.31934765105507, 37.26884285975762, -7.73381259645267, 12.7499109792491, -177.64379795752822, 29.037920234836182, -7.848992951015656, 82.3403353855923, -43.70705877335284, -110.72398521763395, 144.57737721621942, -113.87438173167276, -197.1501794351389, -171.73921179164495, -200.35111902968117, -137.56012028967464, 29.691217373823708, 9.090945690520506, -143.6294553118349, -73.39293520675395, -50.0828332232673, 19.03850711356551, 4.489879151042548, 32.222032619760085, -13.103924891833831, 40.473232318060376, -37.6860830064841, -20.36679945493891, 118.0652362664961, 122.77722095593798, -3.821135172764566, 126.68851103707928, 151.97564495190872, 74.43150310690044, -249.8527296913473, -201.14689992841966, -164.526052991845, -137.5675192622407, -217.78808806909404, -171.3010864882985, -186.0884139637287, -191.57518643638602, -195.65364917874712, -183.2640704989862, -206.23389431775325, 145.35612911111576, -107.2745470322343, 17.041435446364925, 5.7480553467958355, -42.384906132099225, -89.41461053932292, -41.86855349585682, 191.36229545510204, -142.87385569846876, -150.50562446752005, -229.20853390543382, -188.56567617198255, -105.44974947174151, -142.81828939361682, -189.5952522730548, -336.71477798669537, -199.08022025980472, -189.0271720928088, -157.36157304075115, 99.57851555452469, 27.36004875425721, -71.79901292326267, -38.15084479010201, 84.09696758034124, -88.81036614050004, -156.1617492782478, -119.47171269945221, -136.85737475246822, -75.55103023532023, -313.13070633779455, -87.33283416041525, -166.9748453035773, -45.05275289977098, -181.2065187530916, -241.52587528173, -303.21639584295013, -242.18606551544895, -39.22520712191983, -23.853891691884424, -95.43215649654366, 200.72452398058786, -60.27929762263122, -76.69044826350368, -110.91368358041393, -154.65857198512822, -73.65521124294055, -149.23983459768885, -154.45445213309227, -190.31490049581237, -103.07748869178292, -124.45463232925141, -112.42165696520749, -76.4070995653517, 131.16699395147555, -220.28949023672098, -12.412672976019806, -220.63199766635668, -178.51792506872624, -98.49961450679885, -88.16436571472049, -141.02745481522155, -119.93176213006726, -84.77905314667913, -102.45437218848092, -158.52403493728406, -70.93645166541926, -8.61612117212818, -6.437946507940541, -37.40819313530561, 79.06329421088658, -50.15617606278502, -58.03416855640629, -99.29241725322177, 0.7272082146839256, -81.6080646223752, -256.7290091299239, -134.5925970338524, -159.91971162306618, -82.00469201040899, -188.19545549473912, -51.513075964112666, -26.637430498136066, -209.91168591617762, -197.09457799927387, -207.2667901849553]",19.775476333010403,0.7122640232915944,0.9898779064805222,9704.359,618.279,9.493,632064.156,37383.386,160.499,11.859,270000,270000,41.11230769230769,15.299999999999999,1.220703143189894e-05,4.999999873689376e-05,3761.5276,-0.0019969924,3761.5293,0.12701617,0.0025058663,0.21025078,0.0
1023.0008171821027,-1649.3591844169034,-500.92733453401377,100.0,60,15,276000,False,2760,46,212f51d07e9840f9afce8433e261ebfd,2020-07-14_16-34-21,1594744461,47.10591173171997,2152.54190325737,62816,tango5,131.234.250.245,2152.54190325737,0,46,d74d5_00000,0,-377.6994542749367,668.6366885117709,-83.48788908900231,"[99.38056710474686, -708.4814973601965, -1101.4383869197588, -186.3996346657785, -1070.3183264531524, -971.5867415602044, -208.92225833130283, -826.4980170082171, -340.5072428706568, -1379.6580108214537, 320.59000825368685, -1030.8106995568191, -1640.1711560908375, -139.36950778450478, 686.8555015288822, -376.44161449215454, -827.9709018364395, -896.0314769877838, -16.748235151731944, -25.312001358820538, -850.3004508140502, -949.1390466281333, -642.7865387953669, -1017.7331165771153, -289.07039531102345, -750.8872047945449, -808.377596704778, -210.38779179565998, -468.5624159443425, -531.9183889548884, -707.705362454628, -995.2775399640157, -1253.6967852525968, 30.124778678696792, -316.5525980550647, -620.9411618477511, -569.7312583345863, -128.83852316766647, 47.869837068892245, -743.4007029571575, -29.96661217106277, 1023.0008171821027, -1353.6319147624351, -697.2698601310983, -978.2365326576218, -147.904839442532, -807.4960540677865, -1035.883566657256, -522.8711476398098, 0.7439870391988253, -535.7913465869422, -301.9299277982333, -475.60128982395406, -1051.4894892934608, -826.5314053002948, 288.60155790021344, -1385.2986682320416, -109.0672858626882, -65.9222376184496, 344.3070333096726, -46.096259339821316, 313.6362242847204, -787.4114988867327, 310.0201598406314, -1010.3335650716673, -609.872556708899, 657.5106581776283, -581.2199531716076, -779.6559670414108, 818.6663321942433, -887.4360132499922, -181.25261024088312, -506.0075306520521, -1350.7444500301929, -550.9379071904085, 46.83679272289855, -761.0504845962942, -150.38361032537833, 95.93928551660387, -295.6776709915908, 168.15188542270164, 455.72712570770057, -660.7804772585241, -908.1175086982354, -773.1183060357029, -596.8162073569831, -1649.3591844169034, -789.995025187507, -828.9318800642116, -176.89474838457252, -1091.4341278674776, -491.53551415384356, -490.2937678661143, -662.2508375302264, -599.7453003319018, -993.2888889784927, -290.67721654943745, -491.8912850695633, -1098.3759580735957, -782.2449283655254]","[100, 100, 100, 100, 100, 100, 100, 100, 100, 100, 100, 100, 100, 100, 100, 100, 100, 100, 100, 100, 100, 100, 100, 100, 100, 100, 100, 100, 100, 100, 100, 100, 100, 100, 100, 100, 100, 100, 100, 100, 100, 100, 100, 100, 100, 100, 100, 100, 100, 100, 100, 100, 100, 100, 100, 100, 100, 100, 100, 100, 100, 100, 100, 100, 100, 100, 100, 100, 100, 100, 100, 100, 100, 100, 100, 100, 100, 100, 100, 100, 100, 100, 100, 100, 100, 100, 100, 100, 100, 100, 100, 100, 100, 100, 100, 100, 100, 100, 100, 100]","[-31.93789609055216, -46.39047481590679, 124.02566723488403, -5.280358305134428, -23.23472006488332, 82.1983491463393, -131.3072912917956, -150.41120152779854, -83.0726282421279, -110.91167182162373, -70.97488352348259, -161.8038209533668, -235.99529756641735, -192.7766366331464, -126.11711317600657, -232.79295237550784, -82.47609892554382, -231.28028824313566, 92.28539119195725, -12.526277122762464, -26.339178270351965, -89.04223222446106, -40.726415019177246, -110.05092322098342, -180.59372239489576, -119.63829080141461, -63.870151534725245, -336.6966989039729, -156.48509665088525, -213.03436616725966, -117.03729947064679, -174.93236784198834, -172.5848814422908, -200.240680265072, -167.1071549447012, -139.68435759550323, 25.30250357348123, -101.3055075305711, -101.19842589095178, 31.928958672896822, -157.23537209094323, 93.58558493478505, -116.80972719748091, -60.3202844560503, -151.1969370459875, -167.89961989224437, -188.44579868433496, -141.82564973211873, 9.559366588222671, -58.93352040074173, -102.64962280810406, -145.5906299079586, -29.771269177951627, -13.121567164123727, -267.8730087255454, -227.64742122262635, -177.56072472875837, -159.18937455548976, -216.10657083008286, -331.28091075894923, 21.984397772730063, 61.481588144955666, 176.93551372618074, 115.921145863217, -25.543033656244074, -30.189603597152885, -147.95654343339527, -26.7457195488267, -230.16298055060665, -225.9904119250111, -154.8379682740621, -245.11707582491792, -301.2928050582072, -222.87960568597057, -296.90351256143686, -246.87840296403195, -317.43182400888986, -254.78500581230176, -78.29472610124493, -27.097112373584253, -93.91704191729802, 29.981105589664846, 66.71397128957803, -36.75570427162088, 181.6104887748773, 61.08112722004126, 26.65989015614048, 190.453712178347, 56.395575702452945, 170.65470749702368, -181.60857992895322, -174.8326004192702, 189.4719837409536, 195.39860580419833, -196.43191319323466, -208.43911049584727, -64.69401134094196, -124.62495437820725, -10.161013123217032, -219.6124047405001, -282.23596602480194, -126.6425522287707, -201.0390902902938, -111.7750318191138, -72.2743010400198, -194.7083891479575, -172.90940943834386, -143.32525525205412, -90.68711052899202, -38.53754643879693, -0.6622422173012354, 92.63140642117797, 40.64369531605485, -20.136437703874588, 57.35713630305493, -24.139377499904406, -37.78633640505371, -89.70015120489617, -23.711412202355895, 92.6681396503349, -217.3777621707834, -143.64057775049687, -173.6902873762373, -97.82767955372432, -14.222542629551864, -203.54160133325547, -169.83106452370777, -63.16808865890335, -49.68443027433509, -260.9041554172901, -123.65183339102283, -281.8994743628745, -12.905009867724438, -120.29117433271996, 34.92514789579639, -206.29766121829238, -117.27999409645521, -220.93784717597265, -200.0810975239385, -78.8499889715354, -235.00162538100219, -159.0986302300685, -259.25668308414583, -85.44509138642398, 56.14268703097941, -84.39825342322266, -63.15948935113737, -184.50584805356334, -77.0264672476932, 63.87697573361306, -92.12452001305233, -70.29929465910892, -83.15316789243043, -236.0322054764149, -84.25126469938081, -185.026752054157, -157.09231350827253, -138.72840218294914, -217.47840307001474, -18.731389919847608, -168.75010505510565, -107.59698296858896, 94.72490393014098, -250.1154001145612, -91.44919007843255, -80.86625479797426, 173.4468838733076, -56.128734608140235, 76.35232490195465, -78.21756962151892, -34.36919277047669, -137.94144334135515, -153.3143975930311, -141.07213751991551, -76.66201015975138, -115.5309406344171, -91.33518761983767, -127.90544668300834, -64.66748907025645, -55.817314787617235, -160.15499611541753, -111.69291980348781, -92.14337553942066, 43.06762116003939, -196.563119155932, -190.21857300040972, -156.90133842172665, -164.7772617067767, -102.74482953119731, -192.25824742922845, -217.35838558370918, -161.2374772913777, -200.49884675865755, -145.9266104332113, -196.099561991129, -248.79066127604045, -257.8998476942003, -204.4812570993597, -61.20534846990551, 21.99382223117546, 15.967977276148147, 70.94230964610648, 0.46440227397804446, -18.03838427880584, -30.551960650382068, -10.508956784279345, -114.52066549878398, -60.015438032777794, 80.24056986473722, -181.1961469535785, -62.200676217298884, -187.42576836490625, -68.1099584674634, -113.0477708179938, -94.79853099010738, -95.3584569899814, -136.8961553261638, -28.387680010572293, -72.45490856989714, -91.2042868479595, -121.43605318033272, -119.35217439966128, 170.04840887652205, 72.76113621832211, 58.616487195318264, -193.22040328468466, -157.69223213908964, -79.35192003405398, -85.63001537883255, 2.4283011232123677, 8.691795640086163, -30.58950077317066, 159.2374096791848, -6.268153221587756, -180.46995753857706, -227.96101824613436, -193.7527777946072, -55.76882553242965, -122.41819557101988, 36.970071725610055, 98.56495960311031, -157.50725710515087, -71.27765502135625, 70.95916591595912, 58.85464683195576, -29.56047239558093, 154.42938223168085, 21.29276513070051, 134.79845550958822, 278.6793131232448, 345.7003837736632, 88.10051741322505, -308.69056957886954, -220.40870742022673, -235.66377005392687, -131.42116136060747, -294.32164556342906, -163.1260607853755, -151.85667340172859, -66.90203348688512, -81.97645546847195, -91.64338836058619, -143.90591661285453, -160.98539280057196, -243.58964800743044, -175.62693104675358, -195.65887422258461, -240.39046175378246, 108.10366453137694, -231.07428215844712, 110.68031798668295, -77.53724949273376, -83.30951907296694, -153.04291697599348, 119.9705140324206, -64.66598591994162, -92.59683522712851, -150.62897697359503, -147.63959999936432, -115.07634387699565, -150.07272016983723, -151.4815778208661, -105.05626796573596, -234.13183380648255, -183.73443725116218, -122.25108983220349, -210.75010504375246, -179.95983275791951, -110.2015349773896, -110.49855603073718, -25.294712622282407, -79.5488234942944, -16.811137380147485, -180.51638313495852, -70.0916331935767, 58.5962037188577, 20.04392981725511, 10.444438703950052, -82.33358710012348, 64.08463509283598, -71.52757168393276, -53.594867854155126, -141.71146547435922, -192.70631852149126, 25.867096758216753, -102.11821981122048, -185.14369453801766, -144.57298347108707, -211.3801926661946, -111.64216154089064, -213.53521973804408, 564.3443241560008, 102.02660664573591, 99.47873208866395, -138.70885238149953, -208.8891214122234, -134.85309783352346, -194.65555693110778, -253.70094258627057, -195.09059408949642, -143.0904567227461, -214.8020455085144, -85.4899421557643, -159.3155082306696, -137.82189444297325, -239.45698981056088, -181.2758259028021, -0.8675378399434979, -197.56818071100008, -69.54097659301486, 147.63838856049904, 229.34178510312117, 86.69594545716232, -85.83537987397256, -51.53286219573464, -37.706319150861496, -253.5576009239373, -170.88756169060014, -333.47201841623473, -218.37935713864076, -213.91759949158038, -195.0845305710493, -171.16244921732007, -81.8705957123685, 233.88076303655572, -15.763170753255224, -72.2751087922508, -1.8767244240495766, -107.7620422188473, 90.6227296658559, -170.72392814819966, 48.81009909807661, 141.0028091730073, -67.871905188343, 42.22625222076469, 42.37303842617505, 106.9535103145668, -15.481078707224775, 50.20829739631324, 118.02701365907745, 148.00667866832003, 74.2496782188172, -40.64298161681812, -89.676384323158, -172.88492545419425, 34.851675167212015, 42.301206244994866, 111.4459750025705, -5.326193738054394, 157.00679324250117, -31.997979737668015, 40.20642327037615, -94.26214312615934, -98.76983336637502, -117.21313823283948, -116.99294041198758, -112.2327294321418, -247.9407143172303, 189.32806348718, 62.40463296993941, 192.21602304562566, -28.10737336978976, -44.86555530737766, -60.9556309849465, -150.1009786148425, -150.4503110241548, -104.25395000831995, -270.0407961739265, -244.38738064458633, -91.10014860583681, -189.22701077634198, -133.20698033702095, -124.25114403325458, -14.609110614150891, -17.769099982209745, -130.80921096591948, -117.79397905243164, 120.55134580419585, 245.36573582100755, 125.35616854469025, 253.51612469514032, 30.51526236502389, -87.24692526195001, -285.7120519093169, -17.910974984222037, -191.1433193727524, 34.74761782760862, -33.95429947097408, -153.6295925546556, -135.27654698821604, -63.451861408247254, -107.21392212919919, -114.60374990995611, -205.48029405113653, 154.4465772782088, -2.833298396914846, 22.74769969714482, 0.8620469076522284, 598.1521600806723, 45.29114662748135, -148.87907222130588, -254.90839200070087, -82.93464223625683, -148.13297190406107, -28.145210635543894, -224.43572425212523, -47.89454760838327, -49.3040989782022, -47.5500941872651, -41.79908741320331, -6.308296502896522, 11.60351444906756, -205.99247943229162, -195.16103807890673, 161.73404467379837, 83.96352042977146, -175.40954613510246, -175.14203210932078, -165.42940504432076, 10.905804244023457, -295.1647455918399, -169.61744183534358, -373.73658835719516, -357.7020734455178, -129.79523723210644, -109.06027805251105, -29.257228019665412, -64.79685484021485, -87.65302095415623, -130.37528809175453, -131.6410387954696, -64.93639395650271, 74.67797279697727, 233.59557651483487, -51.4851660767357, -13.374157760206266, -196.32762407137992, -84.17201190096714, -110.34798147490797, -164.20990629509842, -82.95855638459236, -123.03440446934869, -145.2756793409429, -178.48537991889768, -182.32995983731055, -181.91615434515074, -131.01312539484604, 668.6366885117709, -110.68795010129674, -51.44344056445641, 335.2010838977818, -79.78045930298018, 55.35660934466457, -52.706557757109415, -70.16992657337735, -140.0082702934315, -169.46118663540392, -149.63900468949734, 116.48989629318547, 117.11082090693418, -65.73194207348433, 21.117513223547864, 59.38865648729959, -16.768894815995846, 56.51131474893043, 113.63523785240392, 8.994358740726009, 188.98873336386092, 257.1217827564583, 90.73910995575193, -119.96516613307008, 29.848307023973152, -103.12928927340863, -118.16644839612313, -160.28667097520878, -63.91287752063252, -118.89301799001764, -96.39217310313285, -262.7407861549058, -96.2147587388104, 100.51958019310555, -151.29877681227188, -227.92489165994786, -270.45787552540656, -183.02072087852895, -165.41470343354325, -152.37911365021344, 39.54658115364076, -207.00452647263305, -104.84582275442544, -124.7047378010627, -69.98374932292624, -111.00487120966808, -97.96450419528216, -34.13784984507228, -159.02049498297185, -290.9435802053173, -357.6716665153192, -262.84886255540016, -108.27989694713627, -251.91572391879393, -377.6994542749367, -161.77474647477882, -178.50040392384457, -121.17448444529208, -140.08588548002828, -20.889810519950057, -167.56969434361403, -171.96023433773604, 60.267864246731044, -248.2080277979499, -155.1410563644522, -155.23944906855473, -158.6509767422498, -86.93240139537133, 36.25796801275134, -87.9765227033497, -113.82443615634449, 45.117649321321984, 30.46299453642023, -163.6275888209828, -86.02469710699452, -155.8667705752321, -157.07066185703886, -244.78615773852738, -284.05825176870184, -91.12201993728674, -36.16531356790672, -69.01207940614452, -171.18075331247425, -124.39570416130553, 0.3403562312730599, -23.54647377666067, -215.89835336212354, -121.5647535871778, 66.40562731488865, -20.492297198525357, -175.19751725651557, -117.61918309910371, -73.98155541621051, -131.29369933353166, -186.75727441238033, -135.62940828707605, -16.969716981923607, -95.71647042622632, -34.78587523124689, -92.22962033728558, -149.36252276858522, -140.56026707241787, -87.09054449614031, -102.59475645852906, -152.89814574127308, -133.53733316142066, -133.67364133659186, -285.9531348946877, -184.6318773859902, -29.79198387813028, -126.82902570281495, 16.936438032004, 76.03123862510499, -35.162655405186165, -191.86122822041523, -27.733780587106835, -26.749758418476347, -138.19233438626247, -3.394057028505848, -198.04523015140637, -97.77612449780489, -150.20775177830967, -276.72910665447654, -199.2678073394477, -202.2731020440002, -125.13832728189945, -144.7598629754658, 38.42301021160062, -205.0921551368638, -79.14449783127797, -231.44113680707642, -274.59782640360254, -30.392322398304685]",19.792580372990482,0.7124121892550913,0.9897594796596126,9696.942,618.752,9.823,610841.728,37385.735,160.489,11.674,276000,276000,41.07538461538462,15.299999999999999,6.10351571594947e-06,4.999999873689376e-05,4251.2354,-0.001858831,4251.2373,0.09142858,0.0025782522,0.21353947,0.0
1023.0008171821027,-1477.2779653975556,-547.5543437085557,100.0,60,15,282000,False,2820,47,212f51d07e9840f9afce8433e261ebfd,2020-07-14_16-35-08,1594744508,47.2806441783905,2199.8225474357605,62816,tango5,131.234.250.245,2199.8225474357605,0,47,d74d5_00000,0,-372.8026174139806,564.3443241560008,-91.2590572847593,"[-1095.9464802186403, -1212.9446112421033, -1274.109238498618, -1208.8692159076024, -1032.4540596896154, -937.7078653421224, -47.39570086748408, 599.1628261503008, -299.96200047027094, -175.19754160079628, -716.7502411217902, -706.3177045623607, -1011.8287636015497, -950.2271753515431, -909.9568941722004, -600.3236179755464, -549.9248722780379, -341.8069120337718, -360.700157316826, -499.9039507119508, -521.0864901051607, -340.98163135744636, -322.4720299730148, -350.14825705427546, -40.29983804922415, 151.29939655908356, -898.3869297980183, 488.74229304714515, -240.5930998345112, -527.9283865357994, -747.9998074251597, -613.1866666562942, 138.05357229340177, -944.0547128045375, -873.2138259383036, -453.5533976172957, -1263.1930475944448, -989.026600159493, -423.08492597804445, -1152.4420188043705, 601.2146015520374, -703.8339993219565, -948.9019331836166, -105.92221846466305, -695.2445653129774, 37.32879541996533, 118.62580064950394, -1477.2779653975556, -315.7201249228182, -1256.4873887546241, -471.229842768364, -1333.5569189992846, -84.67800346526982, -468.829657117701, -1210.5802791780952, 79.4723522782235, -935.8852637730038, -247.2139422443805, -950.2567742635732, -684.1854177688632, -850.3004508140502, -949.1390466281333, -642.7865387953669, -1017.7331165771153, -289.07039531102345, -750.8872047945449, -808.377596704778, -210.38779179565998, -468.5624159443425, -531.9183889548884, -707.705362454628, -995.2775399640157, -1253.6967852525968, 30.124778678696792, -316.5525980550647, -620.9411618477511, -569.7312583345863, -128.83852316766647, 47.869837068892245, -743.4007029571575, -29.96661217106277, 1023.0008171821027, -1353.6319147624351, -697.2698601310983, -978.2365326576218, -147.904839442532, -807.4960540677865, -1035.883566657256, -522.8711476398098, 0.7439870391988253, -535.7913465869422, -301.9299277982333, -475.60128982395406, -1051.4894892934608, -826.5314053002948, 288.60155790021344, -1385.2986682320416, -109.0672858626882, -65.9222376184496, 344.3070333096726]","[100, 100, 100, 100, 100, 100, 100, 100, 100, 100, 100, 100, 100, 100, 100, 100, 100, 100, 100, 100, 100, 100, 100, 100, 100, 100, 100, 100, 100, 100, 100, 100, 100, 100, 100, 100, 100, 100, 100, 100, 100, 100, 100, 100, 100, 100, 100, 100, 100, 100, 100, 100, 100, 100, 100, 100, 100, 100, 100, 100, 100, 100, 100, 100, 100, 100, 100, 100, 100, 100, 100, 100, 100, 100, 100, 100, 100, 100, 100, 100, 100, 100, 100, 100, 100, 100, 100, 100, 100, 100, 100, 100, 100, 100, 100, 100, 100, 100, 100, 100]","[-244.6919051255646, -205.3671852138831, -95.83840277077854, -158.7223497423673, -166.03570248455551, -225.29093488149144, -263.84868699782106, -5.792122260781085, -263.0237861513394, -260.30281246657916, -178.44935823687328, -241.52784512870747, -161.0222904705138, -298.1501869445439, -123.67193661930118, -168.75461791426392, -244.88549624418874, -277.62471030580843, -141.0017913427972, -248.53017372306385, -169.1723920321386, -237.88087568882833, -271.430988846442, -140.8529942743346, -221.28667282279596, -149.3758040801218, -166.98143265913487, -199.65271111716206, -236.0484774401469, -59.108961570253264, -238.46934539050076, -202.3188541294124, -176.40500809281644, -111.44482412994644, -33.206987834471306, -175.86284576497513, 46.7194173512238, 97.6996072356627, -86.90428276165522, -50.04628964820311, 35.1930803460455, -90.05723339055747, 116.80711826546118, 97.12682746714687, 22.20970146848834, 85.10243449811227, 181.71962972032767, 96.1971147307637, 163.6376570758827, 105.15304922577175, -159.33645188039813, -232.173047291348, -147.2649541946775, -29.97825340550195, 23.160928159704323, 20.084663550259112, -79.55931852603554, -79.32430959666091, -62.34674444395329, 2.787239255889972, -147.46081951107746, -158.9465498015927, -31.412858162081754, -108.8278883777099, -107.78891503089697, -162.3132102384309, -19.239021019331194, -186.9253289882611, -157.94910888199342, -191.68187457312237, -88.86621575102497, -61.65615534862751, -199.24125669527874, -140.69899370734035, -136.9245992681652, -186.34233106364957, -226.6347943952398, -121.98678847187578, -223.82923679822045, -143.4980739130444, -283.1849148333668, -75.47153740500131, -138.69227764823282, -85.55113475367874, -49.6211507438832, -86.39193862659664, -188.92026384777552, -167.96966980200094, -199.52002995421324, -217.5338411977313, -113.49039034906315, -178.70201095256402, 70.84388908171324, -98.92364608320582, -169.37519761455079, -110.67626205787624, -24.553903370405727, -132.0507043584505, -92.63792801294568, -171.37670757970224, -85.02509989613792, -44.28052906039542, -38.77587935458079, -105.4477291164886, -98.233076492609, -78.38973317235622, 25.422905333611368, -46.38339923134919, -45.37605686316075, -58.00804451757285, -70.7142323099695, -42.56042185841246, -49.83473655723562, -94.20666521047495, -247.91919801664486, -66.68354624175464, -169.4434570396432, 4.01131968018611, 42.573620881509314, -62.442689975602676, -101.55111926821542, -57.43420336789458, -109.13082327625051, -34.54800602956087, -49.778424403162056, -168.643913760077, -93.93049171519917, -189.6085641525943, -243.2170329508873, -76.8610544673035, 393.1618882073844, -130.52637627884613, -187.45363993193837, -84.62227282629293, 15.97502608291762, -35.014417740437025, -62.61686072748156, 31.26013517021727, -113.1228996316636, -42.12466939889142, -20.72335991000889, -66.5935293093427, -15.612334651973908, -91.97146415239533, 36.97361622897935, -10.884263033557888, -33.65579605193782, 36.01994220399631, -69.0606777287169, 0.30734033201315825, 4.219467556017183, -46.01389166847503, 258.73022573490067, -3.703224277133331, -14.712353685550907, -47.22082710067569, -108.06366932952392, -175.89554980792565, -53.91737019603639, -167.48041805579518, -149.95728953647188, -243.07263287226377, 244.41703170284254, 71.96636049996617, 53.34036818974209, -11.269765796119446, 29.903201185989012, 100.38509726472564, -81.28922081833835, 185.68740808369634, -55.46612458947115, -83.42008919637287, -124.82142395264151, -81.28364936138375, 74.31835475621625, -140.2564813478599, -143.1495149071039, -104.43091292248593, -49.89364551580121, -164.51618659876434, -134.63341461752947, -69.97827807326748, -192.58297074398777, -75.72017699319258, -182.1041714922469, -92.9807955049351, 455.95921826508265, -180.95316043642416, -263.14614231147914, -129.78518053473445, -214.61317461447038, -280.6482270242688, 52.54198723636287, -99.31095666338028, 29.605741397962834, 33.42623922803192, 73.14149617189096, 48.649064922533036, -166.55603338916546, -195.58883574181456, -170.64115158339573, -105.7522081213849, -137.77323686944257, -167.74324709933472, -159.81743696009542, -106.07472865332603, -73.57872294499084, -231.41895553905454, -201.0860225891893, -101.23795925164787, -71.03925303711362, -164.04546903854504, -132.20255890230837, 90.65445777303938, -94.93337136275889, -81.9872030496081, -218.68484705274096, -281.1082682208509, -143.6963459019055, -252.93187286118567, -105.05023866552425, -261.7214748922389, -179.14586402869625, -187.45526686263526, -128.1537832321992, -208.57047399061258, -80.5700613334131, -205.1311507119369, -133.0349610263957, -140.73697122409936, 82.85193040057, -154.44298494617055, 77.8965541145564, -155.6184932965048, -161.17829624994764, -212.76951123370876, -234.01605787180475, -141.39907530164973, -217.66211264178008, -185.41696550547917, -100.16576361371222, 69.48939038279165, 309.7473537504761, 52.22968219775381, -11.063073214099695, 280.97701204882765, -177.18503722658625, -68.99890772853398, -120.87968990185983, -50.11894270836618, -101.2468480293752, -185.40457372723418, 270.2275260574668, -335.08775039790925, -190.0372788226276, -199.5406984650939, -229.32081014803143, -265.1429214074206, -15.501229118705549, 5.402009190188469, -51.60837441150106, 18.06556788692809, 42.85194786335938, -105.13213987493222, -238.4932481260047, -18.4603196082624, 50.13454448161834, -183.74545093448953, -182.60906028972616, -122.07103083611331, 122.86379384878403, -41.15409070366924, -101.58680416110889, -110.32245178085678, 14.664946918015843, 152.86340129880114, 238.1514835137598, -113.36358972153192, -45.50293110521178, 269.3472233113594, -139.89081666180113, -90.11556868707012, -211.4430248687401, -223.99176788574988, -355.79521626811385, -156.14279021838144, -237.39406255642365, -292.5111036001455, 70.42209577991335, -74.32617939156012, -32.58813885005739, -105.76985021753026, -158.05822060405868, -15.399831639525004, -234.85821562703822, -223.58298206483835, -258.46002333622704, -201.89456473065977, -225.30748635249745, -112.38411664336233, -29.03048089069182, -128.73388009842566, -130.65800776246223, 7.66242626159792, -23.86007498746619, -166.60982529091578, -372.8026174139806, -64.37032718148083, -199.74223866876542, -303.2218615980533, -204.76003197121662, -188.65984216579193, 190.52458637044282, -166.73862310906523, -130.63718760925235, -159.05146253113358, -188.55746010906023, 369.7821435227978, -89.23677584914493, -100.45861382662352, -137.3626269137182, 20.97302871662805, 14.27401492679278, -177.01868417163493, -260.06642722712, -179.20688442008654, -218.30391986276388, -164.15732002902055, -230.61011136418082, -158.2356162749227, 0.6878891832182279, 34.5293155278743, 70.17806946065515, -110.88057371655239, 78.283209790711, 6.674442032318318, -139.165430783535, -145.1417442785506, -135.2902249801563, -68.54823051374281, -247.9442617972917, -199.7953714197286, -200.92323839016305, -89.48007515205164, -65.43714335687464, 235.35064650674184, -39.59345836725082, -87.130673484782, -214.24687749755498, 5.044462977870449, -169.8816578996482, -189.9081511133268, -147.3648049715082, -233.89974575940394, -68.90075066993583, -36.39133953858461, -186.75263607333176, -158.95652726591305, -32.75486757224311, -200.42929664885403, -217.3777621707834, -143.64057775049687, -173.6902873762373, -97.82767955372432, -14.222542629551864, -203.54160133325547, -169.83106452370777, -63.16808865890335, -49.68443027433509, -260.9041554172901, -123.65183339102283, -281.8994743628745, -12.905009867724438, -120.29117433271996, 34.92514789579639, -206.29766121829238, -117.27999409645521, -220.93784717597265, -200.0810975239385, -78.8499889715354, -235.00162538100219, -159.0986302300685, -259.25668308414583, -85.44509138642398, 56.14268703097941, -84.39825342322266, -63.15948935113737, -184.50584805356334, -77.0264672476932, 63.87697573361306, -92.12452001305233, -70.29929465910892, -83.15316789243043, -236.0322054764149, -84.25126469938081, -185.026752054157, -157.09231350827253, -138.72840218294914, -217.47840307001474, -18.731389919847608, -168.75010505510565, -107.59698296858896, 94.72490393014098, -250.1154001145612, -91.44919007843255, -80.86625479797426, 173.4468838733076, -56.128734608140235, 76.35232490195465, -78.21756962151892, -34.36919277047669, -137.94144334135515, -153.3143975930311, -141.07213751991551, -76.66201015975138, -115.5309406344171, -91.33518761983767, -127.90544668300834, -64.66748907025645, -55.817314787617235, -160.15499611541753, -111.69291980348781, -92.14337553942066, 43.06762116003939, -196.563119155932, -190.21857300040972, -156.90133842172665, -164.7772617067767, -102.74482953119731, -192.25824742922845, -217.35838558370918, -161.2374772913777, -200.49884675865755, -145.9266104332113, -196.099561991129, -248.79066127604045, -257.8998476942003, -204.4812570993597, -61.20534846990551, 21.99382223117546, 15.967977276148147, 70.94230964610648, 0.46440227397804446, -18.03838427880584, -30.551960650382068, -10.508956784279345, -114.52066549878398, -60.015438032777794, 80.24056986473722, -181.1961469535785, -62.200676217298884, -187.42576836490625, -68.1099584674634, -113.0477708179938, -94.79853099010738, -95.3584569899814, -136.8961553261638, -28.387680010572293, -72.45490856989714, -91.2042868479595, -121.43605318033272, -119.35217439966128, 170.04840887652205, 72.76113621832211, 58.616487195318264, -193.22040328468466, -157.69223213908964, -79.35192003405398, -85.63001537883255, 2.4283011232123677, 8.691795640086163, -30.58950077317066, 159.2374096791848, -6.268153221587756, -180.46995753857706, -227.96101824613436, -193.7527777946072, -55.76882553242965, -122.41819557101988, 36.970071725610055, 98.56495960311031, -157.50725710515087, -71.27765502135625, 70.95916591595912, 58.85464683195576, -29.56047239558093, 154.42938223168085, 21.29276513070051, 134.79845550958822, 278.6793131232448, 345.7003837736632, 88.10051741322505, -308.69056957886954, -220.40870742022673, -235.66377005392687, -131.42116136060747, -294.32164556342906, -163.1260607853755, -151.85667340172859, -66.90203348688512, -81.97645546847195, -91.64338836058619, -143.90591661285453, -160.98539280057196, -243.58964800743044, -175.62693104675358, -195.65887422258461, -240.39046175378246, 108.10366453137694, -231.07428215844712, 110.68031798668295, -77.53724949273376, -83.30951907296694, -153.04291697599348, 119.9705140324206, -64.66598591994162, -92.59683522712851, -150.62897697359503, -147.63959999936432, -115.07634387699565, -150.07272016983723, -151.4815778208661, -105.05626796573596, -234.13183380648255, -183.73443725116218, -122.25108983220349, -210.75010504375246, -179.95983275791951, -110.2015349773896, -110.49855603073718, -25.294712622282407, -79.5488234942944, -16.811137380147485, -180.51638313495852, -70.0916331935767, 58.5962037188577, 20.04392981725511, 10.444438703950052, -82.33358710012348, 64.08463509283598, -71.52757168393276, -53.594867854155126, -141.71146547435922, -192.70631852149126, 25.867096758216753, -102.11821981122048, -185.14369453801766, -144.57298347108707, -211.3801926661946, -111.64216154089064, -213.53521973804408, 564.3443241560008, 102.02660664573591, 99.47873208866395, -138.70885238149953, -208.8891214122234, -134.85309783352346, -194.65555693110778, -253.70094258627057, -195.09059408949642, -143.0904567227461, -214.8020455085144, -85.4899421557643, -159.3155082306696, -137.82189444297325, -239.45698981056088, -181.2758259028021, -0.8675378399434979, -197.56818071100008, -69.54097659301486, 147.63838856049904, 229.34178510312117, 86.69594545716232, -85.83537987397256, -51.53286219573464, -37.706319150861496, -253.5576009239373, -170.88756169060014, -333.47201841623473, -218.37935713864076, -213.91759949158038, -195.0845305710493, -171.16244921732007, -81.8705957123685, 233.88076303655572, -15.763170753255224, -72.2751087922508, -1.8767244240495766, -107.7620422188473, 90.6227296658559, -170.72392814819966, 48.81009909807661, 141.0028091730073, -67.871905188343, 42.22625222076469, 42.37303842617505, 106.9535103145668, -15.481078707224775, 50.20829739631324, 118.02701365907745]",19.818977651510153,0.7125062060194991,0.9897484797834286,9668.974,620.542,9.848,609232.825,37386.53,160.486,11.734,282000,282000,41.28333333333334,15.299999999999997,3.051757857974735e-06,4.999999873689376e-05,3957.7656,-0.00207618,3957.7678,0.09792339,0.0024042465,0.2149572,0.0
784.3052292851075,-1477.2779653975556,-504.01565410137925,100.0,60,15,288000,False,2880,48,212f51d07e9840f9afce8433e261ebfd,2020-07-14_16-35-55,1594744555,47.13041639328003,2246.9529638290405,62816,tango5,131.234.250.245,2246.9529638290405,0,48,d74d5_00000,0,-374.4445978673719,488.8607148888877,-84.00260901689653,"[-924.4119665813571, 229.9385926810948, -1133.4367863625416, -155.25562875390753, -593.8464003771858, -1003.1183305225927, -113.36603882337496, -1283.3107802099607, -906.7428356685123, -541.3337767413045, -1230.5544727111735, -495.52757869770426, -875.9475431143878, -504.3271752365245, -36.53541065296047, -585.4226883503533, -1034.3989434363798, -907.5650181879538, -634.7359640503669, -711.1360839237148, -104.98871094466382, -34.86180585075264, -591.0469737145246, -676.8868580791116, -553.5933234577216, -365.85312903213395, -414.22957118267544, -510.64368302302296, 726.7681541786422, 457.2122118271483, -153.67811501291982, -262.28536779417567, -431.61874023377777, -49.448265509889985, -1093.8542744001636, -1159.5614523468346, -830.973161275038, -834.3314583949586, -940.3990607499753, -317.84559490996287, -760.1534261996915, 473.84326914855603, -303.2929988256794, 366.6941605053005, -1021.7787726951641, -968.9428999196587, -283.78306076625427, -584.9839014763277, -961.5164985016598, -152.59586717112307, 179.81414501184318, -959.451089691735, -221.8415412860814, 784.3052292851075, -426.23493622903726, -732.2110806227264, -874.9866891570964, 159.06794261880552, -540.3039305373627, -1013.3403051774917, -521.0864901051607, -340.98163135744636, -322.4720299730148, -350.14825705427546, -40.29983804922415, 151.29939655908356, -898.3869297980183, 488.74229304714515, -240.5930998345112, -527.9283865357994, -747.9998074251597, -613.1866666562942, 138.05357229340177, -944.0547128045375, -873.2138259383036, -453.5533976172957, -1263.1930475944448, -989.026600159493, -423.08492597804445, -1152.4420188043705, 601.2146015520374, -703.8339993219565, -948.9019331836166, -105.92221846466305, -695.2445653129774, 37.32879541996533, 118.62580064950394, -1477.2779653975556, -315.7201249228182, -1256.4873887546241, -471.229842768364, -1333.5569189992846, -84.67800346526982, -468.829657117701, -1210.5802791780952, 79.4723522782235, -935.8852637730038, -247.2139422443805, -950.2567742635732, -684.1854177688632]","[100, 100, 100, 100, 100, 100, 100, 100, 100, 100, 100, 100, 100, 100, 100, 100, 100, 100, 100, 100, 100, 100, 100, 100, 100, 100, 100, 100, 100, 100, 100, 100, 100, 100, 100, 100, 100, 100, 100, 100, 100, 100, 100, 100, 100, 100, 100, 100, 100, 100, 100, 100, 100, 100, 100, 100, 100, 100, 100, 100, 100, 100, 100, 100, 100, 100, 100, 100, 100, 100, 100, 100, 100, 100, 100, 100, 100, 100, 100, 100, 100, 100, 100, 100, 100, 100, 100, 100, 100, 100, 100, 100, 100, 100, 100, 100, 100, 100, 100, 100]","[-246.31609776084827, 64.41410896822559, -151.5360748958094, -221.15369604298698, -251.1308499866931, -118.68935686324551, 103.10691675253261, 112.0427432615125, -29.661110378079595, -38.91245228225789, 82.9794893039423, 0.38300602344387746, -149.60463475560667, -223.63625628525125, -182.8250349082067, -203.2198950951614, -213.25542110127134, -160.8955442170436, 21.570948036467136, -25.604281593919023, 107.68188284656266, -86.84748756903306, -42.643320802306675, -129.41336967167808, -213.7124733750878, -124.68500989304873, -165.7424461549481, -182.61505460062435, -104.20147153757014, 197.1100551840943, -171.8437946794795, -284.6326985703701, -107.39507631932236, -171.49539235496684, -139.92003621480208, -127.83133238365136, 26.266557892995728, -5.506969745866266, -46.03429580996564, -78.85189119932325, 9.035936110987388, -18.275376072202423, -149.45760173641128, -374.4445978673719, -140.30479751861802, -344.71775784157364, -100.40004396619955, -173.985981279789, -67.47110927536532, -287.06384659699336, -224.54093592295473, -77.26092191520796, -90.8639718022976, -159.54205015569414, -127.63344575701166, -121.38982269299001, -185.9617114964653, -66.82023654917158, -99.57792282052526, 60.04936257485915, -219.5422049728175, -225.9559493578872, -116.35677474643414, -271.7376661169061, -170.091721628826, -226.87015588830278, -28.991230736396044, -81.70147917765122, -91.4947314599034, -122.84349943541137, -114.28853948158039, -56.208098406761756, -205.49024701663416, -159.50786057421888, -136.2417105758372, -192.433975602808, -183.27084920123843, 0.9970998563490925, -52.31245089989183, -153.87788210750475, 32.201408818972155, -59.78209594697189, -248.8694456396746, -21.686709461454758, 38.303970711737676, 81.41432566619254, -58.28796301399046, -53.492246760210236, 23.577935689472238, -68.05143294616188, -168.0460336375331, -165.01653885613518, -172.26944694362373, 115.47547755302588, -86.40459108327066, -109.16155538281686, -101.87337024415056, -220.19652557742478, -242.20470603603567, -183.91501459269537, -60.46600787897531, -225.74331910709864, -160.34044443087691, -129.21786002459734, -149.08485326998684, -185.46318864677934, -83.5338178111211, -199.92485400459225, -70.41858810346248, -154.82780767032597, -203.37428847612205, 14.99767915385883, -147.92511453881937, -73.18784441549653, -181.3704702814726, -60.029710974016425, -109.82328434238349, -153.6233903531613, -55.758629438172804, -150.53059853450804, -66.20741301624767, -72.06497687948858, -12.591982955006614, -99.87657173900692, 289.57723374868016, -143.82500010359382, -86.42370975680534, -156.82640641417458, 30.100969055228976, 305.0438493127942, -102.77629738666928, -23.980210661126467, -198.37637811308883, -27.39371532706697, -117.16979232100049, -155.8164989447975, -103.72887132604359, 11.438282317473297, -115.69871119556313, -121.51450724170687, -123.68720590060732, -120.23939901048973, -74.58919886432587, -121.1578358664184, -37.07116261522329, -18.290475995523487, 18.76556082510099, -246.51117766458648, -199.66517471671207, -70.82089329077698, 62.34405683021129, -205.23655865693075, -2.4579027476293156, 11.399329716672817, -23.713552415257404, -208.18850175920022, -172.89656217088822, -5.913804875953604, -75.88955194402321, -84.45267615919586, 6.946650218888241, -82.02362625150319, -47.7915356319937, -71.49332933365098, -121.98099452746833, -50.53477858741988, -91.9268250258086, -126.91621991668026, 188.00264175962837, 168.43730146574777, 179.0379606695058, -16.947112848612864, 148.4958166965857, 59.74154643578822, 406.14268041174455, 127.00837053937778, -46.5015493386276, 54.975320711048994, -59.21960568354563, -25.19300481284952, -20.818175305800104, -34.48135086190655, 20.16163677674235, -39.28150907654798, -20.92118623682847, -58.33753030857903, 25.66441257685431, 37.64154435394736, -196.73564254508048, -97.61632130794615, -99.0095334417197, 67.77017256976966, -83.0276852952204, -106.91897603078624, -4.855443377265326, -104.31418658486037, -65.16964661748743, -67.33280232815854, 115.79860203150137, 43.047937836440866, -27.412542164280776, -142.8026772534433, 98.40917537566104, -136.4887613357687, -223.6991845570374, -149.65622161465458, -191.15545528110033, -194.03532370564778, -173.14309828390472, -162.1649909578199, -155.60461591529636, -210.1392648832188, -197.71802494660326, -196.84488925713546, -249.27017496302614, -149.98448238155353, -164.19028407980497, -6.459526884626468, -172.17621131451193, -242.26380236250688, -111.82346636515912, -134.05987026842914, -116.86910376823296, -121.29891777426748, -94.00951692405613, -192.79416385255007, -107.2267689371432, -202.13298713870913, -102.48563176466948, -141.0283221973073, -221.374979593337, -189.66372045739067, -86.4302274179912, -199.41617931927996, -92.5713584438583, -41.703610630815064, 2.7007860158564165, -106.71968496589963, -65.63706173034822, -13.914665154898444, -124.29721738044962, -86.93650571244467, -141.0543148068678, -115.81487270815424, -142.75491650851475, -149.2955990832602, 54.713618589407, 36.294047561249585, 78.99813241630193, 27.406523636001307, 145.6783559073926, 130.75259103820505, 80.32941574978821, -125.13091463773736, 74.81993830971359, -115.42967973799932, -110.66917339829347, -107.21258511115087, 62.24305644895696, 78.22996104645968, 142.7670077714893, -0.8167081402041876, 67.99137128100257, 16.279472097596702, -275.8236626038192, -198.49026196035405, -131.48495126582898, -106.44481499518575, -161.659969757996, -147.87511211198043, -241.34818996150653, -2.837332285392498, -157.12602359482358, -168.00540306679872, -299.6475474590582, -99.97840355207919, -120.42574875149108, -245.47457399892383, -89.80793073417257, -200.12277987624338, -116.81274229431111, 488.8607148888877, -108.73482874752929, 109.32908901652051, -156.14526921426898, -151.36285889330992, -41.97801936448319, -236.0920142732566, -240.617163295523, -99.64074155237104, 27.756434402509743, -144.26352652940338, -304.488540925923, -200.26296060094884, -51.79508416325116, -134.2023468792915, -62.725111910555285, 63.27838836853298, 11.515105912990535, 21.333181500451516, 118.29544692052416, 18.747204889593792, 4.2579879058088865, -77.41145656534934, 148.3673319901967, -32.44237012893118, -207.48285651810374, 33.188858488648215, -195.33541180254042, -290.7144639431502, -182.02290331934088, -117.08431259724749, -80.23998932458711, -139.61932703719123, -11.532753071453984, -70.46826695008643, 108.1039878845312, -28.085192787294524, 74.6112932075478, -8.210397803619884, -12.591063896994257, 40.78230849622568, 416.1399894348049, 273.57309984714277, 5.31391850861566, -160.90031140766143, -161.60032269171722, -9.553756736057565, -74.11244683532135, -25.382017066895017, -89.55598525847186, -244.74367661699085, -151.15507668364663, -20.508844705819577, -210.18164489906326, -16.065852458732795, -93.69506040061265, -178.44238973103865, -123.43069357703422, -209.43428662493722, -188.32311951455648, -81.66113930891703, 261.05116596405423, 227.16831774097994, -39.16142250896663, -148.5197998795145, -30.143325534380295, -111.32699316336748, -99.0007667094897, -193.8385496907727, -3.7337273099906794, -9.525931298062673, -96.98184133282638, -137.22311419622065, -198.99201643414818, -173.15440527538337, -192.59188968450508, -67.01618217099542, -232.06706945138336, -149.51874216107535, -101.55111926821542, -57.43420336789458, -109.13082327625051, -34.54800602956087, -49.778424403162056, -168.643913760077, -93.93049171519917, -189.6085641525943, -243.2170329508873, -76.8610544673035, 393.1618882073844, -130.52637627884613, -187.45363993193837, -84.62227282629293, 15.97502608291762, -35.014417740437025, -62.61686072748156, 31.26013517021727, -113.1228996316636, -42.12466939889142, -20.72335991000889, -66.5935293093427, -15.612334651973908, -91.97146415239533, 36.97361622897935, -10.884263033557888, -33.65579605193782, 36.01994220399631, -69.0606777287169, 0.30734033201315825, 4.219467556017183, -46.01389166847503, 258.73022573490067, -3.703224277133331, -14.712353685550907, -47.22082710067569, -108.06366932952392, -175.89554980792565, -53.91737019603639, -167.48041805579518, -149.95728953647188, -243.07263287226377, 244.41703170284254, 71.96636049996617, 53.34036818974209, -11.269765796119446, 29.903201185989012, 100.38509726472564, -81.28922081833835, 185.68740808369634, -55.46612458947115, -83.42008919637287, -124.82142395264151, -81.28364936138375, 74.31835475621625, -140.2564813478599, -143.1495149071039, -104.43091292248593, -49.89364551580121, -164.51618659876434, -134.63341461752947, -69.97827807326748, -192.58297074398777, -75.72017699319258, -182.1041714922469, -92.9807955049351, 455.95921826508265, -180.95316043642416, -263.14614231147914, -129.78518053473445, -214.61317461447038, -280.6482270242688, 52.54198723636287, -99.31095666338028, 29.605741397962834, 33.42623922803192, 73.14149617189096, 48.649064922533036, -166.55603338916546, -195.58883574181456, -170.64115158339573, -105.7522081213849, -137.77323686944257, -167.74324709933472, -159.81743696009542, -106.07472865332603, -73.57872294499084, -231.41895553905454, -201.0860225891893, -101.23795925164787, -71.03925303711362, -164.04546903854504, -132.20255890230837, 90.65445777303938, -94.93337136275889, -81.9872030496081, -218.68484705274096, -281.1082682208509, -143.6963459019055, -252.93187286118567, -105.05023866552425, -261.7214748922389, -179.14586402869625, -187.45526686263526, -128.1537832321992, -208.57047399061258, -80.5700613334131, -205.1311507119369, -133.0349610263957, -140.73697122409936, 82.85193040057, -154.44298494617055, 77.8965541145564, -155.6184932965048, -161.17829624994764, -212.76951123370876, -234.01605787180475, -141.39907530164973, -217.66211264178008, -185.41696550547917, -100.16576361371222, 69.48939038279165, 309.7473537504761, 52.22968219775381, -11.063073214099695, 280.97701204882765, -177.18503722658625, -68.99890772853398, -120.87968990185983, -50.11894270836618, -101.2468480293752, -185.40457372723418, 270.2275260574668, -335.08775039790925, -190.0372788226276, -199.5406984650939, -229.32081014803143, -265.1429214074206, -15.501229118705549, 5.402009190188469, -51.60837441150106, 18.06556788692809, 42.85194786335938, -105.13213987493222, -238.4932481260047, -18.4603196082624, 50.13454448161834, -183.74545093448953, -182.60906028972616, -122.07103083611331, 122.86379384878403, -41.15409070366924, -101.58680416110889, -110.32245178085678, 14.664946918015843, 152.86340129880114, 238.1514835137598, -113.36358972153192, -45.50293110521178, 269.3472233113594, -139.89081666180113, -90.11556868707012, -211.4430248687401, -223.99176788574988, -355.79521626811385, -156.14279021838144, -237.39406255642365, -292.5111036001455, 70.42209577991335, -74.32617939156012, -32.58813885005739, -105.76985021753026, -158.05822060405868, -15.399831639525004, -234.85821562703822, -223.58298206483835, -258.46002333622704, -201.89456473065977, -225.30748635249745, -112.38411664336233, -29.03048089069182, -128.73388009842566, -130.65800776246223, 7.66242626159792, -23.86007498746619, -166.60982529091578, -372.8026174139806, -64.37032718148083, -199.74223866876542, -303.2218615980533, -204.76003197121662, -188.65984216579193, 190.52458637044282, -166.73862310906523, -130.63718760925235, -159.05146253113358, -188.55746010906023, 369.7821435227978, -89.23677584914493, -100.45861382662352, -137.3626269137182, 20.97302871662805, 14.27401492679278, -177.01868417163493, -260.06642722712, -179.20688442008654, -218.30391986276388, -164.15732002902055, -230.61011136418082, -158.2356162749227, 0.6878891832182279, 34.5293155278743, 70.17806946065515, -110.88057371655239, 78.283209790711, 6.674442032318318, -139.165430783535, -145.1417442785506, -135.2902249801563, -68.54823051374281, -247.9442617972917, -199.7953714197286, -200.92323839016305, -89.48007515205164, -65.43714335687464, 235.35064650674184, -39.59345836725082, -87.130673484782, -214.24687749755498, 5.044462977870449, -169.8816578996482, -189.9081511133268, -147.3648049715082, -233.89974575940394, -68.90075066993583, -36.39133953858461, -186.75263607333176, -158.95652726591305, -32.75486757224311, -200.42929664885403]",19.840238316184482,0.7125567666017798,0.9895996686990478,9646.335,621.998,9.941,603586.72,37409.033,160.389,11.787,288000,288000,40.98461538461539,15.299999999999999,1.5258789289873675e-06,4.999999873689376e-05,3535.5476,-0.0023086693,3535.55,0.09383984,0.003110643,0.22412373,0.0
1682.747775266211,-1491.236251964536,-423.47968145991297,100.0,60,15,294000,False,2940,49,212f51d07e9840f9afce8433e261ebfd,2020-07-14_16-36-43,1594744603,47.23292660713196,2294.1858904361725,62816,tango5,131.234.250.245,2294.1858904361725,0,49,d74d5_00000,0,-358.91758755157963,753.3578490163551,-70.57994690998545,"[969.6073427670545, -703.3590875270459, -859.5967330958446, -62.86111132091104, -273.28199124687563, -432.5065334784191, -701.5405738669959, -346.96683533833885, 36.3891490747099, -267.72009830719907, -698.6054998413852, 74.06895990802273, -913.2919395058035, -678.7270922276408, 206.1934637168987, 347.44847600497894, -225.48762006316915, -710.3810464543096, -501.6961364357683, -952.5272063401184, -355.5706868365538, -829.0300619078438, -373.83337996366606, 1682.747775266211, -1014.0010457987847, -699.2022654704077, -528.72674887329, -8.445167032373853, -931.5455874915767, -831.8696445531483, -988.9838840786585, -499.05465201880287, -1491.236251964536, -679.2323779082446, -225.96873612769895, -653.743639684937, -328.28764337712255, -226.11942514451047, -1092.900390400692, -321.2159489850523, -953.0687848054995, -530.5067623886536, -506.1634018637759, -420.9176027728614, 249.95086135661307, -546.2274551144648, -305.2612897375764, -1035.1371312147996, 114.60705462814502, -970.7769131987117, -895.8720814830978, -486.49105138431213, 783.8883533273993, -459.7435879984941, -247.49585251872438, -412.2121108418756, -1123.6033982759875, -909.8489528572093, -647.2630132932857, 29.048281969722563, -104.98871094466382, -34.86180585075264, -591.0469737145246, -676.8868580791116, -553.5933234577216, -365.85312903213395, -414.22957118267544, -510.64368302302296, 726.7681541786422, 457.2122118271483, -153.67811501291982, -262.28536779417567, -431.61874023377777, -49.448265509889985, -1093.8542744001636, -1159.5614523468346, -830.973161275038, -834.3314583949586, -940.3990607499753, -317.84559490996287, -760.1534261996915, 473.84326914855603, -303.2929988256794, 366.6941605053005, -1021.7787726951641, -968.9428999196587, -283.78306076625427, -584.9839014763277, -961.5164985016598, -152.59586717112307, 179.81414501184318, -959.451089691735, -221.8415412860814, 784.3052292851075, -426.23493622903726, -732.2110806227264, -874.9866891570964, 159.06794261880552, -540.3039305373627, -1013.3403051774917]","[100, 100, 100, 100, 100, 100, 100, 100, 100, 100, 100, 100, 100, 100, 100, 100, 100, 100, 100, 100, 100, 100, 100, 100, 100, 100, 100, 100, 100, 100, 100, 100, 100, 100, 100, 100, 100, 100, 100, 100, 100, 100, 100, 100, 100, 100, 100, 100, 100, 100, 100, 100, 100, 100, 100, 100, 100, 100, 100, 100, 100, 100, 100, 100, 100, 100, 100, 100, 100, 100, 100, 100, 100, 100, 100, 100, 100, 100, 100, 100, 100, 100, 100, 100, 100, 100, 100, 100, 100, 100, 100, 100, 100, 100, 100, 100, 100, 100, 100, 100]","[169.17995893609594, 235.4456116349911, 149.6090212275079, 127.87110055766574, 134.48498079596922, 153.01666961482346, 85.75290238139951, -114.61011637304809, -155.0195995605884, -168.43844932576596, -172.4905619994415, -178.5532626496016, -92.5025526836526, -181.3020624173026, -358.91758755157963, -151.05778503196916, -57.236968598071314, -18.57977681326944, -29.68759456468137, -43.10662678881115, -49.559034331972185, 58.77242975471443, -71.82751479025356, 72.5472294000919, -105.96001942399971, 221.17345044212567, -116.75464224753951, -89.15494338658436, -29.170931462924628, -153.4149051679528, 77.95375649700215, 39.65549277863643, -153.29550471046767, -35.266268709523004, -79.445738929123, -282.1082704049441, -92.59233973697063, -89.72474927643624, -102.22248164784115, -155.74046443451027, -129.42299024467036, -131.8375485265666, -73.66883057996533, -48.27150593376418, -76.87199163466786, -33.216016137821924, -55.11208869434387, -59.826402357775606, -8.711342673711334, -35.46159335470545, 105.76182925284604, 161.1645099602842, -51.75418983158681, -134.61006427841667, -139.74804143898135, -142.79676385327437, 30.595487645854295, -48.27931755290621, 294.5058097970121, -261.997272904904, -169.53802116393328, -43.58693697358602, -221.93484814288524, -126.29758104070712, -128.28064838876836, -8.967464131505952, -99.16943896511823, 197.83834091219236, 193.17242856762815, -108.52130834444651, -65.32267829865387, -43.92838396358029, -141.4691288598272, -74.26608757055268, -142.01628544227324, -254.0832108143244, -48.518333501524175, -252.9388933173028, -38.0842057963363, -98.9766113221636, -71.83669895671738, -140.13622151985368, -151.16761285644566, -178.5257417761246, -193.59320318853767, -108.25070192540025, -113.09674350017802, 369.9786603163773, -113.53096807484879, 364.68642008948655, 143.78704500042025, -16.326751828284486, 60.15430368971566, 12.87061998423886, 145.62551883056156, 1.3377403283267908, -192.26033340661584, 82.39318104491458, 92.55083667618418, -191.01973196948103, -7.1488280273305485, -10.002744380840479, -130.56519163684783, -87.83505325784022, -91.02472080746283, -80.83128042932087, -91.3991989362357, -228.7256013866027, -120.38265177253723, 286.22742668635846, -142.72631329129206, -225.26252105677017, -183.60767614632033, -115.94440085520628, -111.14730128096431, -223.56806847956645, -181.4232002227134, -132.841813778353, -109.86815779235411, -193.67866478616716, 20.515923499832663, -32.02891413239316, 15.41330079637268, -129.4784206271577, -90.86731182644547, -139.1252645467627, -49.33560654781452, -104.71091756751746, -83.20456080585822, -185.33794287863827, -277.616243423673, -128.82479068434188, -69.90485942156904, -40.68519719303474, -3.7520030968293026, -206.773909587805, -32.891757434694554, -19.825653229733454, 77.62944921073797, 96.54841236495479, 56.43196361623638, 753.3578490163551, -26.642092752342514, 725.42219381027, -126.96867744753722, -165.77422849625833, -153.41257418462143, -258.95750198061165, -150.7251602292772, -158.1629034604787, -183.0868296806378, -93.27296740758061, -70.8965565198766, -81.78412095853668, -111.18816204150417, -158.97362886227182, 17.57797510823168, -176.81348053611654, 18.797852917703462, -153.8648191593028, -137.6909415324605, -96.73333567134425, 38.266502564931855, -171.34739651973996, 165.4471561792664, 215.38120910845345, -68.6001566892711, -187.5924816760147, -114.6056297709739, -88.94393650674421, -171.66126217022736, -258.8003461017804, -168.6941109974945, -128.84030194435513, -154.46577399388948, -111.174459271477, -140.4549649781797, -227.15406640595316, -95.42685274371824, -103.1935271599313, -147.47492518414035, -190.16733493728927, -105.1750079228215, -199.57070686283993, -162.35063663852299, -184.2452725330446, 114.749774956288, -185.4265732007048, -151.0395890440918, 51.71131039456118, -152.6417371982323, -176.40783792662202, -257.9118372082216, -161.92052214688505, -244.03842437188072, -312.0034523572838, -266.324902064671, -249.03711381559432, -211.05913557346116, -261.7021819904174, -60.86689562675738, -71.34784023958832, -53.544352183326566, -20.711972294694213, -87.33635279160731, 7.102201122851245, -127.69674227115472, -46.92217718592519, 10.192264368380412, 18.692070629756522, 156.62728021452256, -206.4412804220874, -215.25512466053056, -80.69984030599781, -78.23138842728798, -229.74328608355222, -37.84969932849414, -30.162324222053613, -181.41853255135035, -56.66514312366425, 75.36879657741314, -97.56074072897312, -162.74118068734654, -90.28872771692069, -81.59523646639654, 73.16673181784172, 129.614886686419, -94.2758987781073, -225.00497813441666, -150.4839764913127, -167.78798962696212, -243.21799843687083, -78.5511957165115, -227.85425199461892, 43.29429385300353, -113.60938310760503, -104.7831773586202, 20.030769278291118, -116.87966318531903, -49.26878846480229, -55.904759126470424, -168.29899031595718, -242.43045388064877, -91.87957206061627, -133.88505807910525, -260.6699513427011, -110.52706540444348, -211.903688967125, 8.228157523858805, -53.55582971482423, 30.86917932649532, -193.61751515261497, -131.96002538072656, 21.101644044055107, -8.53716978666029, -206.91248231394982, -194.62364855678442, 14.768280130290524, -108.05679112756852, -51.050990673733835, -148.70421701331492, -37.76178066714383, -51.13672585080294, -24.207097440297733, 51.42670262617744, 39.25950812536323, 33.51629412293473, 51.55318566552788, 43.261799266978436, 30.933371549631826, -73.19684559566363, -114.55936768916158, -46.72895783072507, -103.92556160253858, 30.547607138770147, -238.36432953514569, -75.1521683082268, 32.722075393886634, 10.990285125054477, -77.63308832848872, -80.59616252275627, -115.59223109704563, -209.47680142597937, -117.51383875126214, -109.6496612442419, -176.7360121188503, -229.50567811971413, -192.2551395547533, 429.4551313206711, -143.8966798497475, -111.0586013190076, 385.88470031973117, -179.04789124738318, -266.7296045961181, -114.49310621029296, -140.1859214194909, -132.09911249120475, -155.5351823659296, -212.467282940083, -215.99630777171177, -187.03156481708209, -55.92476064273508, -103.75237582901994, -203.69855779004934, -167.0574787934054, -178.4073436108047, -76.77301491590532, -209.98863486678636, -229.71010850373648, -56.77307132377721, -75.77919715288549, 162.53297537877918, 188.69208160625075, 172.55061178947489, 106.552532838593, 90.67945620976572, 119.51548006121779, 105.89819082209735, -36.16697536277229, -51.14055849737953, -113.18206277366437, -55.71119977377111, -109.99281997284461, -93.54997161806229, -24.957989543520227, 25.29214824743171, 82.5495570127946, -197.39500001038152, -232.7369843432363, 99.75241611818755, -196.39929885856623, 134.38051989201725, -203.67141836730417, -191.92410345382345, 175.555271853208, -130.15308190740748, -163.83360342584, -125.8157130971231, -272.97959957054866, -147.57821253172182, -241.83570058030767, -171.56056907044638, 35.30870243331196, -203.4785557138952, -145.5760457990558, -126.8784053760139, -196.7646154022449, -272.4600329993098, 161.60548125634884, -158.05562877009743, -204.73508194824836, -164.110718385699, -83.56246139668315, -198.40460404890737, -32.923242842840885, -40.69876941003797, 87.2065138777301, -52.52873201781276, -15.299555622183801, 83.29206798486831, -66.20741301624767, -72.06497687948858, -12.591982955006614, -99.87657173900692, 289.57723374868016, -143.82500010359382, -86.42370975680534, -156.82640641417458, 30.100969055228976, 305.0438493127942, -102.77629738666928, -23.980210661126467, -198.37637811308883, -27.39371532706697, -117.16979232100049, -155.8164989447975, -103.72887132604359, 11.438282317473297, -115.69871119556313, -121.51450724170687, -123.68720590060732, -120.23939901048973, -74.58919886432587, -121.1578358664184, -37.07116261522329, -18.290475995523487, 18.76556082510099, -246.51117766458648, -199.66517471671207, -70.82089329077698, 62.34405683021129, -205.23655865693075, -2.4579027476293156, 11.399329716672817, -23.713552415257404, -208.18850175920022, -172.89656217088822, -5.913804875953604, -75.88955194402321, -84.45267615919586, 6.946650218888241, -82.02362625150319, -47.7915356319937, -71.49332933365098, -121.98099452746833, -50.53477858741988, -91.9268250258086, -126.91621991668026, 188.00264175962837, 168.43730146574777, 179.0379606695058, -16.947112848612864, 148.4958166965857, 59.74154643578822, 406.14268041174455, 127.00837053937778, -46.5015493386276, 54.975320711048994, -59.21960568354563, -25.19300481284952, -20.818175305800104, -34.48135086190655, 20.16163677674235, -39.28150907654798, -20.92118623682847, -58.33753030857903, 25.66441257685431, 37.64154435394736, -196.73564254508048, -97.61632130794615, -99.0095334417197, 67.77017256976966, -83.0276852952204, -106.91897603078624, -4.855443377265326, -104.31418658486037, -65.16964661748743, -67.33280232815854, 115.79860203150137, 43.047937836440866, -27.412542164280776, -142.8026772534433, 98.40917537566104, -136.4887613357687, -223.6991845570374, -149.65622161465458, -191.15545528110033, -194.03532370564778, -173.14309828390472, -162.1649909578199, -155.60461591529636, -210.1392648832188, -197.71802494660326, -196.84488925713546, -249.27017496302614, -149.98448238155353, -164.19028407980497, -6.459526884626468, -172.17621131451193, -242.26380236250688, -111.82346636515912, -134.05987026842914, -116.86910376823296, -121.29891777426748, -94.00951692405613, -192.79416385255007, -107.2267689371432, -202.13298713870913, -102.48563176466948, -141.0283221973073, -221.374979593337, -189.66372045739067, -86.4302274179912, -199.41617931927996, -92.5713584438583, -41.703610630815064, 2.7007860158564165, -106.71968496589963, -65.63706173034822, -13.914665154898444, -124.29721738044962, -86.93650571244467, -141.0543148068678, -115.81487270815424, -142.75491650851475, -149.2955990832602, 54.713618589407, 36.294047561249585, 78.99813241630193, 27.406523636001307, 145.6783559073926, 130.75259103820505, 80.32941574978821, -125.13091463773736, 74.81993830971359, -115.42967973799932, -110.66917339829347, -107.21258511115087, 62.24305644895696, 78.22996104645968, 142.7670077714893, -0.8167081402041876, 67.99137128100257, 16.279472097596702, -275.8236626038192, -198.49026196035405, -131.48495126582898, -106.44481499518575, -161.659969757996, -147.87511211198043, -241.34818996150653, -2.837332285392498, -157.12602359482358, -168.00540306679872, -299.6475474590582, -99.97840355207919, -120.42574875149108, -245.47457399892383, -89.80793073417257, -200.12277987624338, -116.81274229431111, 488.8607148888877, -108.73482874752929, 109.32908901652051, -156.14526921426898, -151.36285889330992, -41.97801936448319, -236.0920142732566, -240.617163295523, -99.64074155237104, 27.756434402509743, -144.26352652940338, -304.488540925923, -200.26296060094884, -51.79508416325116, -134.2023468792915, -62.725111910555285, 63.27838836853298, 11.515105912990535, 21.333181500451516, 118.29544692052416, 18.747204889593792, 4.2579879058088865, -77.41145656534934, 148.3673319901967, -32.44237012893118, -207.48285651810374, 33.188858488648215, -195.33541180254042, -290.7144639431502, -182.02290331934088, -117.08431259724749, -80.23998932458711, -139.61932703719123, -11.532753071453984, -70.46826695008643, 108.1039878845312, -28.085192787294524, 74.6112932075478, -8.210397803619884, -12.591063896994257, 40.78230849622568, 416.1399894348049, 273.57309984714277, 5.31391850861566, -160.90031140766143, -161.60032269171722, -9.553756736057565, -74.11244683532135, -25.382017066895017, -89.55598525847186, -244.74367661699085, -151.15507668364663, -20.508844705819577, -210.18164489906326, -16.065852458732795, -93.69506040061265, -178.44238973103865, -123.43069357703422, -209.43428662493722, -188.32311951455648, -81.66113930891703, 261.05116596405423, 227.16831774097994, -39.16142250896663, -148.5197998795145, -30.143325534380295, -111.32699316336748, -99.0007667094897, -193.8385496907727, -3.7337273099906794, -9.525931298062673, -96.98184133282638, -137.22311419622065, -198.99201643414818, -173.15440527538337, -192.59188968450508, -67.01618217099542, -232.06706945138336, -149.51874216107535]",19.853966604265025,0.712708431832478,0.9894210617145753,9681.943,619.71,10.247,585536.319,37403.741,160.412,11.768,294000,294000,41.06461538461538,15.299999999999999,7.629394644936838e-07,4.999999873689376e-05,4904.793,-0.0022031288,4904.7954,0.10935796,0.0025259634,0.18449241,0.0
1682.747775266211,-1491.236251964536,-459.30273948691763,100.0,60,15,300000,False,3000,50,212f51d07e9840f9afce8433e261ebfd,2020-07-14_16-37-30,1594744650,47.08711075782776,2341.2730011940002,62816,tango5,131.234.250.245,2341.2730011940002,0,50,d74d5_00000,0,-312.0034523572838,895.4819373633891,-76.5504565811529,"[193.04986183727314, 609.019854067233, 741.6029159788824, 546.0458054893577, -708.5805087638169, -929.455422409174, -644.3812629742846, -377.3059633676875, -1197.5708888770362, -622.3521548321038, -184.00754845591553, -521.8824215067788, -1017.9177587460176, -237.4890554625006, -113.77981786363056, -157.2446175052117, -416.1403600826594, -472.84623242472406, -857.2174074965193, -603.8073689552837, -643.3659620951506, -101.72718380119119, -518.5992953296292, -326.813360417066, -563.2122635000774, -336.11899992980733, -16.606354111135023, -617.103636874305, -668.4080719145162, -1130.9969655109371, -488.4648623325149, -795.1339290613699, -937.5136247377613, -741.4441566287112, -866.6342285600721, -237.59295087903044, -1045.7058053240337, 249.92664295956337, 261.36508631877876, -680.9758456046584, -806.4402743608027, -423.40310875709923, -951.9384415190398, -654.7413290763255, 299.39515850876677, -714.0251478143854, -457.27029160075614, -698.8161185565099, -1083.9734452478297, -1013.0599146791362, 178.16745298661274, -667.5899333087258, 144.19126043498915, -1286.1467977849911, -398.60203241692597, 406.97876571856017, -352.1305117662905, -796.9677953619178, 762.2818634753985, -569.4825870619835, -355.5706868365538, -829.0300619078438, -373.83337996366606, 1682.747775266211, -1014.0010457987847, -699.2022654704077, -528.72674887329, -8.445167032373853, -931.5455874915767, -831.8696445531483, -988.9838840786585, -499.05465201880287, -1491.236251964536, -679.2323779082446, -225.96873612769895, -653.743639684937, -328.28764337712255, -226.11942514451047, -1092.900390400692, -321.2159489850523, -953.0687848054995, -530.5067623886536, -506.1634018637759, -420.9176027728614, 249.95086135661307, -546.2274551144648, -305.2612897375764, -1035.1371312147996, 114.60705462814502, -970.7769131987117, -895.8720814830978, -486.49105138431213, 783.8883533273993, -459.7435879984941, -247.49585251872438, -412.2121108418756, -1123.6033982759875, -909.8489528572093, -647.2630132932857, 29.048281969722563]","[100, 100, 100, 100, 100, 100, 100, 100, 100, 100, 100, 100, 100, 100, 100, 100, 100, 100, 100, 100, 100, 100, 100, 100, 100, 100, 100, 100, 100, 100, 100, 100, 100, 100, 100, 100, 100, 100, 100, 100, 100, 100, 100, 100, 100, 100, 100, 100, 100, 100, 100, 100, 100, 100, 100, 100, 100, 100, 100, 100, 100, 100, 100, 100, 100, 100, 100, 100, 100, 100, 100, 100, 100, 100, 100, 100, 100, 100, 100, 100, 100, 100, 100, 100, 100, 100, 100, 100, 100, 100, 100, 100, 100, 100, 100, 100, 100, 100, 100, 100]","[35.27302769065321, 124.10677271067017, 48.452369065203264, -107.07761789255785, 13.7524366544903, 78.54287360881399, 895.4819373633891, -104.10752279098739, -129.15991934454377, 13.631600987406113, -73.5316897399681, 6.705447591936833, 107.31614837123045, 85.78777542187586, 226.08981985744109, 11.208137021339532, 263.0724410790748, 48.12859422792088, 234.0976098755609, 6.786492638268009, 16.13651743051452, 19.623012956043755, -28.117962754534684, 297.52013534350544, -96.89996107982235, -184.82932584718233, -107.36494553086166, -44.53541896120115, -128.8070553603537, -146.1438019843967, -202.47865612097664, -131.06059186283022, -101.349354445458, -155.6941988205887, -172.16477004391248, -166.70785111540687, -0.6685587349138493, -93.52331649671781, -202.14146330869698, -119.7361300130201, -111.48681545696476, -116.82497896397206, -189.6124112512359, 486.8074037267494, -168.81436800642223, -268.9991678426558, -66.60244600770675, -170.08497398641572, -172.3295290941047, -279.50672437608137, -80.24398572672163, -265.4890797417, -207.23954022108018, -192.7620297173486, -57.83252592441772, -6.996046210477579, -138.27619437482872, -121.361949891551, -149.19850529521526, -148.68693313561283, 8.252714134773761, -102.25072810275464, 20.40374360819316, -67.58059768881269, -84.31412698206235, 41.48144657474628, -50.491012054063184, -28.6321899893787, -39.97032180981083, -120.92439083288676, -129.20883803091925, -152.6556687897197, -156.62495930904495, -138.99035066673738, -199.98694049117117, -110.05090573421778, -210.43949138482876, -201.82511116001785, 13.596960044734557, -56.73298411038673, -146.82657196041535, 2.634078766654493, -20.20138602826262, -29.959152174825103, -267.278786392556, 202.65195381112417, 198.26632756339254, -2.5012255986069976, -118.98781311611984, -125.93027413086477, -84.71989761963722, -27.825539265902837, -9.961403539265643, -0.44793960557825985, -31.904933806993753, -2.3849036678342164, -32.1088410807923, -31.590655021663466, -63.70981690050109, -143.47186460627273, -25.702379337234056, -119.55680313619598, -124.47243082714002, -139.3232565961533, -198.20498661601155, 73.47978431770002, -173.3204433388182, 88.99510063569859, -191.65706839484739, -138.2033092071149, -40.6712425593207, -126.95282236604658, -176.47320585968328, -183.2597591095067, -133.13888722059093, 1.9334801814368843, -159.21618886552022, -93.27035212973348, -59.34060492931066, -160.77481599156496, -153.75006379198035, 66.03440449897722, -243.50107179527353, -144.15312822941013, 79.09204673571995, -247.08814951318394, -31.973412718003296, -69.36117459550935, -46.35537508644751, -106.94499024715553, -20.614154647577827, 173.52192349350256, -123.32256825766709, -10.937302025138655, -24.176068671711896, -100.80761357827458, -127.14943055800111, -132.2063122388363, 325.44720852193933, -121.90933316324099, -140.23695611391057, -30.974262498897314, -130.28277568703254, -228.85724147592398, -243.71550061762346, -82.18314474593157, -286.611114906272, -221.33530642254757, -110.01574353617758, 380.6485467284767, -26.058419940105072, -142.39587989631931, 20.418090872673073, -49.686416213033354, -94.02324639551726, -44.37312835750551, 84.17008753633039, 109.69482544955775, -36.753072252568955, -58.41321081298228, -132.59554890494147, 17.29056487346958, -87.99397294855424, -207.99430194314334, -64.0080285256529, -117.01777729139593, -153.21600189978614, 13.126445734227737, -66.52596318095387, -85.34660912797753, -105.03417762864277, -174.9215285191975, -95.69214435577547, -140.88764910196912, -175.42283586291433, -165.47866269248846, -271.4468598344495, -170.63512118567152, -198.73891633660446, -149.27456959880848, -47.35698467717391, -113.25070057587138, -67.92523939461636, -73.2787079819607, -64.9492837279527, -121.70394597493969, -159.55363771739002, -146.81601275958414, -40.71943881717566, -139.38751117567904, -184.41325431217462, -124.24407427936684, -240.22651424493063, -186.29196353550566, -118.11327894164778, -154.36986126996072, -111.10387029969772, -127.40813644601918, -177.27994203152923, -205.0891814188033, -198.45187179507025, 110.83748291223421, -166.84520614268382, -104.61543815285884, -143.45798578989434, -138.82829931298548, -100.31272493306192, -235.14259101676464, -73.61269525020235, -175.27993225716472, -131.1074581031805, -63.363668796489655, -96.48266359523616, -85.37920569835859, -69.97288002717286, 208.7129253414068, -184.22169393817424, -159.039307285257, -136.08346124908266, -143.6623195063365, -130.34595947705702, -292.3530638681252, 43.35255049954757, 117.69264873713252, 21.06558413425644, 87.6084328298203, -42.52696818346622, 22.734394942272598, -85.81546264971962, 166.81170878962257, 154.79211702994397, -52.33823265268485, 58.58518597900256, 19.329769822614843, -111.49104713384563, -114.98135487945765, -109.19550992768534, -145.84479023760503, -128.56758159404671, -70.89556183201798, -78.18967542031417, -184.51564154334994, -94.81733437187616, -178.92019773670526, -130.55454372112033, -139.44288156743667, -238.29891494739957, -58.736220570335334, -82.65379461069885, -84.07304845767973, 70.79532522769634, -30.436455398682345, -193.29667386387328, -94.12410634651405, -157.04733959753924, -191.42153563123605, -152.63367742097046, -163.41510865890575, -63.45702276960699, -196.6786276994553, -61.66397827282826, 2.9061827519246313, -195.15928189365528, -140.68860119270423, 153.48146190729275, -56.5963131783017, -3.3709923688369576, -49.781145901586186, 219.4578976374297, 36.20425041276849, -69.75976320794265, -198.05947588368358, -97.50801487143812, -114.60885334840881, -140.05714145993366, -94.03189904297875, 64.23571594190754, -74.41483939950434, -89.65125269011409, -128.98443329549494, -111.98607933244419, -116.46940282510641, -110.68809143261811, -130.22363988818495, -115.58556850491638, -65.50525370868412, -105.79329715651221, -171.02026786559293, -152.41817839414188, -186.96056845778594, -266.40225279731686, -136.54719944640703, -188.05359712034425, -153.59164903183395, -125.1854989785393, -259.27552093416386, -96.91332094438829, -217.10917745352927, -158.97041874458088, -155.60597762393442, -66.0404482125818, -45.832205333960786, 111.35794868467976, 61.07322348985835, -17.906777192652214, 135.51571155126908, 102.53503998761114, -200.28288987602312, -114.50880367235271, -192.99488361491774, -190.40260265223526, -71.93579348080793, 59.48962851184627, 133.75356889630112, -37.336121658458936, 91.75319402334873, -9.474876222868916, -93.99413311517915, -157.9990630563565, -211.11688861706088, -286.5055430132334, -191.71481018924425, -241.36419230498743, -197.44630060410844, -84.35634235926798, -157.24374830527475, 3.857936032623972, 28.168853237479873, 0.9494306631349883, -189.97816168562187, 171.65748256537933, -69.70760053733893, 11.008551283290618, 36.50286741638597, 94.8000544299859, 162.717410560857, 6.637342172822116, -115.86362762336192, -91.16405504663398, -3.2884912392317087, -75.41235324304928, -73.03932678683472, -126.56608400167275, -166.61656277509587, -185.11992004340033, -137.53198466515678, -74.71414303889729, -106.41910083769591, 179.67664401495242, 110.37047581849228, 164.86476740177875, 137.70575536305975, 65.79036699157237, 103.87385388554327, -101.91779753287352, -117.06012489243138, -23.530267730364756, -57.37058160254321, -128.10989528814696, -141.49392001562387, 20.515923499832663, -32.02891413239316, 15.41330079637268, -129.4784206271577, -90.86731182644547, -139.1252645467627, -49.33560654781452, -104.71091756751746, -83.20456080585822, -185.33794287863827, -277.616243423673, -128.82479068434188, -69.90485942156904, -40.68519719303474, -3.7520030968293026, -206.773909587805, -32.891757434694554, -19.825653229733454, 77.62944921073797, 96.54841236495479, 56.43196361623638, 753.3578490163551, -26.642092752342514, 725.42219381027, -126.96867744753722, -165.77422849625833, -153.41257418462143, -258.95750198061165, -150.7251602292772, -158.1629034604787, -183.0868296806378, -93.27296740758061, -70.8965565198766, -81.78412095853668, -111.18816204150417, -158.97362886227182, 17.57797510823168, -176.81348053611654, 18.797852917703462, -153.8648191593028, -137.6909415324605, -96.73333567134425, 38.266502564931855, -171.34739651973996, 165.4471561792664, 215.38120910845345, -68.6001566892711, -187.5924816760147, -114.6056297709739, -88.94393650674421, -171.66126217022736, -258.8003461017804, -168.6941109974945, -128.84030194435513, -154.46577399388948, -111.174459271477, -140.4549649781797, -227.15406640595316, -95.42685274371824, -103.1935271599313, -147.47492518414035, -190.16733493728927, -105.1750079228215, -199.57070686283993, -162.35063663852299, -184.2452725330446, 114.749774956288, -185.4265732007048, -151.0395890440918, 51.71131039456118, -152.6417371982323, -176.40783792662202, -257.9118372082216, -161.92052214688505, -244.03842437188072, -312.0034523572838, -266.324902064671, -249.03711381559432, -211.05913557346116, -261.7021819904174, -60.86689562675738, -71.34784023958832, -53.544352183326566, -20.711972294694213, -87.33635279160731, 7.102201122851245, -127.69674227115472, -46.92217718592519, 10.192264368380412, 18.692070629756522, 156.62728021452256, -206.4412804220874, -215.25512466053056, -80.69984030599781, -78.23138842728798, -229.74328608355222, -37.84969932849414, -30.162324222053613, -181.41853255135035, -56.66514312366425, 75.36879657741314, -97.56074072897312, -162.74118068734654, -90.28872771692069, -81.59523646639654, 73.16673181784172, 129.614886686419, -94.2758987781073, -225.00497813441666, -150.4839764913127, -167.78798962696212, -243.21799843687083, -78.5511957165115, -227.85425199461892, 43.29429385300353, -113.60938310760503, -104.7831773586202, 20.030769278291118, -116.87966318531903, -49.26878846480229, -55.904759126470424, -168.29899031595718, -242.43045388064877, -91.87957206061627, -133.88505807910525, -260.6699513427011, -110.52706540444348, -211.903688967125, 8.228157523858805, -53.55582971482423, 30.86917932649532, -193.61751515261497, -131.96002538072656, 21.101644044055107, -8.53716978666029, -206.91248231394982, -194.62364855678442, 14.768280130290524, -108.05679112756852, -51.050990673733835, -148.70421701331492, -37.76178066714383, -51.13672585080294, -24.207097440297733, 51.42670262617744, 39.25950812536323, 33.51629412293473, 51.55318566552788, 43.261799266978436, 30.933371549631826, -73.19684559566363, -114.55936768916158, -46.72895783072507, -103.92556160253858, 30.547607138770147, -238.36432953514569, -75.1521683082268, 32.722075393886634, 10.990285125054477, -77.63308832848872, -80.59616252275627, -115.59223109704563, -209.47680142597937, -117.51383875126214, -109.6496612442419, -176.7360121188503, -229.50567811971413, -192.2551395547533, 429.4551313206711, -143.8966798497475, -111.0586013190076, 385.88470031973117, -179.04789124738318, -266.7296045961181, -114.49310621029296, -140.1859214194909, -132.09911249120475, -155.5351823659296, -212.467282940083, -215.99630777171177, -187.03156481708209, -55.92476064273508, -103.75237582901994, -203.69855779004934, -167.0574787934054, -178.4073436108047, -76.77301491590532, -209.98863486678636, -229.71010850373648, -56.77307132377721, -75.77919715288549, 162.53297537877918, 188.69208160625075, 172.55061178947489, 106.552532838593, 90.67945620976572, 119.51548006121779, 105.89819082209735, -36.16697536277229, -51.14055849737953, -113.18206277366437, -55.71119977377111, -109.99281997284461, -93.54997161806229, -24.957989543520227, 25.29214824743171, 82.5495570127946, -197.39500001038152, -232.7369843432363, 99.75241611818755, -196.39929885856623, 134.38051989201725, -203.67141836730417, -191.92410345382345, 175.555271853208, -130.15308190740748, -163.83360342584, -125.8157130971231, -272.97959957054866, -147.57821253172182, -241.83570058030767, -171.56056907044638, 35.30870243331196, -203.4785557138952, -145.5760457990558, -126.8784053760139, -196.7646154022449, -272.4600329993098, 161.60548125634884, -158.05562877009743, -204.73508194824836, -164.110718385699, -83.56246139668315, -198.40460404890737, -32.923242842840885, -40.69876941003797, 87.2065138777301, -52.52873201781276, -15.299555622183801, 83.29206798486831]",19.872788935392567,0.712642505307989,0.9892454411456881,9680.707,619.789,10.293,582947.047,37405.854,160.403,11.82,300000,300000,41.1,15.299999999999999,3.814697322468419e-07,4.999999873689376e-05,4273.7227,-0.0012631381,4273.7236,0.095071495,0.0018885895,0.19696069,0.0
1282.5697124323488,-1495.467919580928,-446.53462348427036,100.0,60,15,306000,False,3060,51,212f51d07e9840f9afce8433e261ebfd,2020-07-14_16-38-17,1594744697,47.069308280944824,2388.342309474945,62816,tango5,131.234.250.245,2388.342309474945,0,51,d74d5_00000,0,-396.4589738752959,1239.24679709469,-74.4224372473784,"[-210.93714910136563, -1334.1680328990503, -170.18398241896654, -542.4665060417458, -568.9536342678057, 351.833741677174, 165.4587766474904, -848.9412417910967, 500.54590349979946, -1016.1732814837181, -249.33587970325326, -991.7217619586984, -421.2549458093544, 371.1443066704018, -304.5316089116781, -666.4943616045357, 188.7483739286771, -1495.467919580928, -72.78147823804885, -1263.4200598300708, -479.5674817213036, -241.2812423916511, 10.47129250252133, -844.0324912964599, -520.8456603576946, -261.1561720293676, -1054.4731544861781, -809.0936303072293, -691.0437378472809, -585.6202875792766, -337.3522316451136, -123.47350391569528, -371.0071575190129, 238.36706589628673, -1029.1238867580018, 1282.5697124323488, 483.4332420867069, -535.620085622613, -662.6035467367109, -94.49696067022808, 126.04611683097005, -481.30131851422044, -622.015241233837, -734.0146461415407, -411.10738659966165, -941.6104885671161, -1184.7283161747564, -510.9071805097642, 283.97744297013105, 71.45008024884206, -1243.8579813288497, -768.961416979624, -1327.6865058660978, -433.2390469098193, -724.3544668979857, -246.37697149892415, 523.7208075355879, 60.20971250904462, -1095.0835517322225, -499.8723348624441, -643.3659620951506, -101.72718380119119, -518.5992953296292, -326.813360417066, -563.2122635000774, -336.11899992980733, -16.606354111135023, -617.103636874305, -668.4080719145162, -1130.9969655109371, -488.4648623325149, -795.1339290613699, -937.5136247377613, -741.4441566287112, -866.6342285600721, -237.59295087903044, -1045.7058053240337, 249.92664295956337, 261.36508631877876, -680.9758456046584, -806.4402743608027, -423.40310875709923, -951.9384415190398, -654.7413290763255, 299.39515850876677, -714.0251478143854, -457.27029160075614, -698.8161185565099, -1083.9734452478297, -1013.0599146791362, 178.16745298661274, -667.5899333087258, 144.19126043498915, -1286.1467977849911, -398.60203241692597, 406.97876571856017, -352.1305117662905, -796.9677953619178, 762.2818634753985, -569.4825870619835]","[100, 100, 100, 100, 100, 100, 100, 100, 100, 100, 100, 100, 100, 100, 100, 100, 100, 100, 100, 100, 100, 100, 100, 100, 100, 100, 100, 100, 100, 100, 100, 100, 100, 100, 100, 100, 100, 100, 100, 100, 100, 100, 100, 100, 100, 100, 100, 100, 100, 100, 100, 100, 100, 100, 100, 100, 100, 100, 100, 100, 100, 100, 100, 100, 100, 100, 100, 100, 100, 100, 100, 100, 100, 100, 100, 100, 100, 100, 100, 100, 100, 100, 100, 100, 100, 100, 100, 100, 100, 100, 100, 100, 100, 100, 100, 100, 100, 100, 100, 100]","[-55.258171761170345, -50.2600129274638, 24.208500428577203, -28.634220415265247, -121.42606842796378, 20.43282400192096, -275.9111365162205, -193.85946265322536, -317.00636813144126, -288.91097776742384, -182.29779382932313, -76.18229400141509, 36.78309372747346, -77.65801348133448, -89.54658828613759, -48.61381251871369, 13.583408669529792, -4.73207052978341, 38.07931564232645, -210.21762934712845, -189.72630745087693, 20.92880522743332, -63.81644947415114, -137.7142406393489, -68.0508161113016, -73.3753401945943, -89.48050291063316, -187.01136339811487, -53.198684824546284, -97.83692682861519, -2.4334242375214723, -51.08484908271566, -0.7163451660165956, 209.95112753830833, 302.15325278045407, -106.03602015533475, 56.45966559718926, -80.19112079083754, 75.83046016472451, 72.94232697683844, 91.82000969337379, -51.402564993798954, -135.75610767788157, -106.44050995461146, -120.40100472611036, -83.6771455356341, -321.58653474091943, -81.07993915593919, -9.433576747865763, -14.062697668712394, 100.29411025486361, -45.29769689554985, -9.316929847492228, 478.36269440455544, -92.05700351151336, -129.22497285613863, -209.4277288288006, -119.1570843331647, -248.65067155371358, -217.65582040038876, -19.02566418743921, -72.24302893424178, -123.57630887614461, 2.267862317890197, 17.67690591833134, -54.43564594164855, -220.12466198179808, -146.21589292878883, -217.31688845599618, -144.60519385477232, -119.57337997218346, -143.88574476515922, -173.75848227385052, -140.00399383659564, 57.83357220397886, -56.49359430032838, -50.59121942584168, -58.24122817671752, 8.534017713763287, -12.673062319504352, 196.11908827775864, 92.38521226847705, 130.1106337839812, -43.331583054075644, -113.27012498595842, -182.2719332555387, -159.10658200175925, 3.5382881515068405, 51.03106695106113, 95.54767622901024, -157.55881448343177, -70.7298143453354, -129.12207279607279, -98.11040874664383, -18.130386840148752, -192.84286439290344, 60.87383615915698, 53.507603871757894, 83.82814741080952, 28.607171737694472, -87.98219940430647, 49.913814153564616, -302.11150955711497, -244.22431203253058, -290.97642990699086, -350.5120757244825, -83.38003089406492, -224.26356146574318, 137.00591186550133, 105.25391341486767, -101.73298561428034, -53.90356107521428, -98.74816659910158, -60.65659022982213, -296.39457101874456, -302.53428128740404, -120.66911874477829, -396.4589738752959, 55.93662428255534, -203.2997391864037, -157.6528326973258, -1.0229835269424439, 55.81278510117918, -174.8965599111952, 16.778602156833145, -218.5864928438531, -36.05272002906272, -56.36096045329966, 85.33029483545084, -205.6205434803888, -82.56425978418183, 53.986946519830134, 135.0053916244009, -51.41465794777649, 5.7430359896493055, -71.60022614114246, 62.08400317275686, -69.34625419536772, -166.61999818594205, -54.89652683975291, -100.54048671000785, -156.68318061516092, -183.22937721747573, -182.0629217281203, -162.06463994444644, -150.20026389585243, 44.08707753052736, -214.9375639288628, 11.605594305062858, -49.33586442412361, -5.980953622382513, -43.26961158344516, 2.4863513049591055, -36.78612887606522, -124.2039440651972, -53.4018851872368, -188.39605968575717, -163.54182792245007, -214.77148990168362, -135.54808935425532, -172.6809563865492, -179.53473123548355, -194.09382151249426, -193.75900457425305, 55.80804727404556, -251.6156993091756, -87.28208773225442, -138.15106445309775, -30.148746802864018, -152.2235355385927, -177.69143835962348, -38.58279651516307, -221.32806401304094, -71.0691566179981, -136.08941691287802, -107.22329143200119, -60.80265550436475, -47.873177680968844, -139.11931011517518, -94.51243593388932, -52.842020339553756, 43.59815737197893, -108.42776147060259, -53.78995114853966, -164.53956438576398, -1.3510916726321636, -57.00956743591263, 182.83595074053193, -106.69032211883358, -44.77641566618581, -17.30311811231435, -80.5300313229814, -231.7808399452136, -70.76272145253508, 113.24165779523456, 88.01332758000096, -128.97938608795232, -140.73919540854678, 11.506267741793112, -87.2756420738029, -28.593638223218726, 313.19827974784755, -69.98369629033621, 99.51549499400386, -104.88311275894878, -187.00572821498488, -166.59500649244615, -217.4505287747211, -146.5425737375838, -206.6469367793157, -14.152917552527555, 1239.24679709469, -5.8929564322736585, 34.67614984670905, 42.388050965639835, -13.695411489890319, 87.72837768500654, 198.02845595428457, -91.29057018239229, 203.21722113566807, -52.80436782322194, 138.55412531736235, -234.94202987126133, -295.01862867625334, -188.65700548478458, -174.21322228077312, -192.39805436900375, 549.6088550594634, -144.59845302185724, -157.03420137972745, -112.99663620008215, -10.820604452452, -141.31665020386805, -95.83700147872509, -41.75937045980298, -22.4716650745954, -9.500165532838906, -28.42232855794844, -44.33247055120148, 51.98903950615952, -41.984872165804326, 165.38077851966892, -90.00826611116936, -80.17030890162602, 157.84090733907206, 14.987878150829323, -69.00717094690336, -10.509890832081602, -103.74557357384018, -181.39124060053226, -148.60858065992056, 31.96113809905742, -134.7831566870524, -64.69466395115288, -137.24277843945913, -35.18358671400131, -99.76622937609547, -150.3448260660761, -225.0222343501471, -212.50125211572967, 27.11945447108641, -119.34118025507125, -90.32144560138653, -113.94798829029291, -159.63590218598736, -237.80867243410398, -127.6775331732461, -233.1376097754438, -149.6565137914905, 496.8088447606104, -111.88755186434948, -189.57453890845647, -158.49509973994338, -192.84143978532975, -175.98457093757847, -112.82728733145849, -197.99923869761335, -91.45609448935811, -268.00255838269334, -248.4378147598648, -184.5549099767378, -194.2776998684886, -118.14105976720371, -91.66374918935863, -208.1565880655438, -33.75008662174637, 41.41807524872308, -100.6137721146346, 92.23253422243401, 73.63354743893937, 71.3885418073476, -17.495443131014497, -18.50509278659546, 82.723355419019, 86.58630321765101, -8.956945369900536, -57.431593225012975, -88.15373791115456, 163.81057896641798, -24.40452542915828, -146.13636822656363, -164.0714394417894, -317.619165862725, -190.6029961356154, -222.7480372184496, -202.67997444370707, -110.59244720527457, -130.54273609223313, -72.13145657365952, -181.82085857386505, -129.45130825723646, -144.42261027735483, -121.65259029340592, -269.10972126536507, -250.92680319086045, -221.7622408556989, -179.88182080474658, -284.35332945602363, -50.54266946873617, -13.676441544046016, -3.858785304222081, -14.069660755808025, -181.68469828079841, -169.40679155620853, -207.84162544381627, 5.549591144262039, -207.0145542337109, -158.14861699354094, -195.41556422819758, 38.51630285701864, -82.47976097077397, -77.34330553724135, 50.78163498766392, -146.11848738860132, -60.41834235184653, 69.20128976187482, 10.16503981020902, 262.6083638070298, 22.342278036103682, -30.09697983881494, 265.4344106914475, -6.732304970388129, -158.27500288637646, 121.25672342560061, -197.19402514507985, 147.06302869915783, -144.54822022564446, 291.90720864138694, -88.77632164746515, -149.59942649784438, -183.5339700360192, -189.07857278376582, -214.9169389066277, -269.1783218605004, -227.56552139651507, -142.16867847511423, -84.88355868973977, 211.588342238331, -115.97682806250597, -140.86609047689953, -153.75006379198035, 66.03440449897722, -243.50107179527353, -144.15312822941013, 79.09204673571995, -247.08814951318394, -31.973412718003296, -69.36117459550935, -46.35537508644751, -106.94499024715553, -20.614154647577827, 173.52192349350256, -123.32256825766709, -10.937302025138655, -24.176068671711896, -100.80761357827458, -127.14943055800111, -132.2063122388363, 325.44720852193933, -121.90933316324099, -140.23695611391057, -30.974262498897314, -130.28277568703254, -228.85724147592398, -243.71550061762346, -82.18314474593157, -286.611114906272, -221.33530642254757, -110.01574353617758, 380.6485467284767, -26.058419940105072, -142.39587989631931, 20.418090872673073, -49.686416213033354, -94.02324639551726, -44.37312835750551, 84.17008753633039, 109.69482544955775, -36.753072252568955, -58.41321081298228, -132.59554890494147, 17.29056487346958, -87.99397294855424, -207.99430194314334, -64.0080285256529, -117.01777729139593, -153.21600189978614, 13.126445734227737, -66.52596318095387, -85.34660912797753, -105.03417762864277, -174.9215285191975, -95.69214435577547, -140.88764910196912, -175.42283586291433, -165.47866269248846, -271.4468598344495, -170.63512118567152, -198.73891633660446, -149.27456959880848, -47.35698467717391, -113.25070057587138, -67.92523939461636, -73.2787079819607, -64.9492837279527, -121.70394597493969, -159.55363771739002, -146.81601275958414, -40.71943881717566, -139.38751117567904, -184.41325431217462, -124.24407427936684, -240.22651424493063, -186.29196353550566, -118.11327894164778, -154.36986126996072, -111.10387029969772, -127.40813644601918, -177.27994203152923, -205.0891814188033, -198.45187179507025, 110.83748291223421, -166.84520614268382, -104.61543815285884, -143.45798578989434, -138.82829931298548, -100.31272493306192, -235.14259101676464, -73.61269525020235, -175.27993225716472, -131.1074581031805, -63.363668796489655, -96.48266359523616, -85.37920569835859, -69.97288002717286, 208.7129253414068, -184.22169393817424, -159.039307285257, -136.08346124908266, -143.6623195063365, -130.34595947705702, -292.3530638681252, 43.35255049954757, 117.69264873713252, 21.06558413425644, 87.6084328298203, -42.52696818346622, 22.734394942272598, -85.81546264971962, 166.81170878962257, 154.79211702994397, -52.33823265268485, 58.58518597900256, 19.329769822614843, -111.49104713384563, -114.98135487945765, -109.19550992768534, -145.84479023760503, -128.56758159404671, -70.89556183201798, -78.18967542031417, -184.51564154334994, -94.81733437187616, -178.92019773670526, -130.55454372112033, -139.44288156743667, -238.29891494739957, -58.736220570335334, -82.65379461069885, -84.07304845767973, 70.79532522769634, -30.436455398682345, -193.29667386387328, -94.12410634651405, -157.04733959753924, -191.42153563123605, -152.63367742097046, -163.41510865890575, -63.45702276960699, -196.6786276994553, -61.66397827282826, 2.9061827519246313, -195.15928189365528, -140.68860119270423, 153.48146190729275, -56.5963131783017, -3.3709923688369576, -49.781145901586186, 219.4578976374297, 36.20425041276849, -69.75976320794265, -198.05947588368358, -97.50801487143812, -114.60885334840881, -140.05714145993366, -94.03189904297875, 64.23571594190754, -74.41483939950434, -89.65125269011409, -128.98443329549494, -111.98607933244419, -116.46940282510641, -110.68809143261811, -130.22363988818495, -115.58556850491638, -65.50525370868412, -105.79329715651221, -171.02026786559293, -152.41817839414188, -186.96056845778594, -266.40225279731686, -136.54719944640703, -188.05359712034425, -153.59164903183395, -125.1854989785393, -259.27552093416386, -96.91332094438829, -217.10917745352927, -158.97041874458088, -155.60597762393442, -66.0404482125818, -45.832205333960786, 111.35794868467976, 61.07322348985835, -17.906777192652214, 135.51571155126908, 102.53503998761114, -200.28288987602312, -114.50880367235271, -192.99488361491774, -190.40260265223526, -71.93579348080793, 59.48962851184627, 133.75356889630112, -37.336121658458936, 91.75319402334873, -9.474876222868916, -93.99413311517915, -157.9990630563565, -211.11688861706088, -286.5055430132334, -191.71481018924425, -241.36419230498743, -197.44630060410844, -84.35634235926798, -157.24374830527475, 3.857936032623972, 28.168853237479873, 0.9494306631349883, -189.97816168562187, 171.65748256537933, -69.70760053733893, 11.008551283290618, 36.50286741638597, 94.8000544299859, 162.717410560857, 6.637342172822116, -115.86362762336192, -91.16405504663398, -3.2884912392317087, -75.41235324304928, -73.03932678683472, -126.56608400167275, -166.61656277509587, -185.11992004340033, -137.53198466515678, -74.71414303889729, -106.41910083769591, 179.67664401495242, 110.37047581849228, 164.86476740177875, 137.70575536305975, 65.79036699157237, 103.87385388554327, -101.91779753287352, -117.06012489243138, -23.530267730364756, -57.37058160254321, -128.10989528814696, -141.49392001562387]",19.889427160344543,0.7126188079467636,0.9891882750117093,9675.885,620.098,10.61,565513.968,37407.777,160.394,11.772,306000,306000,40.9060606060606,15.299999999999997,1.9073486612342094e-07,4.999999873689376e-05,5401.6294,-0.0014478441,5401.631,0.10764172,0.0022336983,0.1819168,0.0
1282.5697124323488,-1327.6865058660978,-437.1667696022515,100.0,60,15,312000,False,3120,52,212f51d07e9840f9afce8433e261ebfd,2020-07-14_16-39-05,1594744745,47.38406324386597,2435.726372718811,62816,tango5,131.234.250.245,2435.726372718811,0,52,d74d5_00000,0,-324.99273060038814,1239.24679709469,-72.86112826704195,"[-199.01505258422605, -154.97178628689085, 195.42669877553712, -365.0095890269251, -434.4265942603139, -612.4887253955725, -105.82434457911646, -794.9417284870071, -1198.4342300378773, 951.2605477257371, -1287.2881329727609, -323.8251313957525, 59.58779401860963, -699.4537199176577, -494.89947114898587, 413.64677358203716, -901.6569633948036, -1223.5396213627641, -1253.9051305711653, -927.8558945394582, 426.3157312489254, -1306.9699314174186, -680.2111703486767, -1036.9294983272139, -234.9353927681421, -89.21401262143176, -879.4562368104469, -961.0231270497967, -790.0334288157092, -211.16892691635076, -296.1848816329225, -921.2051003558798, 137.37166633617508, -658.7462880917974, -365.7695310457963, 93.96523047709493, -1026.939836829761, -351.26670595823197, 327.01528740978824, 589.0271191000066, -858.2447929529724, -164.1737022716153, -56.30366899637555, -784.6536402994307, 203.90807807241657, 132.23619907333534, -931.9778232671713, 1263.6025697124378, -1227.8749182179058, -47.808448539319386, -1231.9107661933801, -1090.5315652950096, -603.4714435823521, 983.5338125439906, -1056.0063479573116, -711.8145437266307, -704.804231656651, -550.399207467372, -1050.9673333149376, -849.3792379237138, -479.5674817213036, -241.2812423916511, 10.47129250252133, -844.0324912964599, -520.8456603576946, -261.1561720293676, -1054.4731544861781, -809.0936303072293, -691.0437378472809, -585.6202875792766, -337.3522316451136, -123.47350391569528, -371.0071575190129, 238.36706589628673, -1029.1238867580018, 1282.5697124323488, 483.4332420867069, -535.620085622613, -662.6035467367109, -94.49696067022808, 126.04611683097005, -481.30131851422044, -622.015241233837, -734.0146461415407, -411.10738659966165, -941.6104885671161, -1184.7283161747564, -510.9071805097642, 283.97744297013105, 71.45008024884206, -1243.8579813288497, -768.961416979624, -1327.6865058660978, -433.2390469098193, -724.3544668979857, -246.37697149892415, 523.7208075355879, 60.20971250904462, -1095.0835517322225, -499.8723348624441]","[100, 100, 100, 100, 100, 100, 100, 100, 100, 100, 100, 100, 100, 100, 100, 100, 100, 100, 100, 100, 100, 100, 100, 100, 100, 100, 100, 100, 100, 100, 100, 100, 100, 100, 100, 100, 100, 100, 100, 100, 100, 100, 100, 100, 100, 100, 100, 100, 100, 100, 100, 100, 100, 100, 100, 100, 100, 100, 100, 100, 100, 100, 100, 100, 100, 100, 100, 100, 100, 100, 100, 100, 100, 100, 100, 100, 100, 100, 100, 100, 100, 100, 100, 100, 100, 100, 100, 100, 100, 100, 100, 100, 100, 100, 100, 100, 100, 100, 100, 100]","[126.7312807010219, -31.594752844326333, -125.12115709015873, -49.01131159595319, -216.16189960671088, 96.14278785190096, -138.0198446777672, -120.74176894549956, 209.08221559916112, -55.11266728847577, -14.683866162113592, -35.49585481219531, -26.388398826747224, 128.32999469089995, 62.73506200022858, -134.10817662131, 136.44782206841768, 28.410395464047998, 43.810929713262, -133.3878173053908, -36.59793218798699, -113.66472760767233, -60.76122777991227, -64.40881385922447, -137.06673634044944, 27.493606591522898, -45.69757235135617, -73.52503579749217, -72.23448118286586, -133.39637517967398, -90.37792380585421, -122.67715879006283, -82.80549065985066, -148.45632860812842, -97.01290213283471, -71.15892139884134, 14.627556620900457, 66.15123674434795, -32.13251908154419, 1.9259977153957202, -64.85661352849328, -91.54000304972276, -173.75061335083745, -115.43015360570871, -94.41884704491004, -160.44302842183095, -158.70149274984468, -92.19759331387456, -180.45831528390056, -177.26853563617456, -256.7888654469394, -179.90722899931245, -187.55727294070255, -216.45401173084682, 236.79044402079074, 78.82544753440196, 102.0519974047387, 95.60156836530625, 221.63861134836148, 216.35247905213822, -192.21402732054818, -200.17602104380904, -117.74429220065174, -261.0399868894051, -247.91675925071277, -268.1970462676348, -66.08586848071378, -141.9740812762922, -10.169537226200909, 45.31148400272142, -41.549368581684554, -109.35775983358285, 48.74677043705215, -32.16140198985705, -8.113628084256755, 42.369798895931176, 11.223768648980414, -2.4775138892405044, -210.33935227830094, -134.03014543220496, 31.347078274469585, -96.49440424638371, -117.08927206052383, -172.84762417471325, -199.28224777759536, -198.80367181882954, -89.91127016560341, 74.31673491085746, -184.05675054363923, 102.83773424582421, 77.2267759210138, 70.57476044355998, 9.531285186691115, 109.27239520485489, 132.50567672798877, 14.53588009792951, -215.86847775638518, -132.13278278764383, -55.775414021513264, -143.7043479981256, -182.15501168765238, -172.02092914348444, -207.58462527444817, -238.6045030699367, -180.92975703926373, -154.25496035606085, -319.9097843429367, -122.25599128011692, -214.71056659567344, -154.88311336839737, -244.09381008887976, -169.41360851524135, -228.65525729517177, -242.14877470780038, -214.68469333550127, -147.78069320255338, -113.44970354584586, -148.19191836680568, -165.5612904989252, -138.18759558982615, 33.31882324474588, 130.14712290782757, 91.24411330716723, 105.24690993583053, 7.268618962495114, 59.090142890858004, -81.02092774104723, -303.62744872061626, -212.67163453496948, -324.99273060038814, -126.79752257548849, -257.8596672449081, -64.3907707374802, -211.28232453010403, -18.66884662588244, -155.49940266372826, -101.8277744247584, -128.54205136672329, -114.49995112540957, -192.42676113650148, -178.30937369728005, -145.7926639352671, -246.70702905790202, -159.19371937485428, -131.40891379508918, -107.66654996449337, -14.255241867771343, 4.234270989257974, 59.16833260499922, -45.00729073504571, 10.6087085866187, -75.8376189840269, 45.17882428732442, -33.76444676882574, -24.33074143391506, -11.06873830860706, -90.34788237644696, -256.22099418482316, -186.53606522540005, -114.62893467824034, -150.6368095268427, -81.0855508186926, -75.48819331593891, -164.4535186459066, -212.4580040869551, -65.39792065899793, -264.03245019109096, -179.19304015090643, -180.4888796272328, -100.80406955146297, -82.99595470058222, -132.98767201582802, -175.6234186518874, -117.13343426871664, -100.70608248766577, -66.07293113637742, -80.07828339134855, 68.66362598542662, 109.10664113059762, -142.08189701698348, -95.62431830612391, -63.558982618251235, 63.480567521129046, -86.27906081977068, -36.10182736893218, -78.10126004097387, -220.73473977807322, -242.7554264810601, -164.68378726288978, -183.5182113566958, -49.77420555228422, -59.73872992487766, 1.1690087614324116, 32.48490199606595, 60.66965949750588, 17.244666499674764, 74.10282269834664, -48.29939311685015, -78.89472716588077, -134.69794000152137, -87.96492461634939, -106.42370686460745, -124.41072033575946, -126.35426910767919, -158.7367529272223, -121.36584933085523, -19.21972878648422, -90.73838591691394, 137.5972029560424, -113.30601704036297, 22.862827913797528, -120.03600669011857, 41.56717264207808, 76.38021706202969, 66.24731106958984, 6.943708479719244, -190.59418958808163, -197.36466020772312, -210.43610084156123, -70.16099062325459, -188.70439615457545, -169.67949941456453, -169.9207918957638, -189.73599559640365, -73.27004701176668, 7.3587871647550855, 24.22829086684392, 50.073050514102945, -49.1201076202, -57.17275339739043, 431.23552264078273, 11.923565054724623, -41.24304455164841, 31.392105283518994, -15.163402975721281, 49.99401318310308, 158.17531438551754, 296.3481137138734, 241.59265434076354, -141.91957354752958, -164.2202942857826, -18.220088488292102, -171.502402640299, -312.49430726704895, -114.53309491230031, -77.27460535925026, -7.045623759642062, 14.061826498139764, -103.2169329118544, -133.09557906068952, 87.00381249404188, -21.881205531611016, 55.288602737350885, 55.396892720396025, 13.688398753720437, -53.64862483159077, 4.14745002484837, -131.17638840110067, -151.89975364930638, -79.85282225127301, -121.98878660168026, -197.2005626344232, -107.52941601847769, -126.18229914427066, 12.600522391429019, -22.18812855568654, -7.472525292124768, 89.06034184953145, 4.261252175156222, 127.6466155041106, 501.9776108240807, -17.18473860132253, -67.52992013255313, -114.5943277332318, -127.03620775983812, -43.396217523799976, -220.78917244684936, -111.65257033797138, -136.67596286804718, -232.55063328794242, -87.13702312407504, -143.17246120228668, 101.93560064727124, 185.32900754645144, 175.528236408121, 246.21753220728223, 334.39335969178074, 220.19883321153344, -247.6560854570466, -193.80245479723212, -111.11041454428481, -142.47655948345033, -292.5699311457157, -240.2594727901757, 130.03269195396135, -106.3646657046314, -20.4683679147833, -47.44451138611441, 4.568642350580838, -8.132237838332136, -208.00884199654914, -174.85029822792475, -243.09761550632956, -181.1858998537523, -167.4943403508318, -257.27377025799404, -218.06632756922085, -217.5473803665712, -159.5063261082439, -124.43291128507009, -162.0301200449452, -208.94849992095865, -85.91334470050612, -116.05958539884534, -113.91726111978686, -58.96163527829064, -105.14417166729487, -123.47544541762932, 81.06906839870413, 343.3476731779632, 78.13586156645002, 87.73597946258121, 52.457306809034456, 340.78792312925873, -240.09778643179544, -189.1585196741476, -229.47862433319548, -179.54726547494852, -279.3410546225542, 61.61690257932867, -147.5281894292961, -72.34451828541367, -81.93238674704645, -183.55855518131222, -115.71816441336978, -110.732729670193, -31.38378193309834, -158.06012144755542, -168.65475100620563, -152.69714619630537, -13.210907638638327, -180.79752343484836, -104.11791767818895, -142.27319551617367, -17.22901382441478, -77.65587767862391, -35.69698632847971, -173.42621644149068, -187.38319428541934, -60.60221437245716, -153.23306256290425, -211.2448613503449, -176.77747607796366, -261.7265246658485, -201.14080547182533, -85.72450790842846, -285.1082915286271, -80.77731784400207, -119.37083540459413, -77.25747976623877, -157.6528326973258, -1.0229835269424439, 55.81278510117918, -174.8965599111952, 16.778602156833145, -218.5864928438531, -36.05272002906272, -56.36096045329966, 85.33029483545084, -205.6205434803888, -82.56425978418183, 53.986946519830134, 135.0053916244009, -51.41465794777649, 5.7430359896493055, -71.60022614114246, 62.08400317275686, -69.34625419536772, -166.61999818594205, -54.89652683975291, -100.54048671000785, -156.68318061516092, -183.22937721747573, -182.0629217281203, -162.06463994444644, -150.20026389585243, 44.08707753052736, -214.9375639288628, 11.605594305062858, -49.33586442412361, -5.980953622382513, -43.26961158344516, 2.4863513049591055, -36.78612887606522, -124.2039440651972, -53.4018851872368, -188.39605968575717, -163.54182792245007, -214.77148990168362, -135.54808935425532, -172.6809563865492, -179.53473123548355, -194.09382151249426, -193.75900457425305, 55.80804727404556, -251.6156993091756, -87.28208773225442, -138.15106445309775, -30.148746802864018, -152.2235355385927, -177.69143835962348, -38.58279651516307, -221.32806401304094, -71.0691566179981, -136.08941691287802, -107.22329143200119, -60.80265550436475, -47.873177680968844, -139.11931011517518, -94.51243593388932, -52.842020339553756, 43.59815737197893, -108.42776147060259, -53.78995114853966, -164.53956438576398, -1.3510916726321636, -57.00956743591263, 182.83595074053193, -106.69032211883358, -44.77641566618581, -17.30311811231435, -80.5300313229814, -231.7808399452136, -70.76272145253508, 113.24165779523456, 88.01332758000096, -128.97938608795232, -140.73919540854678, 11.506267741793112, -87.2756420738029, -28.593638223218726, 313.19827974784755, -69.98369629033621, 99.51549499400386, -104.88311275894878, -187.00572821498488, -166.59500649244615, -217.4505287747211, -146.5425737375838, -206.6469367793157, -14.152917552527555, 1239.24679709469, -5.8929564322736585, 34.67614984670905, 42.388050965639835, -13.695411489890319, 87.72837768500654, 198.02845595428457, -91.29057018239229, 203.21722113566807, -52.80436782322194, 138.55412531736235, -234.94202987126133, -295.01862867625334, -188.65700548478458, -174.21322228077312, -192.39805436900375, 549.6088550594634, -144.59845302185724, -157.03420137972745, -112.99663620008215, -10.820604452452, -141.31665020386805, -95.83700147872509, -41.75937045980298, -22.4716650745954, -9.500165532838906, -28.42232855794844, -44.33247055120148, 51.98903950615952, -41.984872165804326, 165.38077851966892, -90.00826611116936, -80.17030890162602, 157.84090733907206, 14.987878150829323, -69.00717094690336, -10.509890832081602, -103.74557357384018, -181.39124060053226, -148.60858065992056, 31.96113809905742, -134.7831566870524, -64.69466395115288, -137.24277843945913, -35.18358671400131, -99.76622937609547, -150.3448260660761, -225.0222343501471, -212.50125211572967, 27.11945447108641, -119.34118025507125, -90.32144560138653, -113.94798829029291, -159.63590218598736, -237.80867243410398, -127.6775331732461, -233.1376097754438, -149.6565137914905, 496.8088447606104, -111.88755186434948, -189.57453890845647, -158.49509973994338, -192.84143978532975, -175.98457093757847, -112.82728733145849, -197.99923869761335, -91.45609448935811, -268.00255838269334, -248.4378147598648, -184.5549099767378, -194.2776998684886, -118.14105976720371, -91.66374918935863, -208.1565880655438, -33.75008662174637, 41.41807524872308, -100.6137721146346, 92.23253422243401, 73.63354743893937, 71.3885418073476, -17.495443131014497, -18.50509278659546, 82.723355419019, 86.58630321765101, -8.956945369900536, -57.431593225012975, -88.15373791115456, 163.81057896641798, -24.40452542915828, -146.13636822656363, -164.0714394417894, -317.619165862725, -190.6029961356154, -222.7480372184496, -202.67997444370707, -110.59244720527457, -130.54273609223313, -72.13145657365952, -181.82085857386505, -129.45130825723646, -144.42261027735483, -121.65259029340592, -269.10972126536507, -250.92680319086045, -221.7622408556989, -179.88182080474658, -284.35332945602363, -50.54266946873617, -13.676441544046016, -3.858785304222081, -14.069660755808025, -181.68469828079841, -169.40679155620853, -207.84162544381627, 5.549591144262039, -207.0145542337109, -158.14861699354094, -195.41556422819758, 38.51630285701864, -82.47976097077397, -77.34330553724135, 50.78163498766392, -146.11848738860132, -60.41834235184653, 69.20128976187482, 10.16503981020902, 262.6083638070298, 22.342278036103682, -30.09697983881494, 265.4344106914475, -6.732304970388129, -158.27500288637646, 121.25672342560061, -197.19402514507985, 147.06302869915783, -144.54822022564446, 291.90720864138694, -88.77632164746515, -149.59942649784438, -183.5339700360192, -189.07857278376582, -214.9169389066277, -269.1783218605004, -227.56552139651507, -142.16867847511423, -84.88355868973977, 211.588342238331, -115.97682806250597, -140.86609047689953]",19.90401148957039,0.7124746599437205,0.9893430881332526,9715.185,617.59,10.628,564572.608,37419.126,160.346,11.936,312000,312000,40.618461538461546,15.299999999999999,9.536743306171047e-08,4.999999873689376e-05,3836.7607,-0.0017488446,3836.7625,0.11690206,0.00263197,0.17489687,0.0
1263.6025697124378,-1416.9873745456082,-472.9170946534635,100.0,60,15,318000,False,3180,53,212f51d07e9840f9afce8433e261ebfd,2020-07-14_16-39-52,1594744792,47.15750193595886,2482.88387465477,62816,tango5,131.234.250.245,2482.88387465477,0,53,d74d5_00000,0,-359.8417868234491,585.7530613096233,-78.81951577557726,"[-455.61118200990245, -383.56925773528957, -904.031244944021, -868.8800968062802, -1358.0032728120023, 423.28285775195627, 130.86776867575043, -830.8522668703655, -1041.105824418808, -740.1724472813127, 908.4762702876634, -295.7419460626755, -367.5931626677858, 161.60657383384665, -823.6600606621626, -131.93081426857847, -1217.0947368810703, -33.776054873630635, -499.6797389358426, -873.7703584404653, 129.1076282095175, -1387.55581218057, -380.8990433312535, -1216.4518897639962, -615.4805220224621, -499.8516209744121, -112.81792323206162, -507.6200327819135, 339.18853050845047, -604.5007396419973, 461.6768873768789, -393.056313524305, -512.2679655545223, 678.6693238612976, -1416.9873745456082, -871.3570517655181, -1053.8139172289034, 73.44226160757604, -1106.1103700559895, -447.01339031497224, -722.7103561397341, -853.9548296373778, 483.5776713401506, -359.922001745625, -1067.0445173348091, -472.98177028880247, -441.95342550141464, -732.1773265035165, -699.3291306711463, -590.9990201770717, -910.2853912232973, -457.27459264183864, -735.8156475777731, 22.72483118369116, -1096.1016705449078, -608.9387713149102, -1028.3330984225634, -263.11556565194337, -1101.0243912648941, 562.2879159247265, 426.3157312489254, -1306.9699314174186, -680.2111703486767, -1036.9294983272139, -234.9353927681421, -89.21401262143176, -879.4562368104469, -961.0231270497967, -790.0334288157092, -211.16892691635076, -296.1848816329225, -921.2051003558798, 137.37166633617508, -658.7462880917974, -365.7695310457963, 93.96523047709493, -1026.939836829761, -351.26670595823197, 327.01528740978824, 589.0271191000066, -858.2447929529724, -164.1737022716153, -56.30366899637555, -784.6536402994307, 203.90807807241657, 132.23619907333534, -931.9778232671713, 1263.6025697124378, -1227.8749182179058, -47.808448539319386, -1231.9107661933801, -1090.5315652950096, -603.4714435823521, 983.5338125439906, -1056.0063479573116, -711.8145437266307, -704.804231656651, -550.399207467372, -1050.9673333149376, -849.3792379237138]","[100, 100, 100, 100, 100, 100, 100, 100, 100, 100, 100, 100, 100, 100, 100, 100, 100, 100, 100, 100, 100, 100, 100, 100, 100, 100, 100, 100, 100, 100, 100, 100, 100, 100, 100, 100, 100, 100, 100, 100, 100, 100, 100, 100, 100, 100, 100, 100, 100, 100, 100, 100, 100, 100, 100, 100, 100, 100, 100, 100, 100, 100, 100, 100, 100, 100, 100, 100, 100, 100, 100, 100, 100, 100, 100, 100, 100, 100, 100, 100, 100, 100, 100, 100, 100, 100, 100, 100, 100, 100, 100, 100, 100, 100, 100, 100, 100, 100, 100, 100]","[-181.27803934900695, 35.37253701963007, -66.60835589851578, -116.77846873237175, -65.05930352413235, -61.25955152550605, 33.972674629876686, -139.23465258298924, -99.12967864942297, 45.8650469406065, -94.33244401472066, -130.71020405864027, -208.2876639816722, -125.39291767346347, -198.99601433122032, -285.3325776671606, -118.71446632634947, 32.69239503584449, -104.05082150079306, -206.32639338639808, -145.43052889121282, -150.37419942840347, -141.77938541224344, -120.9187681872306, -209.06122212473372, -248.841098299187, -293.8048093125732, -201.60294207747936, -231.78793404630113, -172.90526695172755, 51.994828665875204, 40.63509759254384, 315.24452593546397, -4.794704680178965, 15.30460977030504, 4.898500467947111, 171.74587228187696, 51.020313607360045, 0.31941204618405505, 15.607969342988367, -213.93551722730186, 106.10971862464339, -95.69548441129928, -220.9859770101132, -184.0389979199089, -131.7079158592951, -97.96472073941682, -100.4591709303333, -206.01184398008328, -134.06015968819523, -178.48725244358164, -219.4066149028156, -117.66356496591268, -185.47638843821923, -93.46206252737315, -65.51951735965403, -92.02653817228999, -52.83724486844532, -195.39609161339263, -240.93099274015793, 74.27100570052866, 158.9521465942644, 58.52334847114477, 286.44789464023086, 250.24903473163818, 80.03284014985493, -124.8961641953297, -18.843715584867482, -146.8937025594456, 222.55174085754862, -170.11032625796764, -57.54977832261349, -235.50930864263097, -7.320130836367276, -164.37502756490608, -4.926134050747422, 28.047568004254057, 16.489870422611517, -12.657192031925524, 331.38843694653247, -0.9549576951865599, -28.63829035118659, -42.03400320229438, -85.4974198320929, -76.6547044901248, -127.61419110972622, -202.68644615272802, -196.41898832533985, -142.75804945274587, -77.52768113149834, 27.768977498564016, 30.87095930823501, -30.117424192719795, -155.85594000721457, -50.94891080520963, 46.35152392976703, -186.89053876077506, -151.46011944591854, -176.15189594540348, -254.03577875858943, -210.26851152471957, -238.28789244566417, 10.386430551827424, -5.163429293481389, -73.20469287943627, 10.904098979553648, -10.800418471622692, 34.10195623952887, -183.89354903250558, -133.9834553478098, -109.75349295533577, -131.90136735823583, 187.45037693910717, -127.59825118106205, -163.02606745355695, -182.78252662070156, -203.89796750131828, -94.17291543221698, -96.60876473038253, -133.28211670228808, -64.65829001915401, -96.56157739172654, -48.894261854828116, 585.7530613096233, -119.78319981254492, -126.74810402185263, -263.66188251393464, -150.94898725634877, -294.31048286368593, -244.97008591612806, -165.87807474949983, -267.7862988809705, -126.84054378955341, 139.82281796986055, -118.36605515942756, -42.067649799832765, -121.1366548124688, -112.31095773983158, -238.10630799676753, -221.23902124840185, -140.9313452669192, -255.97579670079134, -113.67427506826519, -246.52514348285217, -93.57095481459741, -24.712847004747523, -115.96957762531537, -86.36917187158976, -163.97168899047008, -130.88628171574265, -41.36588101288798, -75.25841250735942, -79.4893277130478, -89.03357532365749, -19.460716404811745, -195.24370801264817, -62.49201530566638, -28.325701534009752, 70.10194200835275, 50.54287830341856, -117.0872059289901, -25.55782077516629, -224.86614486164746, -30.268891560688626, -97.1339958213282, -30.276968167343636, 50.4804369672698, -175.5544693381738, -16.97359440237367, -33.78629230116618, 208.68393556121603, -35.56552164281183, 251.71689064713632, -34.88688735355017, -100.90721527151177, -119.74452466804273, -179.66575427930317, -149.89362954991418, -102.91241963523997, 48.62280376201445, 68.16382228622177, 88.27207062418437, 186.96455019842833, -14.238697597161151, 9.559224633742387, 122.95591723146248, 152.3040590335108, -1.362900374442031, -157.42116173834623, -160.3268968449708, -149.29354168250086, -76.95587191755617, -207.7570673489098, -128.1809319976586, -206.8308570029929, -2.990536118672751, 168.31675387857643, -134.82532696486538, -7.108680735628215, 270.76448333923446, 39.19787687600658, 104.55269808544219, 25.779075681664185, 245.48387061457782, -213.74990012784926, -288.68680891508103, -201.1489580757733, -222.29571181393948, -226.82715661448387, -264.2788389984793, -102.53625027322275, -131.181708858667, -191.62638650403426, -109.75887438153603, -167.91629634570975, -168.3375354023487, -125.353374884994, 58.052446244847324, -272.86697588830975, -254.54147168822226, -211.16712865632186, -247.9374123559031, -108.97562191090978, 192.25472775073112, 194.01254673186324, -105.39532891665952, -77.3131025166239, -21.140959530824965, -137.32567252418374, -199.76228133344756, -190.71984125158068, -261.17537841192285, 42.714590288594806, -359.8417868234491, 216.66662487005314, -119.49312949551343, -111.6627397809698, -190.02188881902737, -141.4114431737242, -101.09081391579093, -64.93550839809494, -115.30036013029293, -116.46623515100077, -113.66966170337417, -208.03661010700873, -104.30198064996252, -159.6157226153181, -189.60435235143026, -88.41623556301187, -122.20067565427516, -168.951686160498, -125.16615729284541, 80.52271014251325, 37.568020545254214, 156.16542098656595, 193.69140748595953, 19.612217682787367, -3.9821055029290338, -72.31367439931228, -24.744035262636956, -124.92537225327676, -67.85311848697152, -31.40466453371249, -38.68113680971467, -163.01950112236185, -237.84945153294802, -146.65214444080166, -161.52540757555093, -136.59349434848144, -221.4045183146649, -21.044582869685335, -82.6362634983356, -51.30805150817617, -164.925270246421, -89.30043690620928, -63.76716525997505, -166.55718776715608, -7.426851699247359, 297.2251178237206, -150.23105256467028, -207.9965323383102, -206.96691895575185, -98.94941935589488, -170.13744945896306, -84.05238169595982, -146.01022389035668, -111.26025097607992, -121.76760112626205, -145.22143763351488, -58.16100972025321, -131.18779005981702, -156.14231723377534, -121.30790298139232, -87.3086730423938, -63.267173802800784, -187.2354424067889, -136.53488673420836, -114.5371553888622, -37.52220927975317, -51.90215256465798, -156.90770586204084, -84.57453849861561, -150.8451057343518, -128.06769940180357, -145.29048592755726, -244.59985579892677, -45.73450788588931, -68.28465507045532, -127.38359952195495, 7.548177785152092, -101.68522086477462, -121.7347870839156, -153.203059890902, -127.6341928192287, -165.57947188586243, -123.67458110312693, -55.901652283786, -109.82268959486673, -63.36276881780171, 118.73188041275353, -35.51069962977637, -112.22261446711613, 9.372521842186783, 105.71651184344513, -111.10939930593118, -180.2803125234942, -168.87316642965675, -279.63821210550947, -244.37481587371178, -111.8257643066032, -200.9805935920599, -128.8180043243218, -99.75016901259329, 10.209062627755618, -110.920040061289, -78.67902695240184, -172.1625383811147, -179.54176869309157, -224.6058213349924, -130.75861427984677, -125.97508453511318, -195.28927119840478, -109.61867270336222, -78.85166199149083, 75.68725250294665, 25.183420804357223, -104.615069207148, -70.90083505724623, -156.91389430595729, -249.25334980224886, -185.60269412513776, -222.03274174006452, -260.8303788657955, -26.391332425689995, 53.19118085279459, 195.3614659168664, 66.77895951544238, 95.220776432175, 136.48671247311114, 15.248820734335489, 33.31882324474588, 130.14712290782757, 91.24411330716723, 105.24690993583053, 7.268618962495114, 59.090142890858004, -81.02092774104723, -303.62744872061626, -212.67163453496948, -324.99273060038814, -126.79752257548849, -257.8596672449081, -64.3907707374802, -211.28232453010403, -18.66884662588244, -155.49940266372826, -101.8277744247584, -128.54205136672329, -114.49995112540957, -192.42676113650148, -178.30937369728005, -145.7926639352671, -246.70702905790202, -159.19371937485428, -131.40891379508918, -107.66654996449337, -14.255241867771343, 4.234270989257974, 59.16833260499922, -45.00729073504571, 10.6087085866187, -75.8376189840269, 45.17882428732442, -33.76444676882574, -24.33074143391506, -11.06873830860706, -90.34788237644696, -256.22099418482316, -186.53606522540005, -114.62893467824034, -150.6368095268427, -81.0855508186926, -75.48819331593891, -164.4535186459066, -212.4580040869551, -65.39792065899793, -264.03245019109096, -179.19304015090643, -180.4888796272328, -100.80406955146297, -82.99595470058222, -132.98767201582802, -175.6234186518874, -117.13343426871664, -100.70608248766577, -66.07293113637742, -80.07828339134855, 68.66362598542662, 109.10664113059762, -142.08189701698348, -95.62431830612391, -63.558982618251235, 63.480567521129046, -86.27906081977068, -36.10182736893218, -78.10126004097387, -220.73473977807322, -242.7554264810601, -164.68378726288978, -183.5182113566958, -49.77420555228422, -59.73872992487766, 1.1690087614324116, 32.48490199606595, 60.66965949750588, 17.244666499674764, 74.10282269834664, -48.29939311685015, -78.89472716588077, -134.69794000152137, -87.96492461634939, -106.42370686460745, -124.41072033575946, -126.35426910767919, -158.7367529272223, -121.36584933085523, -19.21972878648422, -90.73838591691394, 137.5972029560424, -113.30601704036297, 22.862827913797528, -120.03600669011857, 41.56717264207808, 76.38021706202969, 66.24731106958984, 6.943708479719244, -190.59418958808163, -197.36466020772312, -210.43610084156123, -70.16099062325459, -188.70439615457545, -169.67949941456453, -169.9207918957638, -189.73599559640365, -73.27004701176668, 7.3587871647550855, 24.22829086684392, 50.073050514102945, -49.1201076202, -57.17275339739043, 431.23552264078273, 11.923565054724623, -41.24304455164841, 31.392105283518994, -15.163402975721281, 49.99401318310308, 158.17531438551754, 296.3481137138734, 241.59265434076354, -141.91957354752958, -164.2202942857826, -18.220088488292102, -171.502402640299, -312.49430726704895, -114.53309491230031, -77.27460535925026, -7.045623759642062, 14.061826498139764, -103.2169329118544, -133.09557906068952, 87.00381249404188, -21.881205531611016, 55.288602737350885, 55.396892720396025, 13.688398753720437, -53.64862483159077, 4.14745002484837, -131.17638840110067, -151.89975364930638, -79.85282225127301, -121.98878660168026, -197.2005626344232, -107.52941601847769, -126.18229914427066, 12.600522391429019, -22.18812855568654, -7.472525292124768, 89.06034184953145, 4.261252175156222, 127.6466155041106, 501.9776108240807, -17.18473860132253, -67.52992013255313, -114.5943277332318, -127.03620775983812, -43.396217523799976, -220.78917244684936, -111.65257033797138, -136.67596286804718, -232.55063328794242, -87.13702312407504, -143.17246120228668, 101.93560064727124, 185.32900754645144, 175.528236408121, 246.21753220728223, 334.39335969178074, 220.19883321153344, -247.6560854570466, -193.80245479723212, -111.11041454428481, -142.47655948345033, -292.5699311457157, -240.2594727901757, 130.03269195396135, -106.3646657046314, -20.4683679147833, -47.44451138611441, 4.568642350580838, -8.132237838332136, -208.00884199654914, -174.85029822792475, -243.09761550632956, -181.1858998537523, -167.4943403508318, -257.27377025799404, -218.06632756922085, -217.5473803665712, -159.5063261082439, -124.43291128507009, -162.0301200449452, -208.94849992095865, -85.91334470050612, -116.05958539884534, -113.91726111978686, -58.96163527829064, -105.14417166729487, -123.47544541762932, 81.06906839870413, 343.3476731779632, 78.13586156645002, 87.73597946258121, 52.457306809034456, 340.78792312925873, -240.09778643179544, -189.1585196741476, -229.47862433319548, -179.54726547494852, -279.3410546225542, 61.61690257932867, -147.5281894292961, -72.34451828541367, -81.93238674704645, -183.55855518131222, -115.71816441336978, -110.732729670193, -31.38378193309834, -158.06012144755542, -168.65475100620563, -152.69714619630537, -13.210907638638327, -180.79752343484836, -104.11791767818895, -142.27319551617367, -17.22901382441478, -77.65587767862391, -35.69698632847971, -173.42621644149068, -187.38319428541934, -60.60221437245716, -153.23306256290425, -211.2448613503449, -176.77747607796366, -261.7265246658485, -201.14080547182533, -85.72450790842846, -285.1082915286271, -80.77731784400207, -119.37083540459413, -77.25747976623877]",19.917441814805787,0.7123385482239408,0.9893717842716262,9727.145,616.831,10.634,564201.747,37406.924,160.398,12.104,318000,318000,40.815384615384616,15.299999999999999,4.7683716530855236e-08,4.999999873689376e-05,3765.9805,-0.0016477103,3765.9822,0.121307425,0.0022737405,0.18142372,0.0
1249.632978375731,-1419.1647775743427,-508.00048686049456,100.0,60,15,324000,False,3240,54,212f51d07e9840f9afce8433e261ebfd,2020-07-14_16-40-39,1594744839,47.453614234924316,2530.337488889694,62816,tango5,131.234.250.245,2530.337488889694,0,54,d74d5_00000,0,-410.29534596604867,744.5637936046336,-84.66674781008241,"[-1173.4632746599661, -763.9752677069653, 343.88407629638505, -459.13977944805185, -543.0113076587127, 149.09690936969187, -213.74903256189177, -100.34102896811989, -30.401334360810395, -836.008579817115, -1014.3232647673589, -299.01884909632827, -1419.1647775743427, -40.32155387671712, -243.81584351574213, 119.7933975092735, -272.26254650595183, -196.8104560003536, -728.9107566156174, -221.54385601771043, -619.1434073285512, 632.4473930594218, -1135.924863652797, -1009.4565747577578, -271.1568238439421, -1009.7926414087402, -713.9439874286795, -882.2078507603239, -1367.5506069989112, -678.7667837044842, -491.0126461242076, 321.39904421242346, -818.5550057701794, -884.2406931131293, -589.2895475412379, 762.6992115015665, -726.0113775529285, -790.5679837793436, -748.663396464092, 310.71730819064976, -1086.158081833144, -725.0703718127941, -472.11629931493616, -727.5289424960281, -1409.2014358604542, -493.1130400469292, -1247.1876381067364, -964.7631330441225, -835.2797956833242, -785.3143835827146, -1041.3915598268345, -449.00677531716036, -844.3871515306769, -1091.7445129778316, -628.8746615984658, -794.7933921254606, 359.7396451902775, 580.9029302603703, -224.81428192875623, 1249.632978375731, 129.1076282095175, -1387.55581218057, -380.8990433312535, -1216.4518897639962, -615.4805220224621, -499.8516209744121, -112.81792323206162, -507.6200327819135, 339.18853050845047, -604.5007396419973, 461.6768873768789, -393.056313524305, -512.2679655545223, 678.6693238612976, -1416.9873745456082, -871.3570517655181, -1053.8139172289034, 73.44226160757604, -1106.1103700559895, -447.01339031497224, -722.7103561397341, -853.9548296373778, 483.5776713401506, -359.922001745625, -1067.0445173348091, -472.98177028880247, -441.95342550141464, -732.1773265035165, -699.3291306711463, -590.9990201770717, -910.2853912232973, -457.27459264183864, -735.8156475777731, 22.72483118369116, -1096.1016705449078, -608.9387713149102, -1028.3330984225634, -263.11556565194337, -1101.0243912648941, 562.2879159247265]","[100, 100, 100, 100, 100, 100, 100, 100, 100, 100, 100, 100, 100, 100, 100, 100, 100, 100, 100, 100, 100, 100, 100, 100, 100, 100, 100, 100, 100, 100, 100, 100, 100, 100, 100, 100, 100, 100, 100, 100, 100, 100, 100, 100, 100, 100, 100, 100, 100, 100, 100, 100, 100, 100, 100, 100, 100, 100, 100, 100, 100, 100, 100, 100, 100, 100, 100, 100, 100, 100, 100, 100, 100, 100, 100, 100, 100, 100, 100, 100, 100, 100, 100, 100, 100, 100, 100, 100, 100, 100, 100, 100, 100, 100, 100, 100, 100, 100, 100, 100]","[-216.17938427296787, -191.22865880991208, -220.96473070711764, -192.363128428591, -166.49307811787915, -186.23429432349786, 30.54860545133853, -215.02501724494272, -78.88846685964556, -102.08372634910981, -302.1546830988117, -96.37197960579411, 63.22102860055102, 343.57088549651803, -44.61223059531119, -29.996474227637247, -28.197989144830576, 39.898856167094415, -40.22847606052621, -141.6502728293597, -23.717779469564878, -161.09980418725803, 14.685723005219307, -107.12916990656176, -53.556005077105084, -30.74529774779543, -64.84272147107927, -157.53291475162234, -56.502516424175425, -179.83185218693566, 729.2427508055566, -149.46902618034485, -104.72812285668627, -76.04696532885815, -119.51528110166618, -130.38644596830915, -76.23026965524794, -152.16623680782914, -36.34176243052841, -79.29247411066639, -71.33448302603576, 201.61619346841553, -176.83760324984993, -69.9046338002718, -145.9803290988958, -33.27812486697344, 269.3701642194871, 56.289497828383865, 4.2853732034993195, -60.763204542997926, -58.18454488297953, -83.27831684716939, 84.53563659672105, 83.00372211211631, -133.84931509383236, -108.56842387655699, -161.2025392606229, -88.94428347895078, -121.9580123225786, -221.48600578457356, -163.3721864845061, -211.0437382697602, -28.255310579860797, -291.1413612095375, -129.25216795243364, -191.2585002712593, -11.254030523937065, -47.79166625880118, -145.11182078529058, 92.77314444388207, -127.17713456046549, -60.45734141171505, -237.924765026065, -266.8353184417668, -334.52780548840633, -272.6834945929166, -234.9856893193506, -72.20770470583622, -106.52186916495364, -118.63991829558782, -251.27855452822976, 300.1835383254567, 303.3970795682694, -167.46182978167286, 80.30777512762403, -92.61246807410767, -145.29743194820264, -134.03498792858176, 111.79987224668722, -63.97860293916115, -29.048638461281726, 179.33664583709862, -98.24283304619154, 27.034520288887848, -83.43830520905706, 124.15200809981738, 46.68956128481499, -37.05396793120384, -33.262357670020236, -23.89796142002404, -223.28760319921176, -1.4502175703069766, -83.30332565147722, 0.5194212901299387, 14.17557783724048, -23.2676091063703, -57.098874720934084, -47.83564564894216, -113.33236047290866, -204.44943661347378, -87.01787989272145, -39.88468001011006, -130.3086618044816, -153.91773782192178, 35.270680120971534, -21.12841236108676, -2.3038984748048392, -136.1718757636338, -81.08602468714577, -16.124324852011465, -117.5554884624605, -283.70350132357413, -9.36117381118422, -43.61200048857135, 7.822794373953702, -172.73403761671474, 744.5637936046336, -70.17216733191798, -12.826323744844295, -30.86775727360796, 56.09594360867799, -54.34609580352009, -126.3686796327026, -189.99930536151433, -265.618177738636, -197.6607254206914, -211.78725374730269, -144.49072175195028, -191.9575269856494, -158.12675946410485, -159.35046031973064, -161.17163823736362, -173.00285604590528, -165.84733370500402, -75.75659572464359, -17.52078510322227, -5.591697783954455, -42.613260010901584, -44.02987382128301, -85.64461139993662, -167.19529980334576, -43.68327873729559, -169.2913404000034, -163.1667367971995, -204.67791669162546, -261.7780689792698, -171.81146686225065, -148.0299950283478, -211.2441776545654, -214.47922656176982, -205.58396984029534, 237.20484851854894, -109.95324356197078, -160.49238549350906, -149.24136745999905, -80.63514018075588, -180.3131379090459, -201.57257615504437, -139.48752868126522, -238.05804948234515, -109.61832731977842, -410.29534596604867, -205.60678330731648, -264.4845722421574, -163.0872432580367, -138.3138208748033, -135.31052780389166, -64.23649131965344, -54.553463335373664, -123.26523711272485, -174.78911789419857, -132.99395549444296, -85.93987743508632, -114.33485500737109, 41.15247555958962, -24.10731585269805, -61.2871003077325, 40.133092275725026, 44.93702976526482, 146.49639011020312, 110.36534591945997, 40.75428644950263, -81.71961010371088, -177.11856850592093, -116.9279039778456, -67.4482200881566, -145.75966134489744, -229.58104174964797, -88.54317182270965, -150.230772274226, -190.33420910702392, -37.32082875146474, -306.6942024265926, -111.11750873111194, -60.775071436916754, -92.57780975360608, -43.62390097358644, -141.2513895140427, -85.58335501857526, -165.47802084450987, 146.32300968140945, 187.46747266533313, 54.314783513397906, 205.06537782952276, 103.97996701955522, 65.5486007923476, -183.3999145883458, -277.8050890661191, -47.13371435083971, -103.69865192957613, -103.33628792881066, -10.637719689237638, -230.34855710542536, 278.1541741252604, -174.0221365150799, -266.2913415769741, -165.56132848966664, -232.4987942174573, -101.80535850213325, -77.96365414312243, -113.44449325105988, -91.95892095832637, -224.78896844763207, -138.70200116181903, 470.34575196524503, -120.51917040160602, 361.53558002598623, -90.78058002792953, -166.07614944334955, -143.78812392769686, -241.8934783249139, -140.6835007309337, -98.49728509548349, -154.04794024189917, -219.72279313320288, -231.313084306711, -174.03137953557876, -159.98458720794318, -234.69824260692772, -125.69536884721673, 126.09403696377795, -156.754830578905, -61.71082183468658, -64.35817084338326, -71.38471396237085, -50.157960881117425, -62.85925722451814, -161.6453745688598, -90.34257860266317, -45.5526120276315, -111.13014739016839, -122.89722762962873, -290.6688228238145, -66.93755402212267, -310.48570309391283, -180.90824399077306, -212.6339700896955, -354.1085687437901, -151.11469248784474, -199.9502574544392, -172.43902001071436, -212.6005656224805, -188.332990256155, 168.3184322960999, -130.32165561079628, 42.262759157117166, -326.2800042625053, -156.04643573418326, -149.27521521557992, -145.7172105313032, -247.63159938043734, -222.2371729827285, -174.54599166783234, -178.10949234637403, -113.76510294886508, -183.2028490410012, -185.27538105520455, -129.86431598484438, -207.35258991024585, -211.75111296679322, -137.04409361848099, -122.72618366897669, -94.2401516722291, -62.165663846598505, -227.71872401007343, -155.4325537915526, -72.04912899403935, 21.981442810575523, -208.94757141496947, -143.1478481826548, -135.9426807581455, -145.08311450006246, -273.8040358478795, -176.5568285781108, -157.89140596919248, -152.1134941734429, 326.86312361859717, -177.90035475389112, -118.80642581315394, -154.8876890700162, -107.2936712626439, -216.98175803605275, -162.25789748118848, -215.7555028128687, -87.42525340722855, -85.77722735325084, -179.41551832901112, -113.75575214712926, -235.20254937279606, -219.98332287302418, -143.21993805595275, -224.0639054219972, -180.65315743280289, -88.6216398212569, -87.69651796469557, -91.33234419874175, -114.56667757850974, -53.97025505855112, -102.94929719244348, -178.35956960552386, -145.44863920720638, -211.74478922785235, -84.38616739817078, -103.66836178314645, -78.99946049880533, -170.54597401027922, -56.92916634758784, 282.48462103890233, -63.721796224516616, -121.07769639920663, 32.57538163891533, 286.4083014837709, 102.31813329514723, 97.79915258755258, 115.49865179839516, 65.43454458768151, 103.17784911850168, 96.67459887309235, -44.75398962662105, -87.69131011512462, -76.45957246714063, -87.06555524551263, 161.89886259782713, -90.74271707218472, 502.1619332379182, 49.78120299179272, 92.29709895738576, 82.59094588262346, 484.80589442864255, 37.995902877369545, -64.65829001915401, -96.56157739172654, -48.894261854828116, 585.7530613096233, -119.78319981254492, -126.74810402185263, -263.66188251393464, -150.94898725634877, -294.31048286368593, -244.97008591612806, -165.87807474949983, -267.7862988809705, -126.84054378955341, 139.82281796986055, -118.36605515942756, -42.067649799832765, -121.1366548124688, -112.31095773983158, -238.10630799676753, -221.23902124840185, -140.9313452669192, -255.97579670079134, -113.67427506826519, -246.52514348285217, -93.57095481459741, -24.712847004747523, -115.96957762531537, -86.36917187158976, -163.97168899047008, -130.88628171574265, -41.36588101288798, -75.25841250735942, -79.4893277130478, -89.03357532365749, -19.460716404811745, -195.24370801264817, -62.49201530566638, -28.325701534009752, 70.10194200835275, 50.54287830341856, -117.0872059289901, -25.55782077516629, -224.86614486164746, -30.268891560688626, -97.1339958213282, -30.276968167343636, 50.4804369672698, -175.5544693381738, -16.97359440237367, -33.78629230116618, 208.68393556121603, -35.56552164281183, 251.71689064713632, -34.88688735355017, -100.90721527151177, -119.74452466804273, -179.66575427930317, -149.89362954991418, -102.91241963523997, 48.62280376201445, 68.16382228622177, 88.27207062418437, 186.96455019842833, -14.238697597161151, 9.559224633742387, 122.95591723146248, 152.3040590335108, -1.362900374442031, -157.42116173834623, -160.3268968449708, -149.29354168250086, -76.95587191755617, -207.7570673489098, -128.1809319976586, -206.8308570029929, -2.990536118672751, 168.31675387857643, -134.82532696486538, -7.108680735628215, 270.76448333923446, 39.19787687600658, 104.55269808544219, 25.779075681664185, 245.48387061457782, -213.74990012784926, -288.68680891508103, -201.1489580757733, -222.29571181393948, -226.82715661448387, -264.2788389984793, -102.53625027322275, -131.181708858667, -191.62638650403426, -109.75887438153603, -167.91629634570975, -168.3375354023487, -125.353374884994, 58.052446244847324, -272.86697588830975, -254.54147168822226, -211.16712865632186, -247.9374123559031, -108.97562191090978, 192.25472775073112, 194.01254673186324, -105.39532891665952, -77.3131025166239, -21.140959530824965, -137.32567252418374, -199.76228133344756, -190.71984125158068, -261.17537841192285, 42.714590288594806, -359.8417868234491, 216.66662487005314, -119.49312949551343, -111.6627397809698, -190.02188881902737, -141.4114431737242, -101.09081391579093, -64.93550839809494, -115.30036013029293, -116.46623515100077, -113.66966170337417, -208.03661010700873, -104.30198064996252, -159.6157226153181, -189.60435235143026, -88.41623556301187, -122.20067565427516, -168.951686160498, -125.16615729284541, 80.52271014251325, 37.568020545254214, 156.16542098656595, 193.69140748595953, 19.612217682787367, -3.9821055029290338, -72.31367439931228, -24.744035262636956, -124.92537225327676, -67.85311848697152, -31.40466453371249, -38.68113680971467, -163.01950112236185, -237.84945153294802, -146.65214444080166, -161.52540757555093, -136.59349434848144, -221.4045183146649, -21.044582869685335, -82.6362634983356, -51.30805150817617, -164.925270246421, -89.30043690620928, -63.76716525997505, -166.55718776715608, -7.426851699247359, 297.2251178237206, -150.23105256467028, -207.9965323383102, -206.96691895575185, -98.94941935589488, -170.13744945896306, -84.05238169595982, -146.01022389035668, -111.26025097607992, -121.76760112626205, -145.22143763351488, -58.16100972025321, -131.18779005981702, -156.14231723377534, -121.30790298139232, -87.3086730423938, -63.267173802800784, -187.2354424067889, -136.53488673420836, -114.5371553888622, -37.52220927975317, -51.90215256465798, -156.90770586204084, -84.57453849861561, -150.8451057343518, -128.06769940180357, -145.29048592755726, -244.59985579892677, -45.73450788588931, -68.28465507045532, -127.38359952195495, 7.548177785152092, -101.68522086477462, -121.7347870839156, -153.203059890902, -127.6341928192287, -165.57947188586243, -123.67458110312693, -55.901652283786, -109.82268959486673, -63.36276881780171, 118.73188041275353, -35.51069962977637, -112.22261446711613, 9.372521842186783, 105.71651184344513, -111.10939930593118, -180.2803125234942, -168.87316642965675, -279.63821210550947, -244.37481587371178, -111.8257643066032, -200.9805935920599, -128.8180043243218, -99.75016901259329, 10.209062627755618, -110.920040061289, -78.67902695240184, -172.1625383811147, -179.54176869309157, -224.6058213349924, -130.75861427984677, -125.97508453511318, -195.28927119840478, -109.61867270336222, -78.85166199149083, 75.68725250294665, 25.183420804357223, -104.615069207148, -70.90083505724623, -156.91389430595729, -249.25334980224886, -185.60269412513776, -222.03274174006452, -260.8303788657955, -26.391332425689995, 53.19118085279459, 195.3614659168664, 66.77895951544238, 95.220776432175, 136.48671247311114, 15.248820734335489]",19.933557730841237,0.712189009551654,0.9891255561066464,9740.771,615.968,10.615,565211.681,37404.671,160.408,12.103,324000,324000,40.809090909090905,15.299999999999997,2.3841858265427618e-08,4.999999873689376e-05,5503.0405,-0.0018464879,5503.0425,0.112960584,0.0025909399,0.15426312,0.0
1249.632978375731,-1476.6884479914563,-544.8137508277355,100.0,60,15,330000,False,3300,55,212f51d07e9840f9afce8433e261ebfd,2020-07-14_16-41-27,1594744887,47.297027587890625,2577.634516477585,62816,tango5,131.234.250.245,2577.634516477585,0,55,d74d5_00000,0,-410.29534596604867,744.5637936046336,-90.80229180462258,"[16.190659737682438, -466.17477631159704, -404.27297234115315, -1206.2485407658048, -844.4214422097028, -429.88297852867345, -311.1690116720238, 780.2960707045775, -823.8671971101029, -1379.501092446299, -834.7596428867081, -399.7005294019747, -114.44113990436385, -961.7300821491906, -940.3601759897879, -580.0671610464789, -656.9397371280392, -653.4562712585704, -854.4250326307414, 186.89810079137314, -824.615356968813, -300.2122568214161, -352.16888133823096, -239.47523853465995, -570.3762521399101, -273.96653716626076, -460.70923847248946, -142.12074040436804, -995.2064637159602, -417.8738223858101, 72.45056262996279, -122.96881519930211, -468.7299587109413, -903.183750607159, -141.28801968079398, -385.35984255468355, -503.01672005243825, -928.251559765752, -783.8814896799844, -806.7187793406025, -514.4637603707265, 231.4730337622587, -150.1855537391461, -734.2172052009417, -1043.8734347775053, -569.1950978250533, -1369.4895782214128, -821.2445292344215, -172.67190839977323, -569.0458041071859, -245.87685864181074, -892.694522664194, -621.3191960681264, -490.8052735996952, -309.21997337325604, -1476.6884479914563, -491.7136100373493, -263.5422216375406, -532.0303114461743, -679.3735792176167, -619.1434073285512, 632.4473930594218, -1135.924863652797, -1009.4565747577578, -271.1568238439421, -1009.7926414087402, -713.9439874286795, -882.2078507603239, -1367.5506069989112, -678.7667837044842, -491.0126461242076, 321.39904421242346, -818.5550057701794, -884.2406931131293, -589.2895475412379, 762.6992115015665, -726.0113775529285, -790.5679837793436, -748.663396464092, 310.71730819064976, -1086.158081833144, -725.0703718127941, -472.11629931493616, -727.5289424960281, -1409.2014358604542, -493.1130400469292, -1247.1876381067364, -964.7631330441225, -835.2797956833242, -785.3143835827146, -1041.3915598268345, -449.00677531716036, -844.3871515306769, -1091.7445129778316, -628.8746615984658, -794.7933921254606, 359.7396451902775, 580.9029302603703, -224.81428192875623, 1249.632978375731]","[100, 100, 100, 100, 100, 100, 100, 100, 100, 100, 100, 100, 100, 100, 100, 100, 100, 100, 100, 100, 100, 100, 100, 100, 100, 100, 100, 100, 100, 100, 100, 100, 100, 100, 100, 100, 100, 100, 100, 100, 100, 100, 100, 100, 100, 100, 100, 100, 100, 100, 100, 100, 100, 100, 100, 100, 100, 100, 100, 100, 100, 100, 100, 100, 100, 100, 100, 100, 100, 100, 100, 100, 100, 100, 100, 100, 100, 100, 100, 100, 100, 100, 100, 100, 100, 100, 100, 100, 100, 100, 100, 100, 100, 100, 100, 100, 100, 100, 100, 100]","[-104.3137498576855, 112.74273564529888, -19.32611396194083, -51.64886948901578, 141.69475171126047, -62.95809431023462, -109.14609687309644, -164.40139121086767, 26.96224944108649, -19.955766190598286, -162.23807215934255, -37.39569931877853, -138.17923214098292, -111.35011466241623, 88.65632692225529, -176.55930690061857, 44.45680513562762, -111.29745069501857, -154.8423970089361, -246.96066918506955, -258.4756942402606, -187.49361722860158, -208.62542959950287, -149.8507335034342, -166.45777498109928, -158.16502568207662, -138.26666191301993, -154.79362833170595, -126.3821544905929, -100.3561968112091, -34.19902370439199, -99.99922969492434, 20.0874381890819, -144.72486782735695, -20.535703893016226, -150.51159159806613, 4.30839055169883, -66.82366410873865, -116.753013079165, -26.28620185877103, -115.93231979424527, 10.31779661719731, 79.41930278335316, 160.67855742324411, 52.11165426646584, 189.6659182400833, 93.41036342005944, 205.01027457137226, -81.10604899304711, -147.48258597323803, -143.92944267640425, -124.82479935609224, -176.2950886990722, -150.22923141224945, -249.88044165245242, -256.35352817025574, -138.78826967921057, -347.4055900448729, -243.6225051156327, -143.45075778387385, -247.26084179821922, 19.24099663055862, -243.04409301110528, 11.215485015367758, -154.2919002066649, -220.61928951664495, -186.55593894887278, -101.00061220418385, 83.50793453967836, -105.30392369686147, -101.55515474798094, 11.207165656245875, -34.48386644282639, -9.008850621505895, 27.659439957971312, -27.58815118056188, -16.99617633746005, -54.02353527998094, -212.4257513294047, -138.63603658035558, -159.17618458520084, -108.9875000473987, -101.1912246835106, -241.31338492332247, -63.23328498253308, -304.6684737636682, -89.37556027129486, -68.66152785784242, -231.99669527698651, -182.4246338374621, -224.70471148806544, -212.62524039330972, -51.07301816772839, -142.90085700946838, 175.19171587718992, -123.95504986509654, -114.16550106383342, 49.37078256565868, -151.8258773954263, -205.2005937170295, -158.76304906085645, -76.3554984565509, -150.77462855625043, -8.350216798935044, -128.3704373612053, -77.12308756093172, -141.87445993524952, -146.9634410459984, -149.5156452042834, -113.6993761763659, -226.79570280834858, -159.96221691562153, -88.93261015997997, -115.51948136614365, 58.589125006113, 67.7777446605045, -60.47455962174611, -110.73970136221499, 85.74721938252785, 145.99827272618904, -96.24357835452027, -102.53029923879296, -154.83071416278344, -260.2635276212908, -96.12665129006437, -114.62058630135962, -73.96892066110485, -124.92443477242047, -74.29364914799123, -140.73413946605706, -89.34264205425518, 203.05152928041244, -25.8151859036725, 15.993966935869867, -195.4847709771183, 11.343564503968995, -64.06747453676289, -94.13898136051587, -24.19191495185915, 5.705681311090727, -68.39620144818795, 21.652493152825556, -124.89658752114966, -49.348709077379425, -219.7092754970416, -18.49740906110221, 28.098676112494456, -95.06141365111921, -125.41928703606945, -139.78754300707172, -3.857313606870245, -100.79825410140785, -66.45074537676744, -4.517629682594169, -30.47225667260922, -67.87033772601215, -23.291197690932055, -178.54985506286505, -22.319597456360626, -69.35865259645196, 38.06611833841708, -205.25605400429686, -55.178875112290804, 11.50702090931123, -39.98211858341197, -68.11275572826369, -17.159876794511618, 26.805864904799385, -210.27355304731094, -250.3873191053728, -205.28399686978517, -239.62229322732844, -162.66235469237716, 73.02305322621285, -56.969530165343656, -23.36929486263994, -122.62645487690634, -91.38179967723303, 23.11630999722309, -146.64305280090966, -44.84931797755788, -61.87168565914999, 46.38541454787177, 30.969645065595746, 81.41280935542451, 20.40369729777846, -257.132462195707, -47.98982149121528, -47.23709210530848, -140.59236201244903, 380.76488178439524, -10.781959179017441, -99.00747382009746, -36.397022053073, -99.12696085901135, -156.0342023561108, -75.16831298183402, -2.9959866408141087, -104.97345289139578, -182.20485431011406, -275.26889144358654, -111.79206059055922, -186.87677168623898, -42.067719685264905, 213.0618348372619, -75.41168722234211, -179.9209554248893, -156.8453120537112, -173.77601795181778, 231.6041181347056, -77.82345483928765, -160.11018375189045, -99.06089240864787, -82.30126367787267, 134.32117294300699, -100.38522081999146, -127.66955461690198, -123.78201555832916, -50.7968871640368, -73.40314018513075, -90.8548289655255, -36.51029356251388, -88.13484419106459, -109.11823192118007, -43.31565517579639, -258.1508284710046, -326.83139094321456, -102.70060906349096, -24.93544754668916, -159.14342816697527, -166.73599857156125, -180.12251010115824, -72.49284037818373, -180.4512649154169, -165.70240382633375, -94.92227954740288, -171.77183225302463, -144.29277356746613, -124.41491249483644, -105.6145776515377, -77.77917477478734, -99.79998099590013, -85.8838713194203, -69.00241730493359, -69.40852472954127, -112.58979124614471, 81.60570571004537, 139.89133549433717, -26.899958631075055, 62.74740875734831, -84.90924806044401, 59.03779049204688, 2.348603409884348, -28.01495219364129, -53.994751329204995, -8.660115262140181, 0.6694983985872041, -62.53383676263106, -142.52990514023242, -156.89835205352668, -249.89531983273713, -129.8501612992515, -24.474504862233438, -30.56896201296092, -233.44925907401978, -175.43534852448414, -123.32065145520232, -164.1670362534062, -206.78183270486818, -140.7193067655253, -75.47824808333567, -114.35314277300287, 50.07340035153732, 10.46053296303418, -245.81270816046026, -194.08493212282642, -279.33701850799736, -185.34852251988372, -213.53568521357894, -245.89268545021352, -174.63617828033043, -270.7394882494065, -76.13068798817258, -138.59930799399197, -231.33170530223336, -214.24586606278314, -87.04913224687317, -73.88782964036622, 90.22204435329462, -126.64083495860756, -125.62013098308246, 1.9866747070050916, 93.77746980904283, -106.39713132742504, -136.98359375879394, -134.62845164160464, -177.8998642445303, -24.30742090105601, -60.70362175846193, -34.52285180273905, -30.689253809696222, -60.13254630901067, -78.43388540977746, -2.535484732895924, 31.114503303534327, -105.20019168396486, -210.47094520275866, -173.59590401497076, -55.61731608845787, -17.35182992658624, -188.67595012399028, -246.98257730742915, 4.931304573894623, -128.93819753186247, -196.14621460659254, -106.86095344918724, -132.69149428226592, -61.61364077211224, -38.93188536242104, -121.1910867129426, 12.740273117309247, -200.0215599101051, -189.8177689272219, 46.41675419568492, -94.96456399099675, -69.0535193738313, -125.4708391637435, -44.17029584643159, 74.45698111347791, -50.01773611173123, -172.18680579146817, -225.57754593319544, -271.2414883996739, -325.7158603190132, -265.2373049305812, -216.72944261752434, -57.71614310476812, -87.47791292644378, -120.13667952270895, 5.32709147512646, -175.13026420262415, -56.579701755930685, -188.2727481748731, -186.52040793257797, 28.313122409824913, 11.254830962261194, 41.79778211269391, 29.88519898513062, -69.59683368854958, -3.130676450806738, -67.89849501197124, -158.50413542419176, -170.15980638006388, -62.74036449059166, -36.061458303173346, -142.83023832341814, -183.48685064114605, -48.757389735086136, -92.0434025465348, -176.19423966825846, -117.5554884624605, -283.70350132357413, -9.36117381118422, -43.61200048857135, 7.822794373953702, -172.73403761671474, 744.5637936046336, -70.17216733191798, -12.826323744844295, -30.86775727360796, 56.09594360867799, -54.34609580352009, -126.3686796327026, -189.99930536151433, -265.618177738636, -197.6607254206914, -211.78725374730269, -144.49072175195028, -191.9575269856494, -158.12675946410485, -159.35046031973064, -161.17163823736362, -173.00285604590528, -165.84733370500402, -75.75659572464359, -17.52078510322227, -5.591697783954455, -42.613260010901584, -44.02987382128301, -85.64461139993662, -167.19529980334576, -43.68327873729559, -169.2913404000034, -163.1667367971995, -204.67791669162546, -261.7780689792698, -171.81146686225065, -148.0299950283478, -211.2441776545654, -214.47922656176982, -205.58396984029534, 237.20484851854894, -109.95324356197078, -160.49238549350906, -149.24136745999905, -80.63514018075588, -180.3131379090459, -201.57257615504437, -139.48752868126522, -238.05804948234515, -109.61832731977842, -410.29534596604867, -205.60678330731648, -264.4845722421574, -163.0872432580367, -138.3138208748033, -135.31052780389166, -64.23649131965344, -54.553463335373664, -123.26523711272485, -174.78911789419857, -132.99395549444296, -85.93987743508632, -114.33485500737109, 41.15247555958962, -24.10731585269805, -61.2871003077325, 40.133092275725026, 44.93702976526482, 146.49639011020312, 110.36534591945997, 40.75428644950263, -81.71961010371088, -177.11856850592093, -116.9279039778456, -67.4482200881566, -145.75966134489744, -229.58104174964797, -88.54317182270965, -150.230772274226, -190.33420910702392, -37.32082875146474, -306.6942024265926, -111.11750873111194, -60.775071436916754, -92.57780975360608, -43.62390097358644, -141.2513895140427, -85.58335501857526, -165.47802084450987, 146.32300968140945, 187.46747266533313, 54.314783513397906, 205.06537782952276, 103.97996701955522, 65.5486007923476, -183.3999145883458, -277.8050890661191, -47.13371435083971, -103.69865192957613, -103.33628792881066, -10.637719689237638, -230.34855710542536, 278.1541741252604, -174.0221365150799, -266.2913415769741, -165.56132848966664, -232.4987942174573, -101.80535850213325, -77.96365414312243, -113.44449325105988, -91.95892095832637, -224.78896844763207, -138.70200116181903, 470.34575196524503, -120.51917040160602, 361.53558002598623, -90.78058002792953, -166.07614944334955, -143.78812392769686, -241.8934783249139, -140.6835007309337, -98.49728509548349, -154.04794024189917, -219.72279313320288, -231.313084306711, -174.03137953557876, -159.98458720794318, -234.69824260692772, -125.69536884721673, 126.09403696377795, -156.754830578905, -61.71082183468658, -64.35817084338326, -71.38471396237085, -50.157960881117425, -62.85925722451814, -161.6453745688598, -90.34257860266317, -45.5526120276315, -111.13014739016839, -122.89722762962873, -290.6688228238145, -66.93755402212267, -310.48570309391283, -180.90824399077306, -212.6339700896955, -354.1085687437901, -151.11469248784474, -199.9502574544392, -172.43902001071436, -212.6005656224805, -188.332990256155, 168.3184322960999, -130.32165561079628, 42.262759157117166, -326.2800042625053, -156.04643573418326, -149.27521521557992, -145.7172105313032, -247.63159938043734, -222.2371729827285, -174.54599166783234, -178.10949234637403, -113.76510294886508, -183.2028490410012, -185.27538105520455, -129.86431598484438, -207.35258991024585, -211.75111296679322, -137.04409361848099, -122.72618366897669, -94.2401516722291, -62.165663846598505, -227.71872401007343, -155.4325537915526, -72.04912899403935, 21.981442810575523, -208.94757141496947, -143.1478481826548, -135.9426807581455, -145.08311450006246, -273.8040358478795, -176.5568285781108, -157.89140596919248, -152.1134941734429, 326.86312361859717, -177.90035475389112, -118.80642581315394, -154.8876890700162, -107.2936712626439, -216.98175803605275, -162.25789748118848, -215.7555028128687, -87.42525340722855, -85.77722735325084, -179.41551832901112, -113.75575214712926, -235.20254937279606, -219.98332287302418, -143.21993805595275, -224.0639054219972, -180.65315743280289, -88.6216398212569, -87.69651796469557, -91.33234419874175, -114.56667757850974, -53.97025505855112, -102.94929719244348, -178.35956960552386, -145.44863920720638, -211.74478922785235, -84.38616739817078, -103.66836178314645, -78.99946049880533, -170.54597401027922, -56.92916634758784, 282.48462103890233, -63.721796224516616, -121.07769639920663, 32.57538163891533, 286.4083014837709, 102.31813329514723, 97.79915258755258, 115.49865179839516, 65.43454458768151, 103.17784911850168, 96.67459887309235, -44.75398962662105, -87.69131011512462, -76.45957246714063, -87.06555524551263, 161.89886259782713, -90.74271707218472, 502.1619332379182, 49.78120299179272, 92.29709895738576, 82.59094588262346, 484.80589442864255, 37.995902877369545]",19.952009791060664,0.7119963580316722,0.9888574876246145,9771.965,614.001,10.599,566082.585,37402.003,160.419,11.887,330000,330000,41.24153846153847,15.299999999999999,1.1920929132713809e-08,4.999999873689376e-05,3345.1233,-0.0018993433,3345.125,0.082095206,0.0022035846,0.1516921,0.0
598.4698209817993,-1476.6884479914563,-505.6757419487503,100.0,60,15,336000,False,3360,56,212f51d07e9840f9afce8433e261ebfd,2020-07-14_16-42-14,1594744934,47.24189758300781,2624.8764140605927,62816,tango5,131.234.250.245,2624.8764140605927,0,56,d74d5_00000,0,-326.83139094321456,435.6630527570272,-84.27929032479173,"[-633.2871610248546, -1375.1654856856233, -502.9467065251705, -434.3867963512652, -857.4438741006007, -242.74172651663878, 598.4698209817993, -795.3660685531434, -179.41333823470492, -1236.504366483633, 574.4723092894114, 487.827525908781, -242.33337716282324, -393.3008199748169, -581.7485519408971, 196.21136667285188, -346.4180010255464, -110.27904468147923, -566.7545417553976, -1361.5334899707984, -199.9489261670615, 174.95701861093855, -1038.9695852689713, -554.4906547053479, -299.2020292672336, 445.3320865923843, -745.4504089248384, -828.7667639042977, -1017.7184709032034, -74.70969470752226, -199.09913780895073, -263.39709098733545, -1111.6096527116538, -590.3528046929608, -619.8486483200528, -833.73529899236, -468.48424242752014, 44.398832872716454, -6.836937799100086, -804.3199718265639, -837.5206190376988, -699.6900827651435, -606.7434204070792, -691.9498947082027, -986.1839519234916, -697.9226673688606, -1022.5120405262498, -156.38306245963884, -264.6165020676261, -410.64305015229854, -84.41811734468367, -797.9486104599363, -599.7372077096353, -1204.7780671305952, 97.60716673639786, -431.52537781150306, -730.6155068016908, -323.54758918085236, -1268.616464150923, -591.0834274311075, -824.615356968813, -300.2122568214161, -352.16888133823096, -239.47523853465995, -570.3762521399101, -273.96653716626076, -460.70923847248946, -142.12074040436804, -995.2064637159602, -417.8738223858101, 72.45056262996279, -122.96881519930211, -468.7299587109413, -903.183750607159, -141.28801968079398, -385.35984255468355, -503.01672005243825, -928.251559765752, -783.8814896799844, -806.7187793406025, -514.4637603707265, 231.4730337622587, -150.1855537391461, -734.2172052009417, -1043.8734347775053, -569.1950978250533, -1369.4895782214128, -821.2445292344215, -172.67190839977323, -569.0458041071859, -245.87685864181074, -892.694522664194, -621.3191960681264, -490.8052735996952, -309.21997337325604, -1476.6884479914563, -491.7136100373493, -263.5422216375406, -532.0303114461743, -679.3735792176167]","[100, 100, 100, 100, 100, 100, 100, 100, 100, 100, 100, 100, 100, 100, 100, 100, 100, 100, 100, 100, 100, 100, 100, 100, 100, 100, 100, 100, 100, 100, 100, 100, 100, 100, 100, 100, 100, 100, 100, 100, 100, 100, 100, 100, 100, 100, 100, 100, 100, 100, 100, 100, 100, 100, 100, 100, 100, 100, 100, 100, 100, 100, 100, 100, 100, 100, 100, 100, 100, 100, 100, 100, 100, 100, 100, 100, 100, 100, 100, 100, 100, 100, 100, 100, 100, 100, 100, 100, 100, 100, 100, 100, 100, 100, 100, 100, 100, 100, 100, 100]","[-5.425450657461996, -90.08876271851057, -191.3642859026537, -151.29249651664668, -117.26616111234671, -77.85000411723504, -235.32244802544713, -205.13186194781463, -183.9669265410524, -288.98653052287153, -240.51510041540996, -221.24261823302533, 161.3759923337961, -217.99467192805366, -179.38067342899677, -82.1015686181671, -138.29113810106762, -46.55464678268125, -105.51670896857382, -81.4321140958168, -79.40450142508844, -136.44725696000572, 9.130021987654912, -40.716236889435734, -101.07417031926666, -120.78946334926245, -148.20898327511907, -132.7014229868918, -121.70791142373388, -232.96192274632602, -159.95773047061687, 42.55559405106751, -47.86959279939672, -61.93969229277699, 75.26473092285201, -90.79503592776749, 163.6232673811241, 53.795316092068134, 211.22455900113988, 102.93868139535063, 1.8370847158949561, 65.05091239622143, -223.71820838112654, -189.97591484686964, 47.2755325007542, -117.87229864088391, -119.27015997202504, -191.80501921299287, 0.6378684679932576, 166.40187975966361, -93.92275085705107, -105.51561426932606, -130.94944898466807, -16.06527235131723, -145.9640683129929, -275.7574725232024, -228.0173882076485, -189.70125157121817, -214.40440523453063, -182.65978063403995, 53.144976553201005, 119.34756589392624, 9.302302688182085, 232.19224314449673, 208.98361995005266, -48.49839894044574, 23.289122760404418, 150.47706152516548, -30.261595132880345, 149.95291622061944, 103.78332435611291, 90.58669617935956, 38.816649341063695, -97.0040039601887, -59.935760457148426, 100.66534651713908, -114.48402227684636, -110.39158632684241, -121.91664285534362, -62.274169553843535, -12.155403811133423, -81.41274496765024, -69.10845164133784, -46.433407145508525, -96.78082481406427, -149.15429000294924, -22.533805870540323, -135.02474966230187, -153.39264334531939, -24.862238245722406, -75.27858284420095, 435.6630527570272, -56.86910680563056, 111.52739666443193, -104.28555437705982, -114.54583872171644, -107.88284329694613, -87.29623677147751, -65.22145503510444, -33.473951990988496, -18.927850592309344, -33.61566333872047, -119.73399696103978, 190.87021813440109, -268.90517019992717, -74.59535993032357, 368.8189089040745, -206.73364462866442, -155.7157597905111, -176.19694093964793, -226.58414599451697, -45.40984603287759, -170.9178288541938, 208.0699798563491, -183.09785002699098, -242.67054916363793, -235.2058527409904, -274.58836871829595, -141.57790956395868, -284.39295975692437, -55.98933892159752, -48.520414069093206, -40.08944112846572, -19.88084941904017, -110.95589282188648, 75.4870101930211, -58.56453017917095, 31.39938281860588, 40.65746871696748, 23.396414014820692, 100.63771435654402, 37.43056888317043, -185.76754782935296, -188.88596030040824, -224.02148437644468, -152.19342105214216, -91.03365974019643, -197.06751197042772, -211.02510862845773, -81.32735409338969, 61.913747962621215, -116.78552244383359, -116.66640692322291, -90.60001057906524, -153.3788843608105, -44.464832645721295, -81.86988824877086, 180.12911927805402, -76.32192932341361, -123.29561396657151, 273.11139060596946, -47.727774589983774, 279.4800078920185, -53.971045908452005, -6.483962032823375, 0.9234706256552392, -60.86330558699539, -146.85772409503295, -61.97480067487095, -175.93176796547934, -48.886605671410365, -250.93620493104908, -103.14106931988132, -88.28421133121722, -179.80567809177447, -127.91844456861187, -230.36671451423436, -99.25064607857769, -156.74755743008726, -132.8979662809789, -238.2591322044627, -153.63800965768056, -172.87520271503536, -163.30060261495856, -92.49912306125916, 32.026831881807986, 70.0572218943324, -116.96108265759992, 79.78586364166797, -47.119406406471505, -64.80010982818843, 81.36370415894841, 95.5444914182801, -140.8551801613637, -178.67871036612138, 8.326666969494323, -32.974832390442955, -38.83143778421474, -66.79492893853043, -67.79521718957623, -93.1263978525933, 36.12572316802236, -188.70295931521665, -209.05373866135852, -204.1281331065511, -216.75443461773528, -107.23091672970769, -185.73947028108495, -16.151952842514728, -33.21139481564404, -61.78973299436146, -123.35872179446179, -255.33755509587215, -100.50344715010655, -116.65373021451435, -72.5855700018994, -137.8397685569025, -22.19444402237519, -170.31246076252026, -100.26267476184096, -55.79325978080351, -105.42087481762458, -169.1483015641381, -156.58229039271524, -211.3339229336876, -135.45664950338977, -44.01049969035595, -117.67211506100101, -56.99321657162102, -121.04000774114382, -58.687366410991864, -70.08103695240669, 178.63895301338997, 140.97284769228108, -144.2231504410619, 156.65320864072999, -64.65569788590317, -222.98732814671814, -77.9505490765601, 63.552607763646506, -60.18685407009508, -54.60881275946542, 8.173150234388443, 114.1835201089856, -155.5691452353398, -131.4338754530157, -83.49804035890583, -74.19057192722843, -174.24361001602693, -185.3847288360476, -148.78356200846142, -138.1628972498489, -277.96621957133164, -156.78437580239265, -84.88466446094652, -30.93889994471819, -199.400865624744, -181.12600623980998, -162.88544374502771, -212.98682552731725, 2.0111241131169333, 54.69793425863855, -112.4565487905907, -181.21129743449887, -153.1128085038875, -165.0969430988974, 48.7529355125613, -43.61875809176529, -80.11585548346096, -108.32410632633925, -21.121749266029067, -76.21595448997437, -167.91522189683639, -238.25700724556225, -228.44395051945818, -198.85203252740834, -188.25311079309398, -31.049548648425734, -86.89646729812124, -252.6888421369838, -138.83094389298853, -71.02213922466308, -120.64134351332456, -199.4783847877768, -121.98885768324278, -45.960998266865076, -179.77369569111625, -188.01208826354127, -179.4856508034334, -167.7482226451583, -144.9211122152264, -162.57127090777465, -59.017559356757275, -6.675766306833074, -42.64085376127607, -4.902946621457391, -33.25338400700563, -9.892552406308852, -93.62356703907929, 74.44932746893676, -56.50107822499758, -64.61005123783812, -55.58517529540287, -68.74595773924459, -114.80449874419588, -116.3379694527134, 34.00500270580842, 112.17919458175328, -210.36376830285525, -115.32101094009562, -76.80986470496322, 30.989998285330664, 8.157214394576224, -49.175646306715784, -25.23913258152898, 27.65931356861739, -126.32876400155062, -121.95473626742907, -188.99142277128283, -106.35544884763151, -96.70950271782853, -157.60873585421336, -157.73697091716016, -61.94901897006177, -122.8027064120465, -25.14659993817754, -95.3178405621916, -136.78407090999855, -159.70215421309513, -192.70913201229814, -278.7648804461619, -259.797427899532, -142.32080342187467, -171.48366913763155, -13.456595159372963, -82.49505864706347, -131.39736622209136, 278.77228472514406, -77.74549343573844, 123.9293954755197, -207.5170201370574, -187.38807368291097, -99.22196218439038, 154.52003052691805, -176.93392868254276, 85.01557634848061, -133.99470126156987, -177.49436470537538, -97.80333331324057, -4.1857006239184615, -99.64942776669716, -217.487979130889, -37.35654621658938, -85.39794520576334, -44.36180386134349, -76.12529692540338, -120.45053831185498, 40.144541340102236, -211.41882834409202, -166.6458502811083, -202.447846153512, -236.1323817392774, -182.55503290845024, -269.41652472448294, -19.380463389193977, -127.52363376746716, -155.26205878421726, -174.64598065349045, 36.38347888480764, -150.6547697215461, -96.24357835452027, -102.53029923879296, -154.83071416278344, -260.2635276212908, -96.12665129006437, -114.62058630135962, -73.96892066110485, -124.92443477242047, -74.29364914799123, -140.73413946605706, -89.34264205425518, 203.05152928041244, -25.8151859036725, 15.993966935869867, -195.4847709771183, 11.343564503968995, -64.06747453676289, -94.13898136051587, -24.19191495185915, 5.705681311090727, -68.39620144818795, 21.652493152825556, -124.89658752114966, -49.348709077379425, -219.7092754970416, -18.49740906110221, 28.098676112494456, -95.06141365111921, -125.41928703606945, -139.78754300707172, -3.857313606870245, -100.79825410140785, -66.45074537676744, -4.517629682594169, -30.47225667260922, -67.87033772601215, -23.291197690932055, -178.54985506286505, -22.319597456360626, -69.35865259645196, 38.06611833841708, -205.25605400429686, -55.178875112290804, 11.50702090931123, -39.98211858341197, -68.11275572826369, -17.159876794511618, 26.805864904799385, -210.27355304731094, -250.3873191053728, -205.28399686978517, -239.62229322732844, -162.66235469237716, 73.02305322621285, -56.969530165343656, -23.36929486263994, -122.62645487690634, -91.38179967723303, 23.11630999722309, -146.64305280090966, -44.84931797755788, -61.87168565914999, 46.38541454787177, 30.969645065595746, 81.41280935542451, 20.40369729777846, -257.132462195707, -47.98982149121528, -47.23709210530848, -140.59236201244903, 380.76488178439524, -10.781959179017441, -99.00747382009746, -36.397022053073, -99.12696085901135, -156.0342023561108, -75.16831298183402, -2.9959866408141087, -104.97345289139578, -182.20485431011406, -275.26889144358654, -111.79206059055922, -186.87677168623898, -42.067719685264905, 213.0618348372619, -75.41168722234211, -179.9209554248893, -156.8453120537112, -173.77601795181778, 231.6041181347056, -77.82345483928765, -160.11018375189045, -99.06089240864787, -82.30126367787267, 134.32117294300699, -100.38522081999146, -127.66955461690198, -123.78201555832916, -50.7968871640368, -73.40314018513075, -90.8548289655255, -36.51029356251388, -88.13484419106459, -109.11823192118007, -43.31565517579639, -258.1508284710046, -326.83139094321456, -102.70060906349096, -24.93544754668916, -159.14342816697527, -166.73599857156125, -180.12251010115824, -72.49284037818373, -180.4512649154169, -165.70240382633375, -94.92227954740288, -171.77183225302463, -144.29277356746613, -124.41491249483644, -105.6145776515377, -77.77917477478734, -99.79998099590013, -85.8838713194203, -69.00241730493359, -69.40852472954127, -112.58979124614471, 81.60570571004537, 139.89133549433717, -26.899958631075055, 62.74740875734831, -84.90924806044401, 59.03779049204688, 2.348603409884348, -28.01495219364129, -53.994751329204995, -8.660115262140181, 0.6694983985872041, -62.53383676263106, -142.52990514023242, -156.89835205352668, -249.89531983273713, -129.8501612992515, -24.474504862233438, -30.56896201296092, -233.44925907401978, -175.43534852448414, -123.32065145520232, -164.1670362534062, -206.78183270486818, -140.7193067655253, -75.47824808333567, -114.35314277300287, 50.07340035153732, 10.46053296303418, -245.81270816046026, -194.08493212282642, -279.33701850799736, -185.34852251988372, -213.53568521357894, -245.89268545021352, -174.63617828033043, -270.7394882494065, -76.13068798817258, -138.59930799399197, -231.33170530223336, -214.24586606278314, -87.04913224687317, -73.88782964036622, 90.22204435329462, -126.64083495860756, -125.62013098308246, 1.9866747070050916, 93.77746980904283, -106.39713132742504, -136.98359375879394, -134.62845164160464, -177.8998642445303, -24.30742090105601, -60.70362175846193, -34.52285180273905, -30.689253809696222, -60.13254630901067, -78.43388540977746, -2.535484732895924, 31.114503303534327, -105.20019168396486, -210.47094520275866, -173.59590401497076, -55.61731608845787, -17.35182992658624, -188.67595012399028, -246.98257730742915, 4.931304573894623, -128.93819753186247, -196.14621460659254, -106.86095344918724, -132.69149428226592, -61.61364077211224, -38.93188536242104, -121.1910867129426, 12.740273117309247, -200.0215599101051, -189.8177689272219, 46.41675419568492, -94.96456399099675, -69.0535193738313, -125.4708391637435, -44.17029584643159, 74.45698111347791, -50.01773611173123, -172.18680579146817, -225.57754593319544, -271.2414883996739, -325.7158603190132, -265.2373049305812, -216.72944261752434, -57.71614310476812, -87.47791292644378, -120.13667952270895, 5.32709147512646, -175.13026420262415, -56.579701755930685, -188.2727481748731, -186.52040793257797, 28.313122409824913, 11.254830962261194, 41.79778211269391, 29.88519898513062, -69.59683368854958, -3.130676450806738, -67.89849501197124, -158.50413542419176, -170.15980638006388, -62.74036449059166, -36.061458303173346, -142.83023832341814, -183.48685064114605, -48.757389735086136, -92.0434025465348, -176.19423966825846]",19.965110338389287,0.7119687340908308,0.9885671603012993,9788.266,612.979,10.616,565187.562,37399.303,160.431,11.86,336000,336000,40.67575757575758,15.299999999999997,5.9604645663569045e-09,4.999999873689376e-05,3336.1091,-0.0014703308,3336.1106,0.09473194,0.001852327,0.14221701,0.0
899.2225433220791,-1519.7073610493903,-504.7521092478097,100.0,60,15,342000,False,3420,57,212f51d07e9840f9afce8433e261ebfd,2020-07-14_16-43-01,1594744981,47.21322774887085,2672.0896418094635,62816,tango5,131.234.250.245,2672.0896418094635,0,57,d74d5_00000,0,-344.1423099118389,581.9491716586107,-84.1253515413016,"[-719.0069783160166, -1013.8736159967084, -662.3412976555322, -877.2876240332878, -773.4172569558965, -550.2644202518546, 899.2225433220791, 96.22781339000247, -341.2520832932596, -565.2776504941289, -1332.7373150996411, -80.29546427173193, -926.9304034242962, -1307.0058277353876, -482.7879651637289, 897.3194245998525, -464.7717074902722, -614.5099201419329, 104.88183936854827, -226.15644233034052, -538.4995302149797, -241.18775185057802, -58.48910162239697, 706.5997123892133, -629.1435999781518, -818.215454291029, -536.5904310688921, -993.5265230124327, -953.6660297076456, -757.8923855274493, -291.5788619306341, -936.5392950174419, 683.6965109657832, -961.6729516919816, -667.5311999873555, -1021.957667841498, -741.3358554600602, -422.1060105522633, 376.31596712895634, -682.8748726638325, -1519.7073610493903, -958.3369716074166, -1014.987019854535, -440.1908416017486, 309.08375025823284, 164.66935840055342, -1288.2345091705083, -91.93419508598113, -832.5670413253075, 98.6306267695991, 661.1196918933119, -978.9485653293348, -1173.213909674189, -1222.5268201190868, 632.2458063659666, -956.2086528216282, -593.6498735389753, 104.26808176769912, -563.8366470696678, -1083.3452740406049, -199.9489261670615, 174.95701861093855, -1038.9695852689713, -554.4906547053479, -299.2020292672336, 445.3320865923843, -745.4504089248384, -828.7667639042977, -1017.7184709032034, -74.70969470752226, -199.09913780895073, -263.39709098733545, -1111.6096527116538, -590.3528046929608, -619.8486483200528, -833.73529899236, -468.48424242752014, 44.398832872716454, -6.836937799100086, -804.3199718265639, -837.5206190376988, -699.6900827651435, -606.7434204070792, -691.9498947082027, -986.1839519234916, -697.9226673688606, -1022.5120405262498, -156.38306245963884, -264.6165020676261, -410.64305015229854, -84.41811734468367, -797.9486104599363, -599.7372077096353, -1204.7780671305952, 97.60716673639786, -431.52537781150306, -730.6155068016908, -323.54758918085236, -1268.616464150923, -591.0834274311075]","[100, 100, 100, 100, 100, 100, 100, 100, 100, 100, 100, 100, 100, 100, 100, 100, 100, 100, 100, 100, 100, 100, 100, 100, 100, 100, 100, 100, 100, 100, 100, 100, 100, 100, 100, 100, 100, 100, 100, 100, 100, 100, 100, 100, 100, 100, 100, 100, 100, 100, 100, 100, 100, 100, 100, 100, 100, 100, 100, 100, 100, 100, 100, 100, 100, 100, 100, 100, 100, 100, 100, 100, 100, 100, 100, 100, 100, 100, 100, 100, 100, 100, 100, 100, 100, 100, 100, 100, 100, 100, 100, 100, 100, 100, 100, 100, 100, 100, 100, 100]","[-25.358542045208118, -134.50955364918104, -112.80606534414761, -214.84799022183986, -60.95924100624668, -170.52558604939276, -158.09305496474028, -209.3648861021896, -74.05682441331975, -206.87883753472082, -131.82690722880938, -233.6531057529292, -77.5101907461158, -68.86712219665841, -139.82266168729916, -195.35718377622365, -146.1935351338037, -34.59060411543039, -247.0437573738584, -200.72961430444127, -277.2134360696707, -65.52013551947175, 45.000538155208545, -131.78121892105418, -273.62486318608364, 9.568908757880797, -24.0179090768657, -208.2075994298365, -98.11124085954496, -179.02455316144554, 43.54585931186483, -227.2357427448461, -107.74177208540557, -117.31927300923373, -217.6163095107839, 76.10281778655059, 159.59325495391928, 169.2188898161621, 74.84964081012338, 157.44359495605644, 197.24853566233392, 140.8686271234845, -174.8966681628035, 222.75394020485635, -72.87455436283419, 145.94330215530044, -126.37201293886028, 101.67380649434428, -122.29477643633206, -151.48716049089518, -173.08898304397462, 129.6481938709118, 123.86483914500505, -147.8941963379752, -150.85772947228043, -67.68218815812006, -5.365734645636039, -74.83629732488448, -194.10433528368895, -72.43136560951804, -292.4940322101338, -153.48994239384334, -204.41277331970215, -179.6624792987808, -254.8782579629234, -247.7998299142568, -68.53402620517157, 42.75208378071729, 4.745904327284533, -38.66393444777473, -36.521170235459806, 15.92567850867243, -163.1707170879994, -104.41141913469316, -204.34175632230844, -261.57265421630467, -134.61530606453695, -58.818550598452795, -161.52860581373545, -224.52574952283132, -254.72503781485256, -167.7226641265764, -198.30748651352457, -300.19628394386723, -47.35386749874108, -78.53366234580764, -54.286935098210975, -53.283376475983104, -126.76186934464374, -122.56825440034295, 67.62021064395253, 113.31456757276624, 68.94556629594106, 123.7035942609242, 501.1163915002983, 22.619094325969552, 34.365150156187156, -79.24381830741495, -76.86031770635539, -88.3961699740475, -80.53192125939995, -174.10463039924184, -75.71290827608001, -128.2814109419215, -82.08142392902818, -123.44178524086809, -51.14063230320804, -153.85175945082688, -37.61480783419183, 316.58951138182465, -38.666597213125286, -59.307049170778946, 27.88858697272959, -104.00780476790985, -163.4666214493263, -64.59890208669107, -46.483068517906446, 12.026343373034926, -71.91083725986134, 108.27664361040964, 20.33725321924981, -145.71693469581754, 80.51526948011656, -135.6689063178245, -214.45218983276393, -143.5140220679398, 6.178717196126165, -97.14897514674787, -94.00004939675921, -49.953590778084504, -11.504568349241069, 5.240714624128604, 163.40631909504353, 87.69070281275367, -92.54840713606507, -23.426622470779577, -90.84771552267318, -102.76337840067592, 569.1095233166245, -158.7340836869152, -82.11109644048472, -110.03115236082594, -93.58265009779643, 581.9491716586107, -109.51076989009027, -88.08159731703857, -62.166084451884764, -170.53002331251727, -30.75815052834351, -168.09697447827673, -164.65263725739842, -20.650327140897083, -92.78360349147705, -180.70389339056405, -176.5466063293829, -182.87838668130945, -21.84069627854189, -83.95267446587454, -71.35608390027913, -126.16513471491542, -121.48984800073637, -111.78599370854526, -153.0102927860478, -247.19030499382887, -195.55864259863904, -196.28007369959394, 58.59479191305249, -260.0820008473767, -224.90532339968254, -170.32792169039323, -129.04749251377356, -153.95221397530426, -180.26895268275345, -95.16412544573892, -192.6242005623835, 92.33818734399125, -172.57509185301893, -172.30202910821595, -128.08406010530592, -184.64519124251655, 15.485194307685255, -137.64786571591387, -7.169045280502145, 0.4753265986470421, -121.63525306878407, -41.087218771765905, -204.31054385267794, -105.02540338554246, -104.35754678210361, -197.88058822530695, -147.5274503388684, -177.43776243294315, 156.68958050720164, 154.491725805045, 80.51919609223297, -28.96166413660493, 361.28256506079464, -40.32489236288552, -192.46911689225453, -83.18587730182968, -10.02190027010755, -252.27787843321116, -219.59553837508327, -204.12264041949408, -74.95310338788697, -183.0154200915023, -112.78067081670923, -98.367180997091, -133.9431836636465, -64.47164103051914, -206.78988201554125, -264.4440787865196, -147.92019532115145, -123.76909993294609, -98.06722891174049, -180.96718287359795, -92.98769586484373, -160.91586126939364, -193.4140295280008, -121.24193117990184, -65.84613428469052, -106.93020333322895, 15.876700269737423, -176.90152588207482, -148.47532703944512, -45.49311995555184, -27.917593435582322, -39.195144509346875, 126.66571566063483, 13.632871062115354, 11.963763930328145, 9.642071236245236, 81.55838870424336, 132.85315653538936, -161.55262617895806, -207.24438429624692, -151.8716604003556, 28.463652913860713, 27.49782559734218, -218.16768029947465, -250.939178195188, -344.1423099118389, -233.4983026058925, -162.90271015410494, -251.42184244244066, -276.8030177399244, -71.81574273066222, -248.9672541022915, -169.14591904068382, -153.14826268227404, -151.2641763219579, -163.99561672954826, -200.51883485437634, -174.07299652573866, -78.92314913080487, -176.1128736703525, -156.74886667326692, -228.61029899999593, -65.7924096246664, -47.88024731413846, -142.18260654687373, -101.61414647490152, -82.80586361815976, 0.08443197699067717, 11.522444176841615, 36.318956895902495, -67.68388213011025, 10.847649752663527, 278.097443690162, 39.981137872773424, -87.27347298223042, -63.383451253138375, 290.16362121541806, 274.95313259960164, -115.33872458249265, -134.45174659660552, -292.68681427238107, -124.47581364937508, -191.4928741388566, -224.51214033291723, -190.8141394165931, -264.25272736038534, -94.52838900984138, -130.04848753619373, 23.87058091435835, 281.73586075117237, -34.11069485457065, -138.85306535090626, -257.9655933819985, -143.45093477175698, -169.56122046903806, -57.700844917667894, -160.76805345944587, -43.120394325400184, 95.88687043597746, -43.847517344379604, -28.779059714926618, 18.46008585550684, 14.59120541321104, 42.31904212420985, -31.55023846338189, -24.08737366587161, 156.3299531848716, 201.94979342819235, 12.482421390064012, 345.9951360194377, -184.8409342383212, -211.50199775600026, -179.98117996865946, -183.73867855240465, -93.14160214984713, -125.74417266410113, -123.65091574934243, -219.4525844236689, -243.94191088028907, -181.18748478991176, -199.64567010487772, -205.33534372609896, -207.69752040881087, -231.22381722256094, -182.21670983636704, -183.971073656591, -205.47377846020305, -211.94392053455414, 47.91490015801352, 119.94336589496598, 108.49415953151919, 143.3391334622419, 68.50794785216083, 144.04629946706342, -252.65567437348858, -184.7993181659458, -71.58730313114064, -145.13422048983318, -127.35155323850995, -174.68058342270942, -156.68096110604418, -97.82880862777992, -80.88071360182519, -116.6639979992258, -10.18387422102233, -131.41151798307823, -66.82405713228633, -29.261795052898762, -36.897764225724515, 150.74841418043113, -16.847248908975025, 103.35053290715331, -179.8697010123919, -111.9041986840269, -170.86179263763208, -96.99484001173893, -88.6936678793613, 84.48755315548316, -185.3105870423874, -134.48794626326546, -239.61378913984032, -158.21822937821207, -187.07174462807257, -178.64297758882918, -55.98933892159752, -48.520414069093206, -40.08944112846572, -19.88084941904017, -110.95589282188648, 75.4870101930211, -58.56453017917095, 31.39938281860588, 40.65746871696748, 23.396414014820692, 100.63771435654402, 37.43056888317043, -185.76754782935296, -188.88596030040824, -224.02148437644468, -152.19342105214216, -91.03365974019643, -197.06751197042772, -211.02510862845773, -81.32735409338969, 61.913747962621215, -116.78552244383359, -116.66640692322291, -90.60001057906524, -153.3788843608105, -44.464832645721295, -81.86988824877086, 180.12911927805402, -76.32192932341361, -123.29561396657151, 273.11139060596946, -47.727774589983774, 279.4800078920185, -53.971045908452005, -6.483962032823375, 0.9234706256552392, -60.86330558699539, -146.85772409503295, -61.97480067487095, -175.93176796547934, -48.886605671410365, -250.93620493104908, -103.14106931988132, -88.28421133121722, -179.80567809177447, -127.91844456861187, -230.36671451423436, -99.25064607857769, -156.74755743008726, -132.8979662809789, -238.2591322044627, -153.63800965768056, -172.87520271503536, -163.30060261495856, -92.49912306125916, 32.026831881807986, 70.0572218943324, -116.96108265759992, 79.78586364166797, -47.119406406471505, -64.80010982818843, 81.36370415894841, 95.5444914182801, -140.8551801613637, -178.67871036612138, 8.326666969494323, -32.974832390442955, -38.83143778421474, -66.79492893853043, -67.79521718957623, -93.1263978525933, 36.12572316802236, -188.70295931521665, -209.05373866135852, -204.1281331065511, -216.75443461773528, -107.23091672970769, -185.73947028108495, -16.151952842514728, -33.21139481564404, -61.78973299436146, -123.35872179446179, -255.33755509587215, -100.50344715010655, -116.65373021451435, -72.5855700018994, -137.8397685569025, -22.19444402237519, -170.31246076252026, -100.26267476184096, -55.79325978080351, -105.42087481762458, -169.1483015641381, -156.58229039271524, -211.3339229336876, -135.45664950338977, -44.01049969035595, -117.67211506100101, -56.99321657162102, -121.04000774114382, -58.687366410991864, -70.08103695240669, 178.63895301338997, 140.97284769228108, -144.2231504410619, 156.65320864072999, -64.65569788590317, -222.98732814671814, -77.9505490765601, 63.552607763646506, -60.18685407009508, -54.60881275946542, 8.173150234388443, 114.1835201089856, -155.5691452353398, -131.4338754530157, -83.49804035890583, -74.19057192722843, -174.24361001602693, -185.3847288360476, -148.78356200846142, -138.1628972498489, -277.96621957133164, -156.78437580239265, -84.88466446094652, -30.93889994471819, -199.400865624744, -181.12600623980998, -162.88544374502771, -212.98682552731725, 2.0111241131169333, 54.69793425863855, -112.4565487905907, -181.21129743449887, -153.1128085038875, -165.0969430988974, 48.7529355125613, -43.61875809176529, -80.11585548346096, -108.32410632633925, -21.121749266029067, -76.21595448997437, -167.91522189683639, -238.25700724556225, -228.44395051945818, -198.85203252740834, -188.25311079309398, -31.049548648425734, -86.89646729812124, -252.6888421369838, -138.83094389298853, -71.02213922466308, -120.64134351332456, -199.4783847877768, -121.98885768324278, -45.960998266865076, -179.77369569111625, -188.01208826354127, -179.4856508034334, -167.7482226451583, -144.9211122152264, -162.57127090777465, -59.017559356757275, -6.675766306833074, -42.64085376127607, -4.902946621457391, -33.25338400700563, -9.892552406308852, -93.62356703907929, 74.44932746893676, -56.50107822499758, -64.61005123783812, -55.58517529540287, -68.74595773924459, -114.80449874419588, -116.3379694527134, 34.00500270580842, 112.17919458175328, -210.36376830285525, -115.32101094009562, -76.80986470496322, 30.989998285330664, 8.157214394576224, -49.175646306715784, -25.23913258152898, 27.65931356861739, -126.32876400155062, -121.95473626742907, -188.99142277128283, -106.35544884763151, -96.70950271782853, -157.60873585421336, -157.73697091716016, -61.94901897006177, -122.8027064120465, -25.14659993817754, -95.3178405621916, -136.78407090999855, -159.70215421309513, -192.70913201229814, -278.7648804461619, -259.797427899532, -142.32080342187467, -171.48366913763155, -13.456595159372963, -82.49505864706347, -131.39736622209136, 278.77228472514406, -77.74549343573844, 123.9293954755197, -207.5170201370574, -187.38807368291097, -99.22196218439038, 154.52003052691805, -176.93392868254276, 85.01557634848061, -133.99470126156987, -177.49436470537538, -97.80333331324057, -4.1857006239184615, -99.64942776669716, -217.487979130889, -37.35654621658938, -85.39794520576334, -44.36180386134349, -76.12529692540338, -120.45053831185498, 40.144541340102236, -211.41882834409202, -166.6458502811083, -202.447846153512, -236.1323817392774, -182.55503290845024, -269.41652472448294, -19.380463389193977, -127.52363376746716, -155.26205878421726, -174.64598065349045, 36.38347888480764, -150.6547697215461]",19.9817315383914,0.7121045805677801,0.9884819197370366,9800.368,612.222,10.608,565605.48,37380.583,160.511,11.764,342000,342000,41.30307692307693,15.299999999999999,2.9802322831784522e-09,4.999999873689376e-05,4758.819,-0.0014711577,4758.8203,0.10099925,0.0021175246,0.12992865,0.0
706.5997123892133,-1600.6578094030674,-553.8211045950028,100.0,60,15,348000,False,3480,58,212f51d07e9840f9afce8433e261ebfd,2020-07-14_16-43-48,1594745028,46.99293375015259,2719.082575559616,62816,tango5,131.234.250.245,2719.082575559616,0,58,d74d5_00000,0,-426.8125120678359,581.9491716586107,-92.30351743250044,"[-781.4401748426584, -652.1557079320835, 41.18878100234569, -1036.2616413538915, -1048.1308170752347, 308.7471400821084, -1600.6578094030674, -507.33942199308274, -588.8116224624192, -87.73449235839908, -389.3876171613436, 386.49105452924584, -543.2358983389694, -1262.8015183131322, -998.3290693098315, -748.2247117218947, 117.73066740898163, -805.1437862471417, -1256.2015413079196, -745.6991327711978, -1065.092934026445, -811.8825931945315, -163.07527896024672, -447.5522470798749, -936.5340086852908, -339.13778428647583, -1041.9426013652244, -422.6533923942639, -1115.6756976544825, -180.08096807428012, -335.1411866808688, -408.9607081949868, -592.033326413903, -784.7703515991028, -149.57628372976902, 599.271267246758, -419.46812785820595, 541.8021485905406, -1426.8010385881714, -214.93698755276478, -378.1999634987043, -908.5870472494876, -1151.4019613007688, -1439.1560191182275, -556.155356663309, 334.32671780604966, 268.8852327292471, -313.63357217015437, -1380.4278020395923, -650.8298294757509, -129.2275390793816, -200.24515886084907, -534.3448030216024, -1153.755428313975, -751.2356443715048, -1539.6022677091025, -1162.72722658608, -1467.499466221082, -209.5503607283946, 86.76215521124679, -538.4995302149797, -241.18775185057802, -58.48910162239697, 706.5997123892133, -629.1435999781518, -818.215454291029, -536.5904310688921, -993.5265230124327, -953.6660297076456, -757.8923855274493, -291.5788619306341, -936.5392950174419, 683.6965109657832, -961.6729516919816, -667.5311999873555, -1021.957667841498, -741.3358554600602, -422.1060105522633, 376.31596712895634, -682.8748726638325, -1519.7073610493903, -958.3369716074166, -1014.987019854535, -440.1908416017486, 309.08375025823284, 164.66935840055342, -1288.2345091705083, -91.93419508598113, -832.5670413253075, 98.6306267695991, 661.1196918933119, -978.9485653293348, -1173.213909674189, -1222.5268201190868, 632.2458063659666, -956.2086528216282, -593.6498735389753, 104.26808176769912, -563.8366470696678, -1083.3452740406049]","[100, 100, 100, 100, 100, 100, 100, 100, 100, 100, 100, 100, 100, 100, 100, 100, 100, 100, 100, 100, 100, 100, 100, 100, 100, 100, 100, 100, 100, 100, 100, 100, 100, 100, 100, 100, 100, 100, 100, 100, 100, 100, 100, 100, 100, 100, 100, 100, 100, 100, 100, 100, 100, 100, 100, 100, 100, 100, 100, 100, 100, 100, 100, 100, 100, 100, 100, 100, 100, 100, 100, 100, 100, 100, 100, 100, 100, 100, 100, 100, 100, 100, 100, 100, 100, 100, 100, 100, 100, 100, 100, 100, 100, 100, 100, 100, 100, 100, 100, 100]","[-207.958343470363, -168.11528511124592, -4.299418474530616, -160.92353559375758, -153.5082038436353, -86.63538834912582, -114.90837806301141, -165.7499642308969, -139.08630179523902, -91.30222122073495, -98.2260996701425, -42.882742952060454, 49.43579575693612, 7.16032549964671, -124.7642829007637, -76.97668637099294, 20.460961960324944, 165.87266705719452, -215.9131645938887, -193.720265866749, -162.94925687491607, -81.05631662868969, -174.50475723859813, -208.1178801510503, -169.45169582979315, -191.8348291684032, -131.63879777837644, -168.04905805316912, -164.0500960844168, -223.10634016107775, 104.8313379377216, 119.5192244793281, 3.873732144983557, 58.93842404128783, 60.46140604513784, -38.87698456635046, -269.47346624080524, -307.7403888572371, -114.69510296499386, -426.8125120678359, -245.899481265167, -236.03685800702664, -148.63121045112734, -50.7543332096695, -72.61509084494283, -165.96708377548038, -139.92575433779382, 70.5540506259318, -30.831177347322893, -53.66970711596356, -192.14078896293017, -215.2829576789087, -59.770313994577045, -37.11667736271681, 59.14833797051283, 38.175870748281945, -99.19309537528139, -67.87093761387091, 69.78318435397831, -87.77785244202008, -102.7503608579904, 145.6061790636331, -85.41821878869128, -78.3690199532564, -173.56240821449757, -94.8937884105414, 62.45686594897428, 119.47926333679108, 106.77409609868009, 101.13305283070088, -15.751037492594277, 12.398813806693408, -18.688575744862398, -88.43062318015525, -98.51259011815567, -135.83370538757703, -22.55624723844675, -179.21415666977262, -257.1375453493768, -188.2196800485748, -174.2748714326453, -191.90669806861376, -249.24579590187665, -202.01692751204257, -139.85221200336866, -114.24034616089884, -320.82993995665197, -184.79191409657975, -88.06047454940995, -150.55418254292192, -93.31471100911759, -176.55839780377391, -39.13993034964577, -236.5350435743422, -46.798027910407065, -155.87860107460847, 176.54887898083257, -94.6457384110794, -21.239500158551945, -35.668327618505444, 116.07062008476541, -23.33526546847983, -222.4493545398561, -8.097864354524496, -260.1090032929618, -219.7280284372509, -83.39070893497299, -11.36882668757455, -176.38674446460834, -235.23754936412755, -249.05435816074387, -106.26093810225137, -332.4726834396799, -156.7892677765065, -219.4463525551415, -130.02533620793398, -14.670658325302046, -149.79621564880784, -105.57556433011212, -126.18500570390069, -226.00723827585276, -136.0529333205041, -108.6518238920345, -179.29265063990016, -174.42094131957532, -240.66734657857808, -37.38134005731876, -130.72076664698434, -15.880770857815442, -260.1486436358925, -133.5027310446453, -234.24834095187498, -62.91065844072905, -63.12423401088384, -130.9118395989926, -91.90784492849114, -146.93395952542593, 332.71325754427625, -95.73780993711286, -106.75092361289575, 23.563634058509972, -174.82489879914903, -40.34709654676881, -53.45515224245872, -191.65113628321052, -126.70762226537917, -232.76588872508333, -128.56608152151003, -161.10512769280157, -95.73815219730716, -83.2766066498531, 25.888865805944516, -59.898054556521515, -40.25597896910458, -88.45858580341753, -93.13742411352338, -140.53495681028258, -208.28468816067348, -152.8064026001338, -104.07489296106979, -227.08932651611119, -209.15233431695526, -25.370579721718798, -93.58044922057934, -186.07155257565907, -53.23779585836543, -48.590942927310614, -15.802072090630503, -201.53409993014267, -189.6436331915138, -279.26890897783585, -104.58731985074137, -168.9521608767241, -171.68957482752575, 37.86474646159376, -14.77716711133065, -170.23903497026632, -27.85616154149626, -47.814586321047024, 42.74123540826635, -17.15062548005819, -51.552927372634336, -24.143646858577227, -27.508964785572992, -61.77169475394345, -153.01332743008197, -190.15605213236236, -88.41127432493448, 27.941603475317326, -97.34333863673777, -48.30294216145749, -12.688704414811934, -83.19945841478626, -57.89187400241162, -42.451965413720934, -132.72680517502386, -115.14759539938538, -160.61562800857462, -113.86598023299958, -186.78848909451153, -53.37722844699687, -205.8376420715408, -183.35408607509518, -41.546925677957475, 164.03241698243517, -39.06823294147136, -52.62727488995149, -107.578057409978, -31.730290411430207, -82.60484505937312, 46.54707545006486, 115.14264489050456, 87.82348578252197, 56.04263569424652, 240.42272305912056, 53.29270237029843, -30.92260555688397, -64.97552721211827, -47.220292138540145, -105.83553424146184, -80.41686925249584, -90.09729945670567, -19.922143211071575, 177.01321870094955, 211.2128581109636, 1.4352430944049197, -31.135045811247434, 203.19801770654013, -218.7717317311576, -158.39373199846958, -244.7548699441688, -306.9583475447139, -207.04750074324699, -290.8748566264149, -22.493443755734255, -97.22376407991182, -26.50952339086632, 25.077463433030907, -101.52436929724198, 7.736649537957875, 177.2414420527058, -44.10495638487852, -162.73599915165806, -113.94712248552962, -71.00926590148886, -163.6440616278546, -125.2041005779944, -179.6462153186276, -120.66062879474408, -214.6640566984121, -144.12678101697676, -124.28526484273199, -200.73588066483035, -136.16463030416568, -257.3903714830454, -177.16207991260208, -178.10396281217587, -201.84503612395008, -279.17370941344444, -124.95519224101909, -154.45422792817737, -293.5537496172545, -345.3808638085887, -241.63827610974022, -103.80344067519759, -81.87303678303256, -15.396633678066028, -79.94353284423343, -137.0234870519505, -138.1152256308295, 5.751275495554622, 62.9396765886275, 78.82401935141284, 49.05058367463759, 69.41792261766643, 68.34324007815009, 119.23485908212541, 87.79047786060276, 85.98163272148999, 108.19613355342378, -78.17338235135125, -54.14448813704308, -11.575449690310867, -78.98116284354926, 1.7724954196478473, -28.444016688806734, -57.742602641204904, -138.66283572593005, -357.61318814893417, -166.84626479876508, -234.15490674421744, -294.48527341362245, -191.29449883532257, -136.03367009873068, -263.202408155902, -66.67941573424928, -26.53198729560242, -183.62452271526953, -92.39807337296864, -18.393422201759307, 0.22096351768631806, -75.84366889725526, 212.81611260220774, -121.34614508691939, -88.73696415765897, -56.337837057441725, -113.49822145329725, -116.95662719093048, -136.4324323591436, -196.6854825360426, -5.632032113980914, 368.95963679254555, -259.78879360926913, -51.393504476272525, -21.09286938344038, -36.61171148168101, -99.16784344844686, -66.29008062249233, -160.44339386990325, -221.31031577499698, -168.4530444593345, -218.50944970151048, -218.32032792959856, -166.7188965786308, -57.84709405412495, -76.88288696579012, -196.3537557136442, -195.23401901641196, -149.12058191711168, -75.79730670442183, -220.0959887101, -226.3189741496569, -249.39320955141804, -228.02896508153344, -363.1019080574449, -252.66322215894604, -194.3418873125322, -170.46974691135063, -148.82278042190364, -241.32495547613433, -157.0379569995444, -250.72989946461567, -203.92450055734795, -178.8630904696422, -313.63300757874794, -245.3411806191545, -238.19508970035596, -287.5425972958317, -113.23856096043045, -176.0210845730263, -48.86406108665784, -55.800941668417096, 66.49874083426838, 117.8755467258692, -23.916052946922324, -96.53441275402245, 17.148472101270418, 109.46296510955474, 0.2832432333105353, 80.31794046805574, 20.33725321924981, -145.71693469581754, 80.51526948011656, -135.6689063178245, -214.45218983276393, -143.5140220679398, 6.178717196126165, -97.14897514674787, -94.00004939675921, -49.953590778084504, -11.504568349241069, 5.240714624128604, 163.40631909504353, 87.69070281275367, -92.54840713606507, -23.426622470779577, -90.84771552267318, -102.76337840067592, 569.1095233166245, -158.7340836869152, -82.11109644048472, -110.03115236082594, -93.58265009779643, 581.9491716586107, -109.51076989009027, -88.08159731703857, -62.166084451884764, -170.53002331251727, -30.75815052834351, -168.09697447827673, -164.65263725739842, -20.650327140897083, -92.78360349147705, -180.70389339056405, -176.5466063293829, -182.87838668130945, -21.84069627854189, -83.95267446587454, -71.35608390027913, -126.16513471491542, -121.48984800073637, -111.78599370854526, -153.0102927860478, -247.19030499382887, -195.55864259863904, -196.28007369959394, 58.59479191305249, -260.0820008473767, -224.90532339968254, -170.32792169039323, -129.04749251377356, -153.95221397530426, -180.26895268275345, -95.16412544573892, -192.6242005623835, 92.33818734399125, -172.57509185301893, -172.30202910821595, -128.08406010530592, -184.64519124251655, 15.485194307685255, -137.64786571591387, -7.169045280502145, 0.4753265986470421, -121.63525306878407, -41.087218771765905, -204.31054385267794, -105.02540338554246, -104.35754678210361, -197.88058822530695, -147.5274503388684, -177.43776243294315, 156.68958050720164, 154.491725805045, 80.51919609223297, -28.96166413660493, 361.28256506079464, -40.32489236288552, -192.46911689225453, -83.18587730182968, -10.02190027010755, -252.27787843321116, -219.59553837508327, -204.12264041949408, -74.95310338788697, -183.0154200915023, -112.78067081670923, -98.367180997091, -133.9431836636465, -64.47164103051914, -206.78988201554125, -264.4440787865196, -147.92019532115145, -123.76909993294609, -98.06722891174049, -180.96718287359795, -92.98769586484373, -160.91586126939364, -193.4140295280008, -121.24193117990184, -65.84613428469052, -106.93020333322895, 15.876700269737423, -176.90152588207482, -148.47532703944512, -45.49311995555184, -27.917593435582322, -39.195144509346875, 126.66571566063483, 13.632871062115354, 11.963763930328145, 9.642071236245236, 81.55838870424336, 132.85315653538936, -161.55262617895806, -207.24438429624692, -151.8716604003556, 28.463652913860713, 27.49782559734218, -218.16768029947465, -250.939178195188, -344.1423099118389, -233.4983026058925, -162.90271015410494, -251.42184244244066, -276.8030177399244, -71.81574273066222, -248.9672541022915, -169.14591904068382, -153.14826268227404, -151.2641763219579, -163.99561672954826, -200.51883485437634, -174.07299652573866, -78.92314913080487, -176.1128736703525, -156.74886667326692, -228.61029899999593, -65.7924096246664, -47.88024731413846, -142.18260654687373, -101.61414647490152, -82.80586361815976, 0.08443197699067717, 11.522444176841615, 36.318956895902495, -67.68388213011025, 10.847649752663527, 278.097443690162, 39.981137872773424, -87.27347298223042, -63.383451253138375, 290.16362121541806, 274.95313259960164, -115.33872458249265, -134.45174659660552, -292.68681427238107, -124.47581364937508, -191.4928741388566, -224.51214033291723, -190.8141394165931, -264.25272736038534, -94.52838900984138, -130.04848753619373, 23.87058091435835, 281.73586075117237, -34.11069485457065, -138.85306535090626, -257.9655933819985, -143.45093477175698, -169.56122046903806, -57.700844917667894, -160.76805345944587, -43.120394325400184, 95.88687043597746, -43.847517344379604, -28.779059714926618, 18.46008585550684, 14.59120541321104, 42.31904212420985, -31.55023846338189, -24.08737366587161, 156.3299531848716, 201.94979342819235, 12.482421390064012, 345.9951360194377, -184.8409342383212, -211.50199775600026, -179.98117996865946, -183.73867855240465, -93.14160214984713, -125.74417266410113, -123.65091574934243, -219.4525844236689, -243.94191088028907, -181.18748478991176, -199.64567010487772, -205.33534372609896, -207.69752040881087, -231.22381722256094, -182.21670983636704, -183.971073656591, -205.47377846020305, -211.94392053455414, 47.91490015801352, 119.94336589496598, 108.49415953151919, 143.3391334622419, 68.50794785216083, 144.04629946706342, -252.65567437348858, -184.7993181659458, -71.58730313114064, -145.13422048983318, -127.35155323850995, -174.68058342270942, -156.68096110604418, -97.82880862777992, -80.88071360182519, -116.6639979992258, -10.18387422102233, -131.41151798307823, -66.82405713228633, -29.261795052898762, -36.897764225724515, 150.74841418043113, -16.847248908975025, 103.35053290715331, -179.8697010123919, -111.9041986840269, -170.86179263763208, -96.99484001173893, -88.6936678793613, 84.48755315548316, -185.3105870423874, -134.48794626326546, -239.61378913984032, -158.21822937821207, -187.07174462807257, -178.64297758882918]",19.998418040322374,0.7121885182079615,0.9885640210157156,9811.207,611.546,10.587,566714.873,37356.228,160.616,11.762,348000,348000,41.12461538461539,15.299999999999999,1.4901161415892261e-09,4.999999873689376e-05,3579.2126,-0.0012638079,3579.2139,0.1123894,0.0017463445,0.12920225,0.0
734.6295121274295,-1634.6519248495379,-556.0376460857791,100.0,60,15,354000,False,3540,59,212f51d07e9840f9afce8433e261ebfd,2020-07-14_16-44-36,1594745076,47.186105489730835,2766.268681049347,62816,tango5,131.234.250.245,2766.268681049347,0,59,d74d5_00000,0,-387.5799892249824,530.7730149663552,-92.67294101429651,"[-366.40750537821384, -508.9842864076947, -775.8429341223944, -212.1393729884698, -886.6923311689831, 272.15680052445015, -821.975793949328, -657.6243931024093, 413.3318044944981, -1070.098928416326, -640.6485486140853, -537.2964104322301, -1005.1599964829535, 17.082867145986878, 367.8175159066476, -1311.9486939753185, -1014.9775620281038, -903.4661709846129, -664.9650680263798, -1455.2866501497522, 155.88012473558786, -677.1675193389189, -651.8053964945457, -531.0398115051406, -971.9200073454294, -181.02259723992992, -124.41977442762014, -562.6445834860334, 220.33426530038238, -590.0488722072145, 358.3036337001892, -626.8267275296453, -104.6309376496211, -569.5289594031398, -799.756763098763, 603.0285022700915, -1013.4440244203191, -967.4711441016191, -712.9408985505636, -1198.1980718487669, -643.8383597129698, -89.16396754153283, -792.1530217743066, -169.15843656895348, -531.920336209405, 734.6295121274295, -1069.781132349959, -79.84590538761746, -597.3649555303178, -492.69954199962586, -1444.841014472728, -1104.8163243437673, -862.8314258850688, -797.4641930285164, -535.9129603267548, -870.407680541919, -269.09857582754205, -381.2665061182556, -1634.6519248495379, -311.88519627685315, -1065.092934026445, -811.8825931945315, -163.07527896024672, -447.5522470798749, -936.5340086852908, -339.13778428647583, -1041.9426013652244, -422.6533923942639, -1115.6756976544825, -180.08096807428012, -335.1411866808688, -408.9607081949868, -592.033326413903, -784.7703515991028, -149.57628372976902, 599.271267246758, -419.46812785820595, 541.8021485905406, -1426.8010385881714, -214.93698755276478, -378.1999634987043, -908.5870472494876, -1151.4019613007688, -1439.1560191182275, -556.155356663309, 334.32671780604966, 268.8852327292471, -313.63357217015437, -1380.4278020395923, -650.8298294757509, -129.2275390793816, -200.24515886084907, -534.3448030216024, -1153.755428313975, -751.2356443715048, -1539.6022677091025, -1162.72722658608, -1467.499466221082, -209.5503607283946, 86.76215521124679]","[100, 100, 100, 100, 100, 100, 100, 100, 100, 100, 100, 100, 100, 100, 100, 100, 100, 100, 100, 100, 100, 100, 100, 100, 100, 100, 100, 100, 100, 100, 100, 100, 100, 100, 100, 100, 100, 100, 100, 100, 100, 100, 100, 100, 100, 100, 100, 100, 100, 100, 100, 100, 100, 100, 100, 100, 100, 100, 100, 100, 100, 100, 100, 100, 100, 100, 100, 100, 100, 100, 100, 100, 100, 100, 100, 100, 100, 100, 100, 100, 100, 100, 100, 100, 100, 100, 100, 100, 100, 100, 100, 100, 100, 100, 100, 100, 100, 100, 100, 100]","[-92.11060299354011, -130.330322449629, -85.81334381770606, -88.01672794514637, 121.28905828701771, -91.42556645921047, -80.44031156232037, -31.625494686400152, -44.81435784230611, -168.68296905561328, -183.70562643731623, 0.2844731762617583, -85.27682786183809, -160.97882496613985, -125.81912562645371, -155.75148913036972, -61.46145961445072, -186.55520692314158, 18.433577331624047, -126.99899647282278, -13.115008232403033, -52.44908468880497, -3.1055842024735405, -34.90427672358926, -153.44469644528593, -93.93083488820943, -115.42017410748439, -199.96421555907912, -83.10633358299673, -240.8260765859284, -74.61539459341599, 222.8146053934977, 216.88491444940885, 15.007916132524306, -55.035610823136274, -52.8996300344287, -263.56415872595585, -85.6796065250962, -131.37281318988624, -53.41256095306433, -182.25722333785333, -105.68943121747226, -63.20950483342556, -105.03170973343107, -169.6489382858631, -106.28582620045975, -172.17021403391402, -41.27820001531736, 20.066294544955053, 51.75761339545692, 15.968813801702844, 38.99277317048155, 148.22761294512932, 138.3186966367714, -233.74269277385534, -364.64030239601857, -53.865975918884324, -162.65836402107283, -54.71785467515597, -200.47373863133924, -27.060491275549076, -175.002864539319, -50.44122909585749, -194.51345819392188, -147.67904954592314, -45.95145596351422, -215.25551867669736, -102.10211616595535, -114.75975134900423, -75.7596941689529, -198.79320289590368, 169.37387282428202, -214.906825629544, -148.61786300423447, -78.28104087102618, -210.8010493847197, -180.591178259973, -171.9620393334544, -8.994301656445955, 224.72242667072808, -71.76490608387664, -34.623087799885276, 1.3851842885601842, -93.64244827309341, 232.38858091261528, 4.626785419701669, 104.00166570475562, -12.901070415926725, -17.3073278506168, 57.00888213611856, -221.42443994804162, -318.3800008694752, -158.71992551357494, -202.62142768274816, -221.12494263938652, -189.67795732209422, -123.20915470437436, -198.63149225960453, -168.21468563983666, -116.77195501565933, -165.30874057268227, -242.84153383594688, -33.82085970276386, -259.3360373817276, 57.88658562740605, -264.2264746440977, -231.53269204174353, -172.4366928416858, -114.89548947912469, 154.5132338094566, -216.5278804934888, -103.7922534396851, -185.3243649728331, -198.93831345070532, -288.5466815018796, -269.0504633482945, -294.9841395402961, -189.4064041127088, -200.72388570591323, -212.57507594065834, 183.04876858247707, 62.760907026053786, 71.64058744804103, -59.379942166825494, 12.130771984628595, -114.3209681387865, -146.34591863553368, -42.433379237454524, -150.98304160420702, -172.7700224022047, 82.42677412238113, -247.0619315819002, 170.1097544600201, -130.5620890006234, -184.1540227077955, -238.12610203320696, -102.66650085696517, -166.40643635597468, -144.5263073519825, -104.51311489542142, -152.397494149034, 4.0952475927474685, -136.07471681344387, 2.3765741119944144, -97.60897844049619, -230.71694531967654, -192.89957623609857, -203.30173844902146, -73.9011997933704, -173.49156910676507, -23.46136263135501, -155.92070549808452, 52.52766862365796, 40.56995558166608, 20.17880138615584, -114.91695470197111, -26.08899484437317, -17.058428149846566, -31.322508589140657, -70.1640549832691, 20.94067503944011, -0.7264629004313292, -29.737032360269833, -123.30991847829516, -215.30228727073356, -50.543967271200415, 193.15885247366364, -336.91023057919716, 140.33274142215993, -4.032618110211592, 44.50635216988579, 74.38495051712438, 22.596360074684487, -57.45352077326172, 44.71828938891033, 77.75891700014938, -143.10139620278176, -173.33157549838634, -193.6294448776983, -202.46366201740815, 65.9726064663368, -133.208814310982, -12.156147668448561, -73.15706494839435, -19.919960804677363, 530.7730149663552, -94.83377047009272, -280.25079269566436, -98.71616237738975, -167.2342362725162, -217.28561489509042, 231.49384918110846, 193.67354426408747, -93.68124808173135, -98.06405578577593, -76.44947211490427, -129.67875334044004, 99.56904740914334, -104.72997568253894, -103.79324052913768, -149.08861612103436, -113.51555639836874, -92.78397458642226, -5.617596085637869, -253.2552010272289, -8.1787446060861, -17.342690595781107, -102.24238034365551, -387.5799892249824, -31.15775730102878, -32.97028165940311, 10.881989659669678, 128.58946791281977, -35.6939456264886, 471.85363566625324, 60.3676363172399, -257.06243715131717, -112.70042753182364, -231.96067391374999, -66.56545102049535, -133.66578337006115, -211.4892514328714, -120.13153391849923, -212.31510744602966, -25.261062675915195, -194.72307112388785, -225.40413245463282, -189.63623648265522, -120.56272718728437, -190.73746036767358, -119.3970707625156, 119.22091447103634, -178.7319607793214, -222.73259392480486, -134.75186682974032, -305.4158310532985, -202.59579888155184, -118.2432950283931, -174.53753854389618, -262.65374151188666, -71.8392587693098, -129.80223156963652, -97.28737564957697, -89.39176632838094, -42.82968726805765, -212.6880401280072, 53.95761178779955, -25.96778441153075, -61.427468929457945, 22.189468821497336, -44.2317858585436, -33.684008951296775, -201.9003968276503, -84.97800312079997, -100.02413907310572, -64.86553582231119, -215.09474893755203, -125.29019799288929, -109.97897188670296, 248.88133403698617, 43.38810631723328, -165.40539796356475, -20.280155251040192, -165.76335182186494, -94.22856146196223, -99.1650284753817, -77.03612443822665, -77.09779620779379, -110.97086356886531, -73.42196205717615, 72.99212829885151, 126.50656170070697, 43.287957504916555, 154.56148960160957, 248.9927963851687, 88.28857863617652, -196.02027380401302, -146.7561990626994, -176.41650990766274, -189.23555874087333, -119.85171186882721, -241.50087896588252, -47.44570308302261, -139.54831068669034, -36.54981723778524, 82.91288508200437, -54.94550926525484, 115.73054980313141, -151.71448579727308, -161.631583388152, 98.2693764516157, -193.20900190486557, 47.64143928449786, -236.72070017614033, -142.15621986173835, -144.79401604792793, 29.08613212045559, -95.8421195627765, -133.68705984676544, -5.306258800873731, -221.82516442910364, -274.68427350261265, -252.6714833015127, -213.6212369583771, -252.9952361792071, -229.04362010191318, -314.17916480121676, -176.93665340773742, -191.3733885490078, -142.00040361878166, -105.05396469531523, -175.27274927171064, -196.81092749505066, -142.29619203375634, -212.83322905052626, -152.7750352633586, -109.88634000553616, -48.22970203684104, -198.53602140949258, -239.43994250991167, -120.13090993529676, -182.91777787778793, 96.35963525679009, -152.7991765528182, -49.60096019398166, -102.22139193366273, -84.75177156719364, -130.9012204279224, -154.2706264007574, -14.166989803237145, -161.8518967980287, -117.53939502476666, -155.13084956129006, -94.55553149159314, -244.69046445382082, -96.63954321241911, -59.81662870516934, -121.18984140766948, -67.66446573896522, 187.9412990050433, -88.09955847955783, -120.26938050122344, -115.51760082631432, -48.22910550696549, -47.92641500779111, -18.96383371311475, -92.47866467719089, -58.150886386879485, -344.055529227458, -328.39196005855587, -280.1976953230083, -131.9918852892927, -246.395705168635, -303.6191497825872, 38.31436218385788, -122.12266011905133, -92.98357564405683, -213.54906322038576, 63.6296090640238, 14.826131458759473, -226.00723827585276, -136.0529333205041, -108.6518238920345, -179.29265063990016, -174.42094131957532, -240.66734657857808, -37.38134005731876, -130.72076664698434, -15.880770857815442, -260.1486436358925, -133.5027310446453, -234.24834095187498, -62.91065844072905, -63.12423401088384, -130.9118395989926, -91.90784492849114, -146.93395952542593, 332.71325754427625, -95.73780993711286, -106.75092361289575, 23.563634058509972, -174.82489879914903, -40.34709654676881, -53.45515224245872, -191.65113628321052, -126.70762226537917, -232.76588872508333, -128.56608152151003, -161.10512769280157, -95.73815219730716, -83.2766066498531, 25.888865805944516, -59.898054556521515, -40.25597896910458, -88.45858580341753, -93.13742411352338, -140.53495681028258, -208.28468816067348, -152.8064026001338, -104.07489296106979, -227.08932651611119, -209.15233431695526, -25.370579721718798, -93.58044922057934, -186.07155257565907, -53.23779585836543, -48.590942927310614, -15.802072090630503, -201.53409993014267, -189.6436331915138, -279.26890897783585, -104.58731985074137, -168.9521608767241, -171.68957482752575, 37.86474646159376, -14.77716711133065, -170.23903497026632, -27.85616154149626, -47.814586321047024, 42.74123540826635, -17.15062548005819, -51.552927372634336, -24.143646858577227, -27.508964785572992, -61.77169475394345, -153.01332743008197, -190.15605213236236, -88.41127432493448, 27.941603475317326, -97.34333863673777, -48.30294216145749, -12.688704414811934, -83.19945841478626, -57.89187400241162, -42.451965413720934, -132.72680517502386, -115.14759539938538, -160.61562800857462, -113.86598023299958, -186.78848909451153, -53.37722844699687, -205.8376420715408, -183.35408607509518, -41.546925677957475, 164.03241698243517, -39.06823294147136, -52.62727488995149, -107.578057409978, -31.730290411430207, -82.60484505937312, 46.54707545006486, 115.14264489050456, 87.82348578252197, 56.04263569424652, 240.42272305912056, 53.29270237029843, -30.92260555688397, -64.97552721211827, -47.220292138540145, -105.83553424146184, -80.41686925249584, -90.09729945670567, -19.922143211071575, 177.01321870094955, 211.2128581109636, 1.4352430944049197, -31.135045811247434, 203.19801770654013, -218.7717317311576, -158.39373199846958, -244.7548699441688, -306.9583475447139, -207.04750074324699, -290.8748566264149, -22.493443755734255, -97.22376407991182, -26.50952339086632, 25.077463433030907, -101.52436929724198, 7.736649537957875, 177.2414420527058, -44.10495638487852, -162.73599915165806, -113.94712248552962, -71.00926590148886, -163.6440616278546, -125.2041005779944, -179.6462153186276, -120.66062879474408, -214.6640566984121, -144.12678101697676, -124.28526484273199, -200.73588066483035, -136.16463030416568, -257.3903714830454, -177.16207991260208, -178.10396281217587, -201.84503612395008, -279.17370941344444, -124.95519224101909, -154.45422792817737, -293.5537496172545, -345.3808638085887, -241.63827610974022, -103.80344067519759, -81.87303678303256, -15.396633678066028, -79.94353284423343, -137.0234870519505, -138.1152256308295, 5.751275495554622, 62.9396765886275, 78.82401935141284, 49.05058367463759, 69.41792261766643, 68.34324007815009, 119.23485908212541, 87.79047786060276, 85.98163272148999, 108.19613355342378, -78.17338235135125, -54.14448813704308, -11.575449690310867, -78.98116284354926, 1.7724954196478473, -28.444016688806734, -57.742602641204904, -138.66283572593005, -357.61318814893417, -166.84626479876508, -234.15490674421744, -294.48527341362245, -191.29449883532257, -136.03367009873068, -263.202408155902, -66.67941573424928, -26.53198729560242, -183.62452271526953, -92.39807337296864, -18.393422201759307, 0.22096351768631806, -75.84366889725526, 212.81611260220774, -121.34614508691939, -88.73696415765897, -56.337837057441725, -113.49822145329725, -116.95662719093048, -136.4324323591436, -196.6854825360426, -5.632032113980914, 368.95963679254555, -259.78879360926913, -51.393504476272525, -21.09286938344038, -36.61171148168101, -99.16784344844686, -66.29008062249233, -160.44339386990325, -221.31031577499698, -168.4530444593345, -218.50944970151048, -218.32032792959856, -166.7188965786308, -57.84709405412495, -76.88288696579012, -196.3537557136442, -195.23401901641196, -149.12058191711168, -75.79730670442183, -220.0959887101, -226.3189741496569, -249.39320955141804, -228.02896508153344, -363.1019080574449, -252.66322215894604, -194.3418873125322, -170.46974691135063, -148.82278042190364, -241.32495547613433, -157.0379569995444, -250.72989946461567, -203.92450055734795, -178.8630904696422, -313.63300757874794, -245.3411806191545, -238.19508970035596, -287.5425972958317, -113.23856096043045, -176.0210845730263, -48.86406108665784, -55.800941668417096, 66.49874083426838, 117.8755467258692, -23.916052946922324, -96.53441275402245, 17.148472101270418, 109.46296510955474, 0.2832432333105353, 80.31794046805574]",20.012711962585982,0.7122135553968542,0.9885380587739883,9811.597,611.521,10.597,566221.414,37351.479,160.636,11.666,354000,354000,40.93538461538461,15.299999999999999,7.450580707946131e-10,4.999999873689376e-05,4043.8738,-0.0015885344,4043.8755,0.10095034,0.0016044755,0.12659815,0.0
734.6295121274295,-1634.6519248495379,-484.3374008129515,100.0,60,15,360000,False,3600,60,212f51d07e9840f9afce8433e261ebfd,2020-07-14_16-45-23,1594745123,47.02831172943115,2813.296992778778,62816,tango5,131.234.250.245,2813.296992778778,0,60,d74d5_00000,0,-387.5799892249824,552.8546257325139,-80.72290013549193,"[717.70933469514, -149.84426302477587, -348.5432371053997, -501.8065524492436, -991.6459799389902, 556.5117402115804, -1198.130377434204, 31.362013749819795, -67.23278740861178, -402.41969304955626, 110.13737967446288, -627.8200266104772, -475.5721454855728, -577.4904574059167, -812.2311712242663, -559.8874068091872, -224.63763849998702, -232.53787300161858, -444.1855156987851, -334.3999321122616, -1023.4059396667246, -1133.5950894072187, -268.5310354825705, 536.7174544761341, -1068.0449525804017, 351.08222609784394, -368.1761004328263, -31.128354253959905, 23.413286674889463, 86.05174807565287, 303.91445031011574, -222.07828220440035, -476.48148248195776, -648.0772318824398, -599.931142201489, -1108.6164926524457, -1127.06429486636, -971.545753354938, -855.0410824142692, -1094.874277882238, -334.94316208261506, 290.1715669169208, -171.07097953726378, -58.23167197047502, -729.8892996588673, -733.7114773445878, -346.15089847381165, -1006.4254425935443, -1295.4065048299651, -510.091369174246, -1338.9491404988125, -1357.267506927719, -431.7401679712156, -481.9678091903136, -363.8711962919374, 28.834509618272545, -1017.6797365510166, -652.4789043625423, 19.7580305118501, -824.7604765665925, 155.88012473558786, -677.1675193389189, -651.8053964945457, -531.0398115051406, -971.9200073454294, -181.02259723992992, -124.41977442762014, -562.6445834860334, 220.33426530038238, -590.0488722072145, 358.3036337001892, -626.8267275296453, -104.6309376496211, -569.5289594031398, -799.756763098763, 603.0285022700915, -1013.4440244203191, -967.4711441016191, -712.9408985505636, -1198.1980718487669, -643.8383597129698, -89.16396754153283, -792.1530217743066, -169.15843656895348, -531.920336209405, 734.6295121274295, -1069.781132349959, -79.84590538761746, -597.3649555303178, -492.69954199962586, -1444.841014472728, -1104.8163243437673, -862.8314258850688, -797.4641930285164, -535.9129603267548, -870.407680541919, -269.09857582754205, -381.2665061182556, -1634.6519248495379, -311.88519627685315]","[100, 100, 100, 100, 100, 100, 100, 100, 100, 100, 100, 100, 100, 100, 100, 100, 100, 100, 100, 100, 100, 100, 100, 100, 100, 100, 100, 100, 100, 100, 100, 100, 100, 100, 100, 100, 100, 100, 100, 100, 100, 100, 100, 100, 100, 100, 100, 100, 100, 100, 100, 100, 100, 100, 100, 100, 100, 100, 100, 100, 100, 100, 100, 100, 100, 100, 100, 100, 100, 100, 100, 100, 100, 100, 100, 100, 100, 100, 100, 100, 100, 100, 100, 100, 100, 100, 100, 100, 100, 100, 100, 100, 100, 100, 100, 100, 100, 100, 100, 100]","[254.90114226630547, 34.07826035661763, 24.135366337268877, 289.56887580108923, 62.76273295663708, 52.26295697722296, 58.640478985981716, 11.723618248476988, 12.604175378478054, -108.0360881779767, -17.561010980690032, -107.21543647904552, 19.8068486406675, -146.2237434641047, -168.09712067508872, -46.685221852206745, 110.40521416878127, -117.74921392344783, -117.11904710689983, -162.83755665465475, -119.06932966893197, -147.83369919300387, 149.39224846357467, -104.33916828932689, -242.85669040136926, -222.8858984123896, 37.91467078117582, -175.03715124544775, -239.0820588423607, -149.69885181859843, 302.2866435318984, -117.97552116211595, 441.02796520586026, -60.31706933053621, 85.05072508285163, -93.5610031163771, -69.63190856425875, -189.46097072295194, -215.9925090180321, -232.2037600970656, -245.36923451920504, -245.47199451269057, 93.89161834311602, -86.68555857852726, 63.398369344140214, 143.54244884785555, -69.12984351906181, -113.6550206877029, 15.928630676594162, -15.350990084254583, -11.283842011277699, 48.43176471530881, -173.21459804397097, 68.25624733898842, -116.75492231995702, -59.363874980650735, -59.7230426598836, -50.46920784457615, -93.27606947102315, -22.832575773465447, -116.79738501597828, -135.93526249427035, -159.68798350779733, 242.3372646390345, 26.940446971543402, 253.28029908193113, -56.85177802849193, -202.1141847061318, -92.1292776720069, -189.1592323506011, -54.530533849581204, -33.03502000366476, -104.92753406825227, -79.12476603470792, -49.899376443283444, -112.71113747477573, -81.61707876675393, -47.29225269779948, -91.80862071012304, -228.55486770664263, -42.85376327411071, -74.46314638690845, -103.56767304839829, -36.24238627973312, -310.2406349891474, -74.93032310147314, -109.73353499607157, -146.26858623457744, 12.508429887061013, -183.5665217900579, -112.3801771688793, -76.05230658842869, -54.432858828027896, -126.99943119347776, -104.74413646714139, -85.27849656323255, -34.47767488757096, -201.906120398144, -50.65544379404744, -36.899781495667135, -27.88059414306314, 127.18197621850562, -95.78099718054456, -26.093109492742766, -38.574620927729995, -12.066577731414426, -46.3145841824297, -13.707983486757465, -157.01942809376527, -9.906312728336054, 31.728681424020927, -107.9812016795353, -178.4681630066372, -22.539091614531976, -17.083658606397623, -69.14619911622026, -120.56258238593543, 0.5720516686533605, -81.10656692988077, -47.07297674248167, -248.59477760701293, -111.0666404370244, -146.51210649051671, -267.4654717740517, -179.26630951480456, -70.50063384331568, -138.80816236842898, -212.6239765341224, -244.8224578690809, -94.99923802748717, -214.39075130052072, -227.95050330757797, -128.3118428533674, 130.76520418177918, -49.472441186569924, 35.916724094680816, -110.4132300252148, -147.01544969387825, -52.449067857017766, 163.64225655114188, 262.02307425869, -20.258057556211092, 248.6892834029722, -64.93003432344105, -217.82522653600884, -118.06970235558566, -153.33487383184607, -221.9711310297831, -171.44599892395698, -185.39801990322158, -195.33639236207082, -99.30828456403215, -128.26371053631746, 460.2990134898986, -114.71785143129154, 428.409451501658, -171.27024810923754, -22.986581295094, -32.5576411727057, -87.71671062110396, -44.770659792451944, -8.874259442232471, -168.17673010185428, 552.8546257325139, -68.63681933646505, -82.010488994224, -141.74557333004424, -123.41336822388578, 38.47773132860505, -126.2883573723455, 70.13872062173994, -9.973959780526567, 0.04293298481540653, 51.01621889260153, -8.789896015219936, 56.85417064920227, 6.262139278158465, 124.02261158155623, -50.27141941059375, -42.02585800745028, 58.29612936813325, -24.984841695535874, 38.904768027163456, 44.588588437942924, -58.08206556965145, 245.19187174206328, -37.65068091461086, -37.97642969509449, -106.74450806681622, 63.8373670942023, -43.281384719101894, -60.262645902979024, -106.01509150412332, -73.20838978572138, -72.17604651688367, -98.2230662192852, -72.63834861731003, -54.22053983863528, -82.27499314374289, -50.30793327341974, -115.20867237933868, -104.04815560812571, -141.5884249740308, -154.6490525037811, -154.70903151380276, -74.48998156836485, -162.94515141378412, -139.7861956951733, -78.66755762810597, 10.666775617741985, -206.14581935534292, -203.7081153048386, -163.63474880616286, -175.6797773923449, -171.53669392269768, -187.91133787105935, -195.27370293919859, -206.99008927860365, -239.36246145281132, -98.8355774555524, -214.34716341462695, -172.25530032556742, -145.52294380034385, -210.4126660684405, -176.2716616239434, -252.91860008943644, -99.52148587744973, -86.8983958953233, -225.87421677918687, -194.72599442045933, -78.46321585949477, -56.16108629783432, -169.31263692452256, -130.50393213277226, -134.13850131949812, -130.42038796475424, -169.96954809181364, -216.4089569172565, -235.359016027023, -208.57786756189265, 61.2721025590614, -123.60204577535048, 25.00247846440486, -139.77477541624808, -45.04807772794747, -112.79284418653508, 18.43605110228427, 65.18227250051746, 5.815208062497503, 40.8181231369417, 128.48409528741502, 31.43581682726458, -4.724009639893808, -9.287039202348453, -61.06193078780701, -21.641509763990783, -74.84130656111111, 0.484816417887328, 181.37718074499196, 59.80421916424038, 246.17067574477406, -305.10527018917264, -137.62523207170383, -102.85324536360481, -157.66489891835707, -67.2775235582782, -155.7326851260172, -49.59730660103647, -140.9178144077795, -158.69907104739912, -82.76459002432986, -127.16034350651721, -68.38305605313447, -63.589523680892405, -155.9121357091696, -235.90182837054402, -64.59827461211003, -16.009494830617978, -66.71043572299705, -48.67602522832809, -59.60325073291895, -90.55341734684008, -210.98858445203308, -135.03112974290838, -178.56495328760593, -246.07815690026325, -136.28061208202968, -99.48200612870374, -303.5791511127951, -228.5614760503228, -126.28045845568973, -208.9807663997558, -184.38178839934574, -243.62286441205507, -44.486716944478815, -66.20007833049915, -127.21822978169148, -72.23260655570316, -151.03229467482956, -48.92144288704369, -215.56042422062598, -251.25903980764232, -246.3373050738888, -189.18454347835385, -229.41001109359163, -207.19781682471015, -198.91556498125598, -214.01986263548383, -228.43828592436947, -229.19061567885007, -244.50451387549546, -242.19866383226486, -29.051675770019425, -73.78507263009178, -129.5731628593633, -39.147960527550715, -36.26414424103048, -123.91815194315977, -137.0284554731156, -77.12258518479153, -95.82049287854271, -52.95001245451188, -4.418498179766182, -114.62776501958606, -59.819711322782226, -18.349595126012755, -109.67303280746846, -82.45055999424008, -23.21405362720487, -70.36424341422952, -78.5867224912265, 520.7094954517408, -56.64542215757935, -159.44395955761658, -166.3378875477936, -30.860994079252, -219.74392493505772, -256.7144421522387, -194.53011076168426, -59.599757106830474, -198.31619790567683, -88.77530368952834, -29.959937594729475, -63.43143164682341, -76.85106611855878, -145.79051804158118, -129.9732141906228, -206.47273677022676, 101.8466176232184, -58.283292577955564, -45.459458633614005, -21.870912750101716, -87.91079858003177, 131.43587543033513, -142.5346605289514, -195.85163811949863, -88.2888866157744, -126.85492568583919, -203.33357703039624, -67.89678858613343, 183.04876858247707, 62.760907026053786, 71.64058744804103, -59.379942166825494, 12.130771984628595, -114.3209681387865, -146.34591863553368, -42.433379237454524, -150.98304160420702, -172.7700224022047, 82.42677412238113, -247.0619315819002, 170.1097544600201, -130.5620890006234, -184.1540227077955, -238.12610203320696, -102.66650085696517, -166.40643635597468, -144.5263073519825, -104.51311489542142, -152.397494149034, 4.0952475927474685, -136.07471681344387, 2.3765741119944144, -97.60897844049619, -230.71694531967654, -192.89957623609857, -203.30173844902146, -73.9011997933704, -173.49156910676507, -23.46136263135501, -155.92070549808452, 52.52766862365796, 40.56995558166608, 20.17880138615584, -114.91695470197111, -26.08899484437317, -17.058428149846566, -31.322508589140657, -70.1640549832691, 20.94067503944011, -0.7264629004313292, -29.737032360269833, -123.30991847829516, -215.30228727073356, -50.543967271200415, 193.15885247366364, -336.91023057919716, 140.33274142215993, -4.032618110211592, 44.50635216988579, 74.38495051712438, 22.596360074684487, -57.45352077326172, 44.71828938891033, 77.75891700014938, -143.10139620278176, -173.33157549838634, -193.6294448776983, -202.46366201740815, 65.9726064663368, -133.208814310982, -12.156147668448561, -73.15706494839435, -19.919960804677363, 530.7730149663552, -94.83377047009272, -280.25079269566436, -98.71616237738975, -167.2342362725162, -217.28561489509042, 231.49384918110846, 193.67354426408747, -93.68124808173135, -98.06405578577593, -76.44947211490427, -129.67875334044004, 99.56904740914334, -104.72997568253894, -103.79324052913768, -149.08861612103436, -113.51555639836874, -92.78397458642226, -5.617596085637869, -253.2552010272289, -8.1787446060861, -17.342690595781107, -102.24238034365551, -387.5799892249824, -31.15775730102878, -32.97028165940311, 10.881989659669678, 128.58946791281977, -35.6939456264886, 471.85363566625324, 60.3676363172399, -257.06243715131717, -112.70042753182364, -231.96067391374999, -66.56545102049535, -133.66578337006115, -211.4892514328714, -120.13153391849923, -212.31510744602966, -25.261062675915195, -194.72307112388785, -225.40413245463282, -189.63623648265522, -120.56272718728437, -190.73746036767358, -119.3970707625156, 119.22091447103634, -178.7319607793214, -222.73259392480486, -134.75186682974032, -305.4158310532985, -202.59579888155184, -118.2432950283931, -174.53753854389618, -262.65374151188666, -71.8392587693098, -129.80223156963652, -97.28737564957697, -89.39176632838094, -42.82968726805765, -212.6880401280072, 53.95761178779955, -25.96778441153075, -61.427468929457945, 22.189468821497336, -44.2317858585436, -33.684008951296775, -201.9003968276503, -84.97800312079997, -100.02413907310572, -64.86553582231119, -215.09474893755203, -125.29019799288929, -109.97897188670296, 248.88133403698617, 43.38810631723328, -165.40539796356475, -20.280155251040192, -165.76335182186494, -94.22856146196223, -99.1650284753817, -77.03612443822665, -77.09779620779379, -110.97086356886531, -73.42196205717615, 72.99212829885151, 126.50656170070697, 43.287957504916555, 154.56148960160957, 248.9927963851687, 88.28857863617652, -196.02027380401302, -146.7561990626994, -176.41650990766274, -189.23555874087333, -119.85171186882721, -241.50087896588252, -47.44570308302261, -139.54831068669034, -36.54981723778524, 82.91288508200437, -54.94550926525484, 115.73054980313141, -151.71448579727308, -161.631583388152, 98.2693764516157, -193.20900190486557, 47.64143928449786, -236.72070017614033, -142.15621986173835, -144.79401604792793, 29.08613212045559, -95.8421195627765, -133.68705984676544, -5.306258800873731, -221.82516442910364, -274.68427350261265, -252.6714833015127, -213.6212369583771, -252.9952361792071, -229.04362010191318, -314.17916480121676, -176.93665340773742, -191.3733885490078, -142.00040361878166, -105.05396469531523, -175.27274927171064, -196.81092749505066, -142.29619203375634, -212.83322905052626, -152.7750352633586, -109.88634000553616, -48.22970203684104, -198.53602140949258, -239.43994250991167, -120.13090993529676, -182.91777787778793, 96.35963525679009, -152.7991765528182, -49.60096019398166, -102.22139193366273, -84.75177156719364, -130.9012204279224, -154.2706264007574, -14.166989803237145, -161.8518967980287, -117.53939502476666, -155.13084956129006, -94.55553149159314, -244.69046445382082, -96.63954321241911, -59.81662870516934, -121.18984140766948, -67.66446573896522, 187.9412990050433, -88.09955847955783, -120.26938050122344, -115.51760082631432, -48.22910550696549, -47.92641500779111, -18.96383371311475, -92.47866467719089, -58.150886386879485, -344.055529227458, -328.39196005855587, -280.1976953230083, -131.9918852892927, -246.395705168635, -303.6191497825872, 38.31436218385788, -122.12266011905133, -92.98357564405683, -213.54906322038576, 63.6296090640238, 14.826131458759473]",20.02443982233565,0.7122666336073857,0.9883593980375457,9825.285,610.669,10.59,566551.567,37331.756,160.721,11.56,360000,360000,40.87692307692308,15.299999999999999,3.7252903539730653e-10,4.999999873689376e-05,3688.9604,-0.0015807657,3688.9617,0.104497135,0.0034801476,0.11531785,0.0
837.4770022787914,-1561.1893905620814,-539.8971860739672,100.0,60,15,366000,False,3660,61,212f51d07e9840f9afce8433e261ebfd,2020-07-14_16-46-10,1594745170,46.96691703796387,2860.263909816742,62816,tango5,131.234.250.245,2860.263909816742,0,61,d74d5_00000,0,-343.06540964994554,552.8546257325139,-89.98286434566121,"[-402.7646142457879, -361.28854883042754, -917.4779305088408, -1252.5376061110794, -804.7200054932435, -628.015086606127, 530.7399482675787, -422.22274852240326, -283.73739748295793, -150.29548277118786, -1038.2292163109448, -932.8901705637593, -430.28354983791223, 374.26046000578026, 269.26816992235496, 135.0461792054135, -650.0075649508274, -1095.8240784520226, -112.5347007143598, -681.3265278308538, -869.744698370831, -341.9896634424309, -717.1270512554136, -885.9786644643476, -515.0939350312603, -963.7641922387069, -556.9981484707554, -1018.1187850738132, -400.27752468355334, -686.8075262727793, -1130.8700829346, 95.27991078390664, 837.4770022787914, -794.7766551168015, -556.8753596845391, 380.37445303897306, -641.7432032811971, -666.6705121754997, -929.4216301185141, 121.84994332316597, -743.8832510588, -389.3891777676962, -707.9923600080483, -709.535709564716, -18.215349400467566, -14.50529028575341, -119.57619183866369, -1101.1274064612974, -1287.2597104671088, -1542.9535605199894, -1005.1635728694182, -99.92413928759038, -374.44613431815475, 209.11616917708673, -739.158941207296, -948.7689580552585, -886.1183632954429, -600.9393222927927, -1561.1893905620814, -1241.287169183337, -1023.4059396667246, -1133.5950894072187, -268.5310354825705, 536.7174544761341, -1068.0449525804017, 351.08222609784394, -368.1761004328263, -31.128354253959905, 23.413286674889463, 86.05174807565287, 303.91445031011574, -222.07828220440035, -476.48148248195776, -648.0772318824398, -599.931142201489, -1108.6164926524457, -1127.06429486636, -971.545753354938, -855.0410824142692, -1094.874277882238, -334.94316208261506, 290.1715669169208, -171.07097953726378, -58.23167197047502, -729.8892996588673, -733.7114773445878, -346.15089847381165, -1006.4254425935443, -1295.4065048299651, -510.091369174246, -1338.9491404988125, -1357.267506927719, -431.7401679712156, -481.9678091903136, -363.8711962919374, 28.834509618272545, -1017.6797365510166, -652.4789043625423, 19.7580305118501, -824.7604765665925]","[100, 100, 100, 100, 100, 100, 100, 100, 100, 100, 100, 100, 100, 100, 100, 100, 100, 100, 100, 100, 100, 100, 100, 100, 100, 100, 100, 100, 100, 100, 100, 100, 100, 100, 100, 100, 100, 100, 100, 100, 100, 100, 100, 100, 100, 100, 100, 100, 100, 100, 100, 100, 100, 100, 100, 100, 100, 100, 100, 100, 100, 100, 100, 100, 100, 100, 100, 100, 100, 100, 100, 100, 100, 100, 100, 100, 100, 100, 100, 100, 100, 100, 100, 100, 100, 100, 100, 100, 100, 100, 100, 100, 100, 100, 100, 100, 100, 100, 100, 100]","[267.34915305795244, -99.55548410977362, -116.74561329357093, -115.42886712891726, -172.16442264787963, -166.21938012359874, -155.60362229594563, -63.96627325136776, -197.77139189509103, -5.656805590991805, -39.78415623132288, 101.49370043429113, -230.13942522157365, -62.81715859299126, -111.90810363284629, -204.7633847894626, -133.28554765423016, -174.56431061773705, -204.70153396387005, -254.49635040399204, -274.82212902490755, -166.62939875228162, -157.4364074889987, -194.45178647703247, -124.63204518895141, -197.94325823843312, -79.39243956684167, -209.98343445970832, -164.4749426019155, -28.29388543739278, -62.45345848885102, -185.8349398317152, -198.4603219798, -78.84816818291876, -124.54151765277948, 22.12331952993762, 60.455405024905346, 180.28625261134096, 19.791457322594677, 170.333201211162, 56.52195410918842, 43.35167798838767, -188.03306247074642, -171.1164558352516, -6.149630861584774, -131.5814249627993, 38.03440896716523, 36.6234166408137, -139.4765925447928, 91.82906614828269, 18.2899681460971, -81.04736788522136, -111.25796459885434, -62.07450674846909, 84.99780312927895, 30.12925170940058, -51.98695726928272, -104.9446313742633, -114.72883846045544, 6.2378894941335545, -200.69541744343482, -145.27533661483253, -157.7812542774413, -200.03239969910712, -236.0274578153148, -98.41735046081422, -208.65973717711617, -127.7586044301204, -119.91093026405053, -104.7058101710006, -250.86328895462213, -120.99179956684877, 55.39529296940078, -67.46206972445907, -89.95433625995689, -207.19138095528592, 43.19076348034956, -164.26181934796085, 88.38289225460586, -8.579716033248895, 62.883222301317815, -8.449574883993643, 188.23469223773037, 51.78894412936928, 4.9818778862152895, 96.70451379517688, -102.80534022968735, 46.65527402144941, 270.06541046682423, -46.33356601762309, 56.572017546466434, -71.77914260464556, 57.84389023783455, -14.360122796619276, 3.232960548948757, 103.5365762734279, -171.60737603849816, 107.69163696367893, -130.5275651293437, -148.70580318251587, -205.94262918387554, -100.91582838027267, -277.42743453618505, -205.02027494797426, -180.43307944000932, -28.929821083499412, -206.70162553220123, -197.31184291215249, -21.443578486355875, 26.657061011523883, -5.245055214474234, -101.77011235626591, 18.39062446135392, -29.12364013014121, -73.25010399910273, -113.54173140712123, -55.953935496764686, -93.40866547824095, -101.27389887784521, -243.8981925717786, -164.8016867670561, -143.01652202132604, -228.39952581123944, -191.5792402375319, -118.33999656336853, -23.607726970307986, -154.07610643370225, -126.64532606703199, 298.7103541324187, -89.41777904972372, -175.75800156218165, -94.80280446221059, -102.66902928612528, -231.49139267483744, -132.17836743487675, -27.199780761650747, -91.33296985884022, -132.25551123908457, -100.36027933052543, -172.90603610961293, -149.17899092678763, -141.27240749286247, -18.79655675893889, -303.46439384562024, -27.533208570652068, -191.3121094231222, -72.77039856460371, -157.30692875564736, 57.235587579172915, -123.40687729640885, -174.54503957820816, -115.49876921999515, -124.53417451181465, -202.3721295822501, -152.11162546249915, -194.702453883939, -89.11704282408746, -75.81943849871526, -121.04059069684982, -93.58211864061826, -124.41039467353932, -53.02856313694618, -130.95030510545547, -262.4017218575455, -125.5998675780213, -166.88374960856197, -245.8078051120454, -86.47533581218431, -38.82462251088205, -136.3550437183637, -118.06698777667798, -103.03801762356989, -92.8507338771183, 88.85788082305821, -133.73394266324212, -26.450959284680565, -180.60064900514305, -103.53187660251886, -89.49823953700188, -152.99185918019248, -128.81103622380166, -260.7990396617761, -192.90488576213568, -188.31070925569048, -186.06177852792712, -173.98263350326886, 103.09578094827692, -96.04222803012051, 214.1412413410076, -91.96332069153561, -135.08077117869402, 101.12920839497205, 336.862387908397, -25.192725056792305, -68.18452735387044, 301.5399306232747, 327.88693406259443, -35.43499790481282, -139.55528413154715, -153.21101879659605, -223.9779156282604, -172.27153076262726, -83.54293965376357, -22.217966144006752, -114.48574339914272, -159.3691695689466, -47.669938497879535, -113.30461354191189, -109.91444223556563, -12.131452441092726, -20.76442733568579, 265.8004718671747, 0.15378940716133638, 98.74403166806059, 47.09201984694966, -10.651432414686443, -124.14927273100511, -87.39942463868105, -98.04709029823344, -141.92596574130798, -94.47485332186575, -95.74659655010474, -177.6001516103444, -120.19292803357402, -95.76427268756785, -68.38677263733007, -139.5006152203155, -65.22577198636742, -231.5072686412108, -174.95682846912192, -3.4941166373357717, -151.8603202314411, -152.8127201706189, -214.79037596878516, 22.871808569842603, -11.411474545150197, -86.9478994339538, 291.6901130216811, -69.65987639770287, -24.692727891551336, -126.06691726299304, -107.92311297709885, -161.85677588231806, -91.13005370308842, -135.86255221739927, -121.04383901590236, -72.68281544300277, -49.829347469143045, -88.40208319280724, -29.115102175897366, -80.76733498685243, -68.5924944999936, -171.60477497405748, -174.16522993743257, -98.19558129394689, -166.33991787214956, -92.8987693638661, -4.788086566595268, -136.40975562191306, -334.93384949408414, -42.87020917928662, -52.15343035154863, -154.62539967131255, 11.456934753428715, -71.33141779579537, -99.06498555607538, 126.03602094760157, -85.44889627473029, -69.5605016115546, 181.15443089008593, 39.97262993919247, 32.741012598178784, 34.364920244198665, -124.61026873680146, -23.376399227724225, 26.402814897202237, -47.15049297808637, -118.41841120487585, 85.18626144604524, -89.29549731440771, 89.3540585230311, -39.25211031037012, -162.80608261366277, -102.34453157195982, -268.864925922847, -160.84270254290666, -150.4893389273893, -255.7798248825321, -285.8354024242075, -147.8909659661095, -341.2857697894176, -13.073109073280143, -202.3400153207847, -296.8344478933086, -293.1772551115084, -231.1732258411792, -288.1348189944619, -245.5816649841201, -343.06540964994554, -141.82118593877624, -127.84936245588473, -200.4615892571554, -162.26802664252548, -153.52928801227384, -283.8748048592507, -77.18050164232821, -36.63724741875467, 13.319215652970046, 82.73067641561472, -173.68024596718212, -105.90988583237477, 120.2533478621362, -140.6153292747742, -101.77917182224483, -109.92485789476618, 47.61280758674826, 18.395490862574448, -88.13507377569275, 13.323783980540178, 70.80130920093833, -56.19851531277877, 64.2568433162584, 78.8914723263891, 38.041275665739356, 113.07703188958222, -232.29248769508263, -110.97023861180122, -115.0213607924964, -237.37966625752122, -156.57221973997628, -117.1356640842527, -137.64496489455166, -170.34921542510227, -156.1969741504677, -199.27793834593754, -168.164201154947, -161.8067883450556, -143.16645410040843, -65.40948917301401, -177.44820148157808, -195.42869207166072, -142.85873812372657, -50.319869033319506, -187.13583714611127, -129.58349510554908, -11.819515902237358, -156.78721689984914, -65.29338820572606, -319.91885846241746, -221.94364508734205, -212.97884173130566, -241.1009371773734, -248.00251631763905, -317.244591786002, -191.26489628275345, -175.6363702157042, -234.47095088573153, -278.950059162471, -194.9669374378693, -165.99795519880726, -248.59477760701293, -111.0666404370244, -146.51210649051671, -267.4654717740517, -179.26630951480456, -70.50063384331568, -138.80816236842898, -212.6239765341224, -244.8224578690809, -94.99923802748717, -214.39075130052072, -227.95050330757797, -128.3118428533674, 130.76520418177918, -49.472441186569924, 35.916724094680816, -110.4132300252148, -147.01544969387825, -52.449067857017766, 163.64225655114188, 262.02307425869, -20.258057556211092, 248.6892834029722, -64.93003432344105, -217.82522653600884, -118.06970235558566, -153.33487383184607, -221.9711310297831, -171.44599892395698, -185.39801990322158, -195.33639236207082, -99.30828456403215, -128.26371053631746, 460.2990134898986, -114.71785143129154, 428.409451501658, -171.27024810923754, -22.986581295094, -32.5576411727057, -87.71671062110396, -44.770659792451944, -8.874259442232471, -168.17673010185428, 552.8546257325139, -68.63681933646505, -82.010488994224, -141.74557333004424, -123.41336822388578, 38.47773132860505, -126.2883573723455, 70.13872062173994, -9.973959780526567, 0.04293298481540653, 51.01621889260153, -8.789896015219936, 56.85417064920227, 6.262139278158465, 124.02261158155623, -50.27141941059375, -42.02585800745028, 58.29612936813325, -24.984841695535874, 38.904768027163456, 44.588588437942924, -58.08206556965145, 245.19187174206328, -37.65068091461086, -37.97642969509449, -106.74450806681622, 63.8373670942023, -43.281384719101894, -60.262645902979024, -106.01509150412332, -73.20838978572138, -72.17604651688367, -98.2230662192852, -72.63834861731003, -54.22053983863528, -82.27499314374289, -50.30793327341974, -115.20867237933868, -104.04815560812571, -141.5884249740308, -154.6490525037811, -154.70903151380276, -74.48998156836485, -162.94515141378412, -139.7861956951733, -78.66755762810597, 10.666775617741985, -206.14581935534292, -203.7081153048386, -163.63474880616286, -175.6797773923449, -171.53669392269768, -187.91133787105935, -195.27370293919859, -206.99008927860365, -239.36246145281132, -98.8355774555524, -214.34716341462695, -172.25530032556742, -145.52294380034385, -210.4126660684405, -176.2716616239434, -252.91860008943644, -99.52148587744973, -86.8983958953233, -225.87421677918687, -194.72599442045933, -78.46321585949477, -56.16108629783432, -169.31263692452256, -130.50393213277226, -134.13850131949812, -130.42038796475424, -169.96954809181364, -216.4089569172565, -235.359016027023, -208.57786756189265, 61.2721025590614, -123.60204577535048, 25.00247846440486, -139.77477541624808, -45.04807772794747, -112.79284418653508, 18.43605110228427, 65.18227250051746, 5.815208062497503, 40.8181231369417, 128.48409528741502, 31.43581682726458, -4.724009639893808, -9.287039202348453, -61.06193078780701, -21.641509763990783, -74.84130656111111, 0.484816417887328, 181.37718074499196, 59.80421916424038, 246.17067574477406, -305.10527018917264, -137.62523207170383, -102.85324536360481, -157.66489891835707, -67.2775235582782, -155.7326851260172, -49.59730660103647, -140.9178144077795, -158.69907104739912, -82.76459002432986, -127.16034350651721, -68.38305605313447, -63.589523680892405, -155.9121357091696, -235.90182837054402, -64.59827461211003, -16.009494830617978, -66.71043572299705, -48.67602522832809, -59.60325073291895, -90.55341734684008, -210.98858445203308, -135.03112974290838, -178.56495328760593, -246.07815690026325, -136.28061208202968, -99.48200612870374, -303.5791511127951, -228.5614760503228, -126.28045845568973, -208.9807663997558, -184.38178839934574, -243.62286441205507, -44.486716944478815, -66.20007833049915, -127.21822978169148, -72.23260655570316, -151.03229467482956, -48.92144288704369, -215.56042422062598, -251.25903980764232, -246.3373050738888, -189.18454347835385, -229.41001109359163, -207.19781682471015, -198.91556498125598, -214.01986263548383, -228.43828592436947, -229.19061567885007, -244.50451387549546, -242.19866383226486, -29.051675770019425, -73.78507263009178, -129.5731628593633, -39.147960527550715, -36.26414424103048, -123.91815194315977, -137.0284554731156, -77.12258518479153, -95.82049287854271, -52.95001245451188, -4.418498179766182, -114.62776501958606, -59.819711322782226, -18.349595126012755, -109.67303280746846, -82.45055999424008, -23.21405362720487, -70.36424341422952, -78.5867224912265, 520.7094954517408, -56.64542215757935, -159.44395955761658, -166.3378875477936, -30.860994079252, -219.74392493505772, -256.7144421522387, -194.53011076168426, -59.599757106830474, -198.31619790567683, -88.77530368952834, -29.959937594729475, -63.43143164682341, -76.85106611855878, -145.79051804158118, -129.9732141906228, -206.47273677022676, 101.8466176232184, -58.283292577955564, -45.459458633614005, -21.870912750101716, -87.91079858003177, 131.43587543033513, -142.5346605289514, -195.85163811949863, -88.2888866157744, -126.85492568583919, -203.33357703039624, -67.89678858613343]",20.036121595556356,0.7121748482063086,0.9881827674518857,9832.267,610.236,10.592,566476.324,37316.649,160.786,11.428,366000,366000,41.02,15.299999999999999,1.8626451769865326e-10,4.999999873689376e-05,3585.0818,-0.0016700865,3585.0837,0.11092413,0.0016436963,0.11191632,0.0
920.8486207514958,-1561.1893905620814,-562.6221601340023,100.0,60,15,372000,False,3720,62,212f51d07e9840f9afce8433e261ebfd,2020-07-14_16-46-57,1594745217,47.28059530258179,2907.5445051193237,62816,tango5,131.234.250.245,2907.5445051193237,0,62,d74d5_00000,0,-343.06540964994554,573.3440629503724,-93.77036002233373,"[-611.4242827351644, -41.48237756028135, -289.40957587832065, -1210.9898118606668, -735.9806325801586, -21.75642114634182, 530.5032309053049, -596.5595943892708, -294.71224046374937, -1122.9585758406167, -721.4661722003235, -455.48164910709903, -443.65549457628487, 286.4395232024046, -1365.5396589577824, -204.6420198049194, -467.62385676856456, -1084.2336917072428, -27.958483078252367, -1217.5625238414223, -240.2072764653542, -755.141839202038, -1018.1990291353313, -525.4767597859832, -113.89775848659876, -897.4517622824463, -838.8158618343855, -572.7783889314605, -552.6565215925073, -482.66703839625376, 219.05005276302342, -452.4693569617176, -241.44019514138859, -300.3239095983398, -826.3259889963911, -660.0295278923896, -324.67747863654563, -1034.9680700915262, -177.33980502359054, 920.8486207514958, -241.1395074657757, 302.8290886982546, -883.4769344781784, -261.7745604101046, -590.6006554395979, -540.2433787744473, -110.7951078297299, -1418.886139147155, -817.7041560294304, -915.4591698045683, -882.3753440090824, -686.8593932051625, -970.5417351517225, -839.816428452893, -1279.547748973292, 51.611252077132036, -752.0231478603984, -1400.9667000636725, -367.0651015619507, -562.3247897329471, -869.744698370831, -341.9896634424309, -717.1270512554136, -885.9786644643476, -515.0939350312603, -963.7641922387069, -556.9981484707554, -1018.1187850738132, -400.27752468355334, -686.8075262727793, -1130.8700829346, 95.27991078390664, 837.4770022787914, -794.7766551168015, -556.8753596845391, 380.37445303897306, -641.7432032811971, -666.6705121754997, -929.4216301185141, 121.84994332316597, -743.8832510588, -389.3891777676962, -707.9923600080483, -709.535709564716, -18.215349400467566, -14.50529028575341, -119.57619183866369, -1101.1274064612974, -1287.2597104671088, -1542.9535605199894, -1005.1635728694182, -99.92413928759038, -374.44613431815475, 209.11616917708673, -739.158941207296, -948.7689580552585, -886.1183632954429, -600.9393222927927, -1561.1893905620814, -1241.287169183337]","[100, 100, 100, 100, 100, 100, 100, 100, 100, 100, 100, 100, 100, 100, 100, 100, 100, 100, 100, 100, 100, 100, 100, 100, 100, 100, 100, 100, 100, 100, 100, 100, 100, 100, 100, 100, 100, 100, 100, 100, 100, 100, 100, 100, 100, 100, 100, 100, 100, 100, 100, 100, 100, 100, 100, 100, 100, 100, 100, 100, 100, 100, 100, 100, 100, 100, 100, 100, 100, 100, 100, 100, 100, 100, 100, 100, 100, 100, 100, 100, 100, 100, 100, 100, 100, 100, 100, 100, 100, 100, 100, 100, 100, 100, 100, 100, 100, 100, 100, 100]","[-153.50556316214514, -59.64783305683834, -19.667707210633782, -104.69306710250073, -116.45374009134333, -157.4563721117026, 19.075703301491437, 12.499825807300958, 54.84336430489784, -83.7524265908019, -51.71387829399945, 7.565033910829168, -118.16958810400571, 10.388276967884517, -59.139764614426156, -19.431048297929618, -56.93169883789869, -46.12575299194507, -159.02479479248046, -207.44422000060703, -162.73924516879038, -141.28519871598206, -273.96810864296623, -266.5282445398391, -115.41361124548729, -228.38145717865277, -99.46520958751917, -117.05793740840802, -124.10915350960217, -51.55326365048928, 281.48716225423755, -224.81473303186877, -169.86324169698273, 147.76223189963258, 124.64408665019788, -180.97192722155816, 303.9480738579614, -0.2008409089849144, 197.39523631979375, -59.81378521753841, 49.173409892517874, 40.00113696155503, -139.52143772275736, -191.94837813162948, 20.96416858682208, -160.3258227683965, -31.38257255741363, -94.34555179589522, -100.47928430850013, -4.383960693078019, 1.8456491705018707, -171.31864576065342, -5.381341577748978, -14.99465729427094, -141.92784159102166, -227.08278355693312, -221.48239146032876, -171.67133085554548, -160.86914236882106, -199.92508600796725, -162.90354083235493, -286.3785073479228, -170.5793296098063, -88.18227441335549, -231.4995809496145, 218.0770609527291, 65.76763145545806, 16.910059901820734, -74.76276204293218, -76.83289789242055, -202.14318457846485, -184.4204959505604, -112.26719726941971, 66.98682310521261, -170.17208738591026, -285.62629174780176, 100.6850625151264, -43.26180379349225, 125.78333203357258, 102.0006508815189, 43.979810892689635, -102.59686590270735, 35.50860071618593, 81.76399458114552, -141.769513783878, -340.6879830585648, -315.7008332918189, -129.811635313719, -284.1895789957077, -153.38011451409534, -158.59779706306713, 127.15151730191131, -40.8396788584225, -53.308702907880374, 9.944828084305296, -88.99218636176559, -290.37151384865996, -146.1068787486138, 66.06498363553088, -52.32533874574494, 33.31634957773085, -78.20145863880718, -239.64443789865308, -64.65189079546792, -217.0879922503335, -166.36333747718936, -209.51250700804528, -186.9735262775539, -13.764433938513124, -4.528881463569138, -68.06550199117511, 46.70804249462547, 71.3529418519433, -59.66065003156462, -219.05675096202557, -81.51234366541061, -171.54901238911413, -267.91732371832387, -241.5293471420819, -235.99774596446744, 61.602906772573185, -97.87172298378657, -114.88968244338578, -21.438645732094926, -26.661484577011677, -40.94864750164854, -156.40129779371796, -76.32410971001485, -66.64712360598064, -170.77042747150384, -153.80148212529366, -131.19739849552704, -96.82400404025574, -219.6466986824085, -139.72118962764927, -164.52282981479127, -241.89757001955985, -155.58673695066628, -150.2206845483992, -125.56793313279658, -110.80130792105504, 76.7902165064612, -80.19611832725647, -135.48093236293656, 53.926349363066585, 14.895870571718929, -38.914914617168094, -42.076432411052075, -66.50945188658183, -35.219179506582385, -162.93835109280434, -155.7631536647062, -72.2950899610528, -170.51352925880377, -157.1625416309079, -178.77909667417183, -178.69947130993052, -167.98758725445137, -254.71820644724983, -129.83825418953973, -14.090460610859234, -93.48188202235471, -117.30766453479569, -75.83843309751177, -29.992449124693362, -88.30658434926345, -112.02803567104523, -149.3052221541509, -79.37120946885952, -190.19797686440907, -112.66438400478918, 10.621848460888797, -172.00211696221345, -9.042682753124362, -152.48854313962684, -11.005753768840298, 67.43559834363374, -83.63264602306523, -117.97240542089165, -185.00328838746367, -62.31291347985089, 178.73285916199356, -71.92285133508105, 46.35550532813989, 13.846869252486687, 114.35058383533482, -96.72678063513264, -137.40082753686488, 4.07665089022757, 114.7051808781164, -185.4847927668982, -151.6387877911661, -111.15178386038514, -111.808572804462, -51.06391785750262, -24.67607082048988, 125.50888691736814, -68.24873671591648, -75.00397194293231, 149.7271513082035, -198.91814453998143, -124.92545076701185, 131.2453829465847, -182.44887660320234, -148.60717070828503, -146.287677174867, -240.4627734656658, -123.8553551097572, -5.370745267959471, -161.7422672698583, -138.45516418533998, -120.2638636801708, -61.56080506978164, -119.10107563913013, -117.9478363680808, -102.70078294988751, 55.44305410719727, -202.63629507290622, 274.37269770237725, -332.8539717772386, -140.16871874598553, 21.16575515001044, -204.26923078639246, -180.18859168923805, -40.85095183655849, -206.0002005251988, -140.7687853652242, -262.89030988891403, -95.12596591976772, 21.300581342827908, -129.88918102294696, -89.74550463172038, 36.87066594895867, 79.24959925905826, -39.41385494751179, 196.10377702734223, 266.54729359337995, 22.51763467504086, 275.1320791460826, 199.96169125715974, -20.763676908027442, -109.92907753500143, 43.66333192387448, -86.21782133835033, -153.69878684345335, 85.80652323518215, -22.442631169065233, 24.851260244536228, 381.777224001231, 4.6309917564800624, -37.17249059039717, -48.81526554453024, -106.76158136634574, -162.30189227875357, -284.9481574527392, -107.0238892474799, -134.75803036762497, -87.68338376523442, 197.73060561913385, -59.28149145131971, -74.89850962429081, -91.0082205601028, -116.81948012405627, -117.49746426946857, -61.166560589952994, -136.6169088328927, -68.72277483948189, -67.9067157444767, -143.50451820710083, -112.68317722569269, -43.090701833394725, -230.8691683762801, -73.18374226233009, -71.5124671581826, -99.18286682350781, -22.40443232075129, -176.34724724438118, -102.46358570138034, -78.97325976687807, 573.3440629503724, -145.31442564654532, -181.0406524209183, -232.06147784134683, -191.67761020854155, -166.87906337572812, -326.1208174453515, -282.5936177926602, -219.55355248352657, -0.8127575748431037, -140.03863016376877, -238.79692436923858, -156.4592507977358, -84.98464772700262, -196.61194539684158, -197.03467168927645, -176.24708962554027, -142.76938466089334, -75.90539152610378, -197.87712444646147, -125.62550785629303, -168.3801369346104, -175.0453118121032, -173.8981173785953, -59.09066486717448, -170.9315967105082, -135.02951630609036, -187.38017669299734, -156.4481902407477, -30.094929486618096, -229.87180038808552, -86.99135319205674, 3.927056795342968, -241.26377584568718, -78.61656907404395, -121.83139850902629, -200.5883480774458, -151.65533900506753, -176.58630464045197, -135.37458528104185, -109.3279274286721, -92.82392336847623, -187.95014662964465, -143.74860551939528, -170.59124022566303, -238.5882333152285, -150.26323702492834, -199.7442360551798, -221.56462277916958, -254.50420146568828, -214.88321833309695, -101.02581683086228, 25.247184704449467, 393.1071177354905, 12.128286384657425, -128.88174435953493, -148.96377555706735, -173.30347301988232, 181.21211554510356, -197.50195451973283, -165.3459351260701, -174.99144617920697, -222.09245456060816, -286.56836958175643, -245.56521181653517, -243.99981678621847, -219.76359383248106, -274.1308655389915, -130.93884250768775, -94.96875865938915, -62.25902372871908, -80.71801175811055, -14.539505423990475, -83.86907018122533, -30.710731810515252, -26.79893447750504, -71.65023808871463, -208.63820679999895, -24.00344085701887, -153.62073325928935, -77.6132362504203, -164.8016867670561, -143.01652202132604, -228.39952581123944, -191.5792402375319, -118.33999656336853, -23.607726970307986, -154.07610643370225, -126.64532606703199, 298.7103541324187, -89.41777904972372, -175.75800156218165, -94.80280446221059, -102.66902928612528, -231.49139267483744, -132.17836743487675, -27.199780761650747, -91.33296985884022, -132.25551123908457, -100.36027933052543, -172.90603610961293, -149.17899092678763, -141.27240749286247, -18.79655675893889, -303.46439384562024, -27.533208570652068, -191.3121094231222, -72.77039856460371, -157.30692875564736, 57.235587579172915, -123.40687729640885, -174.54503957820816, -115.49876921999515, -124.53417451181465, -202.3721295822501, -152.11162546249915, -194.702453883939, -89.11704282408746, -75.81943849871526, -121.04059069684982, -93.58211864061826, -124.41039467353932, -53.02856313694618, -130.95030510545547, -262.4017218575455, -125.5998675780213, -166.88374960856197, -245.8078051120454, -86.47533581218431, -38.82462251088205, -136.3550437183637, -118.06698777667798, -103.03801762356989, -92.8507338771183, 88.85788082305821, -133.73394266324212, -26.450959284680565, -180.60064900514305, -103.53187660251886, -89.49823953700188, -152.99185918019248, -128.81103622380166, -260.7990396617761, -192.90488576213568, -188.31070925569048, -186.06177852792712, -173.98263350326886, 103.09578094827692, -96.04222803012051, 214.1412413410076, -91.96332069153561, -135.08077117869402, 101.12920839497205, 336.862387908397, -25.192725056792305, -68.18452735387044, 301.5399306232747, 327.88693406259443, -35.43499790481282, -139.55528413154715, -153.21101879659605, -223.9779156282604, -172.27153076262726, -83.54293965376357, -22.217966144006752, -114.48574339914272, -159.3691695689466, -47.669938497879535, -113.30461354191189, -109.91444223556563, -12.131452441092726, -20.76442733568579, 265.8004718671747, 0.15378940716133638, 98.74403166806059, 47.09201984694966, -10.651432414686443, -124.14927273100511, -87.39942463868105, -98.04709029823344, -141.92596574130798, -94.47485332186575, -95.74659655010474, -177.6001516103444, -120.19292803357402, -95.76427268756785, -68.38677263733007, -139.5006152203155, -65.22577198636742, -231.5072686412108, -174.95682846912192, -3.4941166373357717, -151.8603202314411, -152.8127201706189, -214.79037596878516, 22.871808569842603, -11.411474545150197, -86.9478994339538, 291.6901130216811, -69.65987639770287, -24.692727891551336, -126.06691726299304, -107.92311297709885, -161.85677588231806, -91.13005370308842, -135.86255221739927, -121.04383901590236, -72.68281544300277, -49.829347469143045, -88.40208319280724, -29.115102175897366, -80.76733498685243, -68.5924944999936, -171.60477497405748, -174.16522993743257, -98.19558129394689, -166.33991787214956, -92.8987693638661, -4.788086566595268, -136.40975562191306, -334.93384949408414, -42.87020917928662, -52.15343035154863, -154.62539967131255, 11.456934753428715, -71.33141779579537, -99.06498555607538, 126.03602094760157, -85.44889627473029, -69.5605016115546, 181.15443089008593, 39.97262993919247, 32.741012598178784, 34.364920244198665, -124.61026873680146, -23.376399227724225, 26.402814897202237, -47.15049297808637, -118.41841120487585, 85.18626144604524, -89.29549731440771, 89.3540585230311, -39.25211031037012, -162.80608261366277, -102.34453157195982, -268.864925922847, -160.84270254290666, -150.4893389273893, -255.7798248825321, -285.8354024242075, -147.8909659661095, -341.2857697894176, -13.073109073280143, -202.3400153207847, -296.8344478933086, -293.1772551115084, -231.1732258411792, -288.1348189944619, -245.5816649841201, -343.06540964994554, -141.82118593877624, -127.84936245588473, -200.4615892571554, -162.26802664252548, -153.52928801227384, -283.8748048592507, -77.18050164232821, -36.63724741875467, 13.319215652970046, 82.73067641561472, -173.68024596718212, -105.90988583237477, 120.2533478621362, -140.6153292747742, -101.77917182224483, -109.92485789476618, 47.61280758674826, 18.395490862574448, -88.13507377569275, 13.323783980540178, 70.80130920093833, -56.19851531277877, 64.2568433162584, 78.8914723263891, 38.041275665739356, 113.07703188958222, -232.29248769508263, -110.97023861180122, -115.0213607924964, -237.37966625752122, -156.57221973997628, -117.1356640842527, -137.64496489455166, -170.34921542510227, -156.1969741504677, -199.27793834593754, -168.164201154947, -161.8067883450556, -143.16645410040843, -65.40948917301401, -177.44820148157808, -195.42869207166072, -142.85873812372657, -50.319869033319506, -187.13583714611127, -129.58349510554908, -11.819515902237358, -156.78721689984914, -65.29338820572606, -319.91885846241746, -221.94364508734205, -212.97884173130566, -241.1009371773734, -248.00251631763905, -317.244591786002, -191.26489628275345, -175.6363702157042, -234.47095088573153, -278.950059162471, -194.9669374378693, -165.99795519880726]",20.05211001264887,0.7121217898393062,0.9881007120825376,9839.649,609.778,11.309,530571.962,37298.184,160.866,11.498,372000,372000,41.03030303030303,15.299999999999997,9.313225884932663e-11,4.999999873689376e-05,3868.0217,-0.001990594,3868.0237,0.099282965,0.0017688546,0.10176319,0.0
920.8486207514958,-1571.1314777604184,-532.6918557979992,100.0,60,15,378000,False,3780,63,212f51d07e9840f9afce8433e261ebfd,2020-07-14_16-47-44,1594745264,47.14385175704956,2954.6883568763733,62816,tango5,131.234.250.245,2954.6883568763733,0,63,d74d5_00000,0,-357.63278823521654,602.5711029772684,-88.78197596633319,"[-430.021519311549, 467.41508409900507, -254.52571636032542, -584.851955378847, -951.5297362677532, -633.2972389513925, -598.1122809472531, 7.689516071179613, -531.265611850666, -722.0780344379477, -539.5092415523733, -698.4420432787769, -1515.1854560628929, 722.4969884258935, -392.1236541703716, -889.7775367458563, -558.6159708152616, -312.25736261008296, -689.2793919441101, -450.7244767617033, -710.1172425534871, -762.8526616255251, 171.82290408947358, -1517.7377886083204, 223.6603770590069, -1471.2446880320604, 376.5139339933671, -914.539061458864, -1001.3291913400777, -173.53374288860454, 357.4269566800492, -851.1697570250079, -916.9611402087843, -456.46010179257144, -650.2416274288362, -806.6685656120094, -871.53326431819, -1344.9577947600853, 454.25132349676244, 100.7722032423189, -1272.1460675245648, -877.1576863356196, -345.7815200257598, -657.2507404425119, -620.9320511968388, -628.9561081260475, -181.5001532442421, 373.6601705305655, -208.3724327680742, -1252.7089574189986, 95.55457010003289, -1266.7505214842085, -1571.1314777604184, 330.17321971060437, 202.82558313674062, -995.4089039738545, -586.9285242370318, -85.17100027264442, -986.7190417011254, -373.46181626893775, -240.2072764653542, -755.141839202038, -1018.1990291353313, -525.4767597859832, -113.89775848659876, -897.4517622824463, -838.8158618343855, -572.7783889314605, -552.6565215925073, -482.66703839625376, 219.05005276302342, -452.4693569617176, -241.44019514138859, -300.3239095983398, -826.3259889963911, -660.0295278923896, -324.67747863654563, -1034.9680700915262, -177.33980502359054, 920.8486207514958, -241.1395074657757, 302.8290886982546, -883.4769344781784, -261.7745604101046, -590.6006554395979, -540.2433787744473, -110.7951078297299, -1418.886139147155, -817.7041560294304, -915.4591698045683, -882.3753440090824, -686.8593932051625, -970.5417351517225, -839.816428452893, -1279.547748973292, 51.611252077132036, -752.0231478603984, -1400.9667000636725, -367.0651015619507, -562.3247897329471]","[100, 100, 100, 100, 100, 100, 100, 100, 100, 100, 100, 100, 100, 100, 100, 100, 100, 100, 100, 100, 100, 100, 100, 100, 100, 100, 100, 100, 100, 100, 100, 100, 100, 100, 100, 100, 100, 100, 100, 100, 100, 100, 100, 100, 100, 100, 100, 100, 100, 100, 100, 100, 100, 100, 100, 100, 100, 100, 100, 100, 100, 100, 100, 100, 100, 100, 100, 100, 100, 100, 100, 100, 100, 100, 100, 100, 100, 100, 100, 100, 100, 100, 100, 100, 100, 100, 100, 100, 100, 100, 100, 100, 100, 100, 100, 100, 100, 100, 100, 100]","[-126.88115957282797, -44.31966466341399, -90.31836853465803, -100.46003853950788, -33.60318699455997, -34.439101006581275, 50.60772429255856, 73.19049617593028, 34.84867587524552, 118.47528562795927, 187.8581834358555, 2.434718691456064, -57.52686153712825, 0.5890570732948284, -51.84761488690786, -63.09085436910988, -89.28726511643814, 6.637822475963725, -141.41956369860884, -186.32977150569891, -2.312545222446448, -59.039667801813025, -14.428369557906422, -181.32203759237353, -143.9814090236878, -153.4454268143112, -121.95211862122933, -205.09744708640065, -231.29877866593588, -95.75455605618913, -163.5628751879796, -28.42599177880259, -208.15758008433718, -86.87918852826084, -137.61951616429985, -8.652087207712652, -167.10635365408254, -90.56235133670504, -154.02355742042928, -12.855427227107404, -103.64224629801372, -69.92234501091524, -23.158438367299645, -26.566256296675764, 20.670351330413474, 10.50927504162739, 68.6958788330121, -42.46129446989812, -11.474466383453926, 39.271749660789965, -198.00402488954504, -164.74558231623166, -120.27903025572854, -76.03425766649713, -31.627038882198715, -42.29598954222923, -135.48105213823735, -46.43743196825107, -232.99374582119233, -233.24277608583816, -51.95720090376508, -148.62032794830378, -87.93927068541946, -152.24806680121085, -35.2990722146998, -63.445302998973546, -185.182836067483, -56.56612387667048, -179.43278689584085, -147.5440798997545, -92.04550865822355, -37.670707880804684, -205.4887260328904, -260.7203251782421, -339.35373121508184, -306.231083662055, -222.76608221534906, -180.62550775927414, 122.52671785998146, 136.50318603578205, 85.76480581548944, 121.75707893581449, 95.17918809357256, 160.7660116852535, -144.24560958815684, 259.72782269444025, -75.15904108476674, -149.33782545752354, -104.79895571692394, -178.31004501744079, -167.3496661619294, -101.23082546611478, -186.73043650303023, -109.24875502984845, -176.27717275375366, -148.94068083118114, -125.49828997090758, -140.8791026278775, -46.39234149553096, -130.4013797649452, -82.3432432728889, -33.101613683110244, -150.0886515178706, 152.44332658488105, -158.53212153006373, -35.18977921030052, -124.86173406937964, 3.971597132650178, -208.8612723334751, -6.521011316145377, -40.80654142043627, -203.63126450042725, -44.56932370879545, -184.88997866483095, -230.00823907320668, -54.06555848427412, -101.97626232527459, -129.39138245324014, 70.49429400473909, -5.777328430446579, -114.10022014953215, -188.06453820401424, 89.10991237279572, -264.3976540067087, -30.42055352297528, -202.24418904305344, -193.80340617205792, -101.54969717123532, -118.48140430588008, -126.94993802359228, -128.45426732645615, -93.6139486263024, 150.22739880326526, -82.36725105185236, -107.66756460160312, -64.16456991226758, 240.501343538031, 35.29354731390062, -236.80340852233658, -253.44352454222874, -203.1133079628132, -271.3509860259941, -280.2072325941027, -272.8193289608442, 149.3772692628715, 75.74676006419969, -48.223357773754365, 17.482464084027498, -21.15136081326467, 50.428602234925016, -191.58958298328676, -357.63278823521654, -319.1260350228143, -198.5277215596796, -148.7191293425857, -255.64943088847502, -71.38686910266378, 165.38659626878925, 266.7600874926283, 51.76731363842658, -21.723843311698047, -14.289350992115965, -126.26156147443407, -198.41323977389993, -113.86181223824859, -179.0786441893959, -152.2445143541618, -144.67928942872254, -74.44526579299118, -193.48265720739457, -172.04323878858105, -212.93634443517377, -196.41958138481604, -152.00210373112057, 38.75642876128269, -87.88236691244865, 20.460693968370222, -25.758298441863975, -66.48583882315565, -52.624361440789095, -96.34949010755304, 311.9974838245745, -98.22634357884625, -68.59609507384339, 299.44042687886474, 9.160974736853452, -49.355410989245904, -197.34239338179782, -145.3343969285745, -167.24051954287748, -12.493861718597852, -279.4031744639151, -79.34712652268604, -143.9040505375311, -166.12634567962704, -176.82470217320238, -216.22161446013743, -134.53730083560114, -66.49773017620707, -74.82005196795747, -72.37708299363487, -20.589277741461714, -130.75620170735647, -91.41975720595428, -242.61411909402884, -93.37866690026287, -84.55513833626442, -49.72886357924382, -70.34420542077565, -109.62063409825905, -90.88704115000621, -7.43815276233067, -193.24914426608342, -191.52063683538012, -132.7314364990856, -190.84215409912343, -181.80266272127656, -243.12469304766705, -73.2044918630585, -148.8626728450645, -155.51055757326446, -69.02818626785835, -227.1192138112641, -289.50293649007244, -205.4635389500727, -214.4410060865179, -199.09260803179959, -209.33849139035846, 45.455671390692615, -32.62458262027275, -3.264146239186316, 170.3125980587075, 275.3035113709525, -0.9317284641309951, -47.268906586184485, 32.03499823469764, -25.716386365162084, 37.0261898238926, 158.7246662181753, -54.02835808309984, -246.74697674712095, -244.3761972496179, -193.18578970444491, -136.08554018242512, -296.5994673691692, -155.15209627178763, -106.3502530390268, -105.30666786922183, -125.4711762961837, -274.80327865196637, -137.8636543540606, -127.36265612516061, 70.14937904241725, -154.28389707965889, -81.08488407126734, -107.3832173406324, -82.02510660944066, 8.84620603282112, -70.95686860295574, 21.46731010433563, -101.11986140167168, -112.63722828697011, -180.74304492642122, -213.2610473288287, -120.23467530567954, -139.84050188034843, -22.62953359393338, -108.83034556158994, -127.6256066673044, -101.77138818798315, 23.660444416936215, -198.69517355136193, -38.20926383852495, 26.007148701639792, -166.4330107146307, -275.28625314010594, 74.87362837647862, -118.24361365164306, -21.90203930665423, -94.2169519833137, 86.63404336322748, -108.64522004233753, 68.15306606731883, 453.85463264310306, -27.37796024601394, -31.76286277883395, -61.66073309739722, -27.54597205761069, 307.8208497887009, -252.90298181462424, -208.32632018809045, -182.9366750749289, -78.3397843182254, 206.3124788390935, -239.38140830103595, -237.1348494927721, -213.18585948651756, -178.32694891505977, -249.45858192811065, -135.22130929550323, 32.717056952501174, -11.965961179394561, 4.328543884440342, -43.714862363858416, 105.78289759983508, 8.406895206509168, -241.9933623290936, -318.323956637191, -68.94702593828126, -230.54545622853885, -203.23951067272844, -203.70120967837454, -264.2869404417673, -160.64568860689644, -269.1922600092559, -222.49649376888604, -322.4961791162075, -332.013915817406, -12.939569334476412, -7.17508770107059, 127.523452300401, 57.46339308273113, 105.84644983413042, 59.45458152888848, -50.38078656693197, -100.97376461196211, 283.2198471714108, 219.8874891747516, -115.27596127260739, -33.65124075791956, -110.84396829624748, -215.8068428895531, -116.45938380084496, -113.1736130115193, -208.58566670397374, -230.5394292717157, -135.84658464335848, -78.519396510177, -51.70661684753447, 0.41201806260962703, -104.60734321271606, -216.66060108585563, -64.66277669194652, -97.64084897449347, 76.20528170121344, 95.44286195426753, -159.9760720672769, 65.4605538055909, -160.28252620997733, -178.77739959581143, -146.50539402575953, -157.6213290762681, -260.87719499727217, -82.65519779603787, -148.23807158331746, -203.75067101171896, 602.5711029772684, -143.3628432828463, -167.0891800751412, -313.5921532931822, 61.602906772573185, -97.87172298378657, -114.88968244338578, -21.438645732094926, -26.661484577011677, -40.94864750164854, -156.40129779371796, -76.32410971001485, -66.64712360598064, -170.77042747150384, -153.80148212529366, -131.19739849552704, -96.82400404025574, -219.6466986824085, -139.72118962764927, -164.52282981479127, -241.89757001955985, -155.58673695066628, -150.2206845483992, -125.56793313279658, -110.80130792105504, 76.7902165064612, -80.19611832725647, -135.48093236293656, 53.926349363066585, 14.895870571718929, -38.914914617168094, -42.076432411052075, -66.50945188658183, -35.219179506582385, -162.93835109280434, -155.7631536647062, -72.2950899610528, -170.51352925880377, -157.1625416309079, -178.77909667417183, -178.69947130993052, -167.98758725445137, -254.71820644724983, -129.83825418953973, -14.090460610859234, -93.48188202235471, -117.30766453479569, -75.83843309751177, -29.992449124693362, -88.30658434926345, -112.02803567104523, -149.3052221541509, -79.37120946885952, -190.19797686440907, -112.66438400478918, 10.621848460888797, -172.00211696221345, -9.042682753124362, -152.48854313962684, -11.005753768840298, 67.43559834363374, -83.63264602306523, -117.97240542089165, -185.00328838746367, -62.31291347985089, 178.73285916199356, -71.92285133508105, 46.35550532813989, 13.846869252486687, 114.35058383533482, -96.72678063513264, -137.40082753686488, 4.07665089022757, 114.7051808781164, -185.4847927668982, -151.6387877911661, -111.15178386038514, -111.808572804462, -51.06391785750262, -24.67607082048988, 125.50888691736814, -68.24873671591648, -75.00397194293231, 149.7271513082035, -198.91814453998143, -124.92545076701185, 131.2453829465847, -182.44887660320234, -148.60717070828503, -146.287677174867, -240.4627734656658, -123.8553551097572, -5.370745267959471, -161.7422672698583, -138.45516418533998, -120.2638636801708, -61.56080506978164, -119.10107563913013, -117.9478363680808, -102.70078294988751, 55.44305410719727, -202.63629507290622, 274.37269770237725, -332.8539717772386, -140.16871874598553, 21.16575515001044, -204.26923078639246, -180.18859168923805, -40.85095183655849, -206.0002005251988, -140.7687853652242, -262.89030988891403, -95.12596591976772, 21.300581342827908, -129.88918102294696, -89.74550463172038, 36.87066594895867, 79.24959925905826, -39.41385494751179, 196.10377702734223, 266.54729359337995, 22.51763467504086, 275.1320791460826, 199.96169125715974, -20.763676908027442, -109.92907753500143, 43.66333192387448, -86.21782133835033, -153.69878684345335, 85.80652323518215, -22.442631169065233, 24.851260244536228, 381.777224001231, 4.6309917564800624, -37.17249059039717, -48.81526554453024, -106.76158136634574, -162.30189227875357, -284.9481574527392, -107.0238892474799, -134.75803036762497, -87.68338376523442, 197.73060561913385, -59.28149145131971, -74.89850962429081, -91.0082205601028, -116.81948012405627, -117.49746426946857, -61.166560589952994, -136.6169088328927, -68.72277483948189, -67.9067157444767, -143.50451820710083, -112.68317722569269, -43.090701833394725, -230.8691683762801, -73.18374226233009, -71.5124671581826, -99.18286682350781, -22.40443232075129, -176.34724724438118, -102.46358570138034, -78.97325976687807, 573.3440629503724, -145.31442564654532, -181.0406524209183, -232.06147784134683, -191.67761020854155, -166.87906337572812, -326.1208174453515, -282.5936177926602, -219.55355248352657, -0.8127575748431037, -140.03863016376877, -238.79692436923858, -156.4592507977358, -84.98464772700262, -196.61194539684158, -197.03467168927645, -176.24708962554027, -142.76938466089334, -75.90539152610378, -197.87712444646147, -125.62550785629303, -168.3801369346104, -175.0453118121032, -173.8981173785953, -59.09066486717448, -170.9315967105082, -135.02951630609036, -187.38017669299734, -156.4481902407477, -30.094929486618096, -229.87180038808552, -86.99135319205674, 3.927056795342968, -241.26377584568718, -78.61656907404395, -121.83139850902629, -200.5883480774458, -151.65533900506753, -176.58630464045197, -135.37458528104185, -109.3279274286721, -92.82392336847623, -187.95014662964465, -143.74860551939528, -170.59124022566303, -238.5882333152285, -150.26323702492834, -199.7442360551798, -221.56462277916958, -254.50420146568828, -214.88321833309695, -101.02581683086228, 25.247184704449467, 393.1071177354905, 12.128286384657425, -128.88174435953493, -148.96377555706735, -173.30347301988232, 181.21211554510356, -197.50195451973283, -165.3459351260701, -174.99144617920697, -222.09245456060816, -286.56836958175643, -245.56521181653517, -243.99981678621847, -219.76359383248106, -274.1308655389915, -130.93884250768775, -94.96875865938915, -62.25902372871908, -80.71801175811055, -14.539505423990475, -83.86907018122533, -30.710731810515252, -26.79893447750504, -71.65023808871463, -208.63820679999895, -24.00344085701887, -153.62073325928935, -77.6132362504203]",20.06205442050542,0.7119491887758204,0.9879451022490984,9847.927,609.265,11.329,529591.64,37289.207,160.904,11.172,378000,378000,40.60307692307692,15.299999999999999,4.6566129424663316e-11,4.999999873689376e-05,4107.892,-0.0032247207,4107.895,0.11204791,0.006453605,0.114955835,0.0
1937.8321895473155,-1571.1314777604184,-552.7435147587865,100.0,60,15,384000,False,3840,64,212f51d07e9840f9afce8433e261ebfd,2020-07-14_16-48-31,1594745311,47.005927085876465,3001.6942839622498,62816,tango5,131.234.250.245,3001.6942839622498,0,64,d74d5_00000,0,-362.5421929147109,602.5711029772684,-92.12391912646444,"[86.13359134254922, 166.52267295866062, -928.1454893848532, -15.022732197262679, 27.67133786103776, -1435.2185191047495, -1021.4230075874534, -785.7712581457005, -272.77403703064147, -1076.5685024140914, -993.3480118109215, -539.2851626565897, 260.35692468714984, -363.41143455351386, -1018.5090371236117, -226.19844726680196, -685.4381464683796, -837.3235924246425, -843.7180351350178, -175.32703751077463, -13.633722188184183, -1271.4336047096494, -468.99452924638723, -828.7780957258274, -1352.9654329373836, -385.62299568488976, -140.901560208665, -1024.208174924237, -479.4002082584989, -1008.6013675767155, -540.3532352009788, 1937.8321895473155, 361.86647070243697, 118.50396844778207, -1124.793706512453, -600.9304710781844, -840.8679899328257, -443.1023651959514, -30.843465225510457, -1484.1963348489398, -593.7814932016545, -1002.5344984735738, -888.8708018105764, -787.8834038018634, 1153.3254001321534, -673.375132134852, -1383.3846058675067, -733.4433975140307, -43.37224349288738, -888.3241243300878, -903.8522060444556, -741.3072056518121, -882.8974231776958, -438.45012868973197, -304.5236735440406, -930.8632700363288, -443.84682958203996, -785.3436283712128, -933.1001471778578, -1097.2377199908665, -710.1172425534871, -762.8526616255251, 171.82290408947358, -1517.7377886083204, 223.6603770590069, -1471.2446880320604, 376.5139339933671, -914.539061458864, -1001.3291913400777, -173.53374288860454, 357.4269566800492, -851.1697570250079, -916.9611402087843, -456.46010179257144, -650.2416274288362, -806.6685656120094, -871.53326431819, -1344.9577947600853, 454.25132349676244, 100.7722032423189, -1272.1460675245648, -877.1576863356196, -345.7815200257598, -657.2507404425119, -620.9320511968388, -628.9561081260475, -181.5001532442421, 373.6601705305655, -208.3724327680742, -1252.7089574189986, 95.55457010003289, -1266.7505214842085, -1571.1314777604184, 330.17321971060437, 202.82558313674062, -995.4089039738545, -586.9285242370318, -85.17100027264442, -986.7190417011254, -373.46181626893775]","[100, 100, 100, 100, 100, 100, 100, 100, 100, 100, 100, 100, 100, 100, 100, 100, 100, 100, 100, 100, 100, 100, 100, 100, 100, 100, 100, 100, 100, 100, 100, 100, 100, 100, 100, 100, 100, 100, 100, 100, 100, 100, 100, 100, 100, 100, 100, 100, 100, 100, 100, 100, 100, 100, 100, 100, 100, 100, 100, 100, 100, 100, 100, 100, 100, 100, 100, 100, 100, 100, 100, 100, 100, 100, 100, 100, 100, 100, 100, 100, 100, 100, 100, 100, 100, 100, 100, 100, 100, 100, 100, 100, 100, 100, 100, 100, 100, 100, 100, 100]","[191.94422976201292, -53.8473224036465, -38.8363870336981, -27.517799134915116, -36.21400675203265, 50.60487690482874, -9.785561194180307, -48.283275688272944, 105.35000813871214, 132.4894421949181, 52.663300196798424, -65.91124068931428, -157.3371656731667, -245.66711756301032, -133.221673709397, -221.79090047980375, -176.2317263521039, 6.103094392629096, -113.28264330692268, -90.03966302478773, 85.92330043872155, 60.38621449304214, 3.5523518194796573, 38.437707383204135, -3.2759267123334808, -28.232752196378495, 74.5596675627695, -93.0492227314287, 14.128938101643755, 63.54063383676525, -302.90299663243985, -314.76554188038193, -202.29900442092477, -248.4791312708589, -183.40605657124567, -183.36578832889785, -112.58500307299207, -213.09589873091664, -57.0213202298653, -293.29495546629965, -171.76379040218038, -173.66203968520026, -218.54568341945173, -35.25350838240297, -119.21898527774177, -66.0365791520746, -180.1542830618329, -166.5622188521962, 33.741770492246076, -28.27581089829853, -123.60097288885844, -61.448331879923565, -160.07723808702346, 66.88654623121593, -252.3143125314333, -212.1094529217496, -236.49256446551206, -67.47712732948673, -76.43709836474738, -231.7379468011626, -163.73878141417825, -153.67126862584166, -144.05718720522344, -194.0047162053197, -210.09987332304465, -127.77618503731449, -158.9609321166316, -10.02873268693166, -120.7051356042487, -69.3677818973288, -23.0524806408843, -157.17009971056515, -29.93358576702314, 39.37219763041359, 57.08527894012326, 7.033215017018259, 357.33327126388986, -170.53345239727227, 144.14469048621802, -150.23192793618517, 49.24884203430451, -169.6631492048568, -37.89530426161122, -199.01458567138317, -226.76859386812768, -131.0426510960537, -206.71934585690852, -167.1529173985913, -189.41573928032295, -97.4097896236069, 61.42402529362708, -41.29212680661879, -66.10367132407099, -119.02843981622561, -172.01298860871185, 110.81475399519816, -104.71690084205412, -77.08539826968811, -78.38146153167587, -72.82583317437938, -136.6017311546172, -215.82682149596457, -163.3002584529238, -129.79057022177847, -113.96270321054078, -69.11292000852423, -129.8649530845278, -231.29218744634687, -128.07188375792902, -106.38389748143881, -165.95267568628913, -118.5957377177808, -292.0228797808534, -32.69096071072669, -105.1854541106973, -74.66311887431857, -4.538520070132039, -104.05448533043682, 2.9145647183039505, 110.19997615650497, -50.458083063724146, 214.78924585542416, -121.47593741080614, -81.07913855569664, 119.95337122277816, -95.36318023615937, -362.5421929147109, -180.11649362330976, -256.12269685948655, -91.10957825257671, -187.88848111630824, -193.65416194325655, -77.10885545442812, -166.15242683087166, -53.17899496860248, -77.55920093799844, -15.169511852888181, -79.82553920159809, -166.03352983973548, -118.05580032787512, -184.71872064797466, -157.0899090442631, -150.807293087092, -52.07284277888732, -183.79100087220436, -270.3609260379401, -244.81094757027014, -199.14099724509327, -258.6635303451033, -196.19803086677192, -88.91515117558384, -48.259540289703544, -129.24600370358564, -132.6477637121662, 32.30172984137046, -18.856266645220565, -39.8045027343989, -120.15791447028965, 131.53222090609026, -63.47868117904523, -111.89662694618772, 62.903944215166234, -194.1573608667346, -265.79315428676045, -172.15714423258416, -115.67471353784462, -145.7811853649014, -130.64461663541212, 36.87615165926161, -63.33052815943464, -182.8067159002803, -25.378997535252104, -53.68225379295501, -191.07786452983834, -69.50272523215176, -177.44197443132833, -203.62243269979734, -151.58836444044582, -225.713672506863, -180.732198266129, -144.18024522370865, -133.46192965469004, -78.97454531815148, -7.873924327376963, -114.5544596333011, -61.308131043750805, 326.7011616653723, 415.45939734632583, 198.4284803529884, 218.8765608517092, 308.3179753016437, 470.0486140292744, 0.12245922832843492, 370.17690108758353, -111.61282826108477, 126.8198632604722, 25.359959709884773, -48.99988432274764, 100.17663927267807, -61.81386149831076, -42.456649866195335, 82.27115996569061, 88.09212941523491, -47.76544884131561, -162.34779358982706, -147.80623572229814, -175.7452608305184, -193.3479294149824, -260.4011613340923, -185.14532562073296, -179.7748458698191, -24.246651573982465, -71.25265738192411, -108.24057687371295, -32.05342161428888, -185.3623177644575, -263.11201442139156, -104.8596995079695, -266.72982376284614, -40.637277169293924, -208.6109891832101, 43.081814111886196, -97.5102588251065, -189.4744839199686, -41.39942664150959, -1.0611260409235688, -47.029446429509974, -66.62762333893255, -121.76510582339108, -150.7393486116906, 167.49927113071237, -55.095877604313856, -97.69906120185371, 226.95665688502592, -262.26414683611347, -350.3710720582583, -225.90748146697945, -214.93236774706398, -256.7597825528464, -173.96148418767854, 27.63237652674021, -41.059739411041534, -63.05699678203281, -36.1178512618195, -230.44291450565228, -250.7363677678476, -41.34167579013554, -222.57601864324258, -250.2308939745279, -162.3937226273547, -193.89012522823054, -132.10206221008315, -176.547782858673, -102.43822683752586, -170.95801845344846, -206.1009239536687, -93.52174052031116, -139.30410918694884, -190.03017154790268, -152.263962517109, -32.32790469598518, -71.10111484102134, -213.94757487446682, -128.21267532537922, 256.4201063401431, 100.26761884947989, 181.57011735477133, 209.13911800588323, 349.508578077101, 56.41986150477479, -97.96093376558119, -138.33565272009645, -148.4654849250197, -117.58409154974328, -43.69817035747846, -127.33079881693241, -214.6244898513092, -273.6118990065812, -138.27448712184543, -238.3739442494411, -303.65532597244754, -214.84445966588024, -61.977268942723434, -124.65088630113043, -125.7031341471441, -151.34713149452372, -117.77416656312448, -151.99081006538594, 198.57168519283536, -96.27306727540272, -0.2915429991865215, -3.449844280770875, -60.81284094703938, -81.11663318332295, -155.6173533580418, -95.39250529781647, -134.75852226796516, -132.6816124666236, -207.0475921716738, -162.82653876796778, -193.62331815581325, -168.24037115151646, -115.38021104771431, -101.59898671648962, -197.73664502782083, -127.27267394510152, -147.6576546872799, -149.06654815542467, -107.11848187842533, -132.6515620791103, -146.29970587952502, -58.513252972047866, -180.26272573729028, -109.45377363047649, -35.99360597794992, -159.65574126462175, -238.12230837014582, -159.40926819721133, -147.01607848927745, -184.0249095071276, -144.66638394648643, -150.5963511551227, 332.8492241170332, -144.99562970875098, -71.13215881895852, -4.504671888551942, -65.23301663032281, -82.18501512057513, -66.15265008188952, -15.316161003742351, -245.72215167015213, -198.92461112110303, -224.29364088816624, 134.94762514884684, -168.66180484135816, -228.20868666439597, -128.36313603417875, -65.03818089464254, -19.97963958608514, -109.48416292087508, -61.858047652123936, -59.12366249413468, -83.75267344129146, -268.0618601833606, -159.26726592032117, -10.66675842967495, -243.46754822051332, -20.127522176050032, -146.46790675067754, -145.05170895424953, -219.91471247133472, -176.34044776833977, -125.53325866771445, -119.79211256554227, -111.55829024242826, -187.4137149898668, -232.93249100153514, -196.4070475056039, -215.1847583297184, -153.74141792171412, -114.10022014953215, -188.06453820401424, 89.10991237279572, -264.3976540067087, -30.42055352297528, -202.24418904305344, -193.80340617205792, -101.54969717123532, -118.48140430588008, -126.94993802359228, -128.45426732645615, -93.6139486263024, 150.22739880326526, -82.36725105185236, -107.66756460160312, -64.16456991226758, 240.501343538031, 35.29354731390062, -236.80340852233658, -253.44352454222874, -203.1133079628132, -271.3509860259941, -280.2072325941027, -272.8193289608442, 149.3772692628715, 75.74676006419969, -48.223357773754365, 17.482464084027498, -21.15136081326467, 50.428602234925016, -191.58958298328676, -357.63278823521654, -319.1260350228143, -198.5277215596796, -148.7191293425857, -255.64943088847502, -71.38686910266378, 165.38659626878925, 266.7600874926283, 51.76731363842658, -21.723843311698047, -14.289350992115965, -126.26156147443407, -198.41323977389993, -113.86181223824859, -179.0786441893959, -152.2445143541618, -144.67928942872254, -74.44526579299118, -193.48265720739457, -172.04323878858105, -212.93634443517377, -196.41958138481604, -152.00210373112057, 38.75642876128269, -87.88236691244865, 20.460693968370222, -25.758298441863975, -66.48583882315565, -52.624361440789095, -96.34949010755304, 311.9974838245745, -98.22634357884625, -68.59609507384339, 299.44042687886474, 9.160974736853452, -49.355410989245904, -197.34239338179782, -145.3343969285745, -167.24051954287748, -12.493861718597852, -279.4031744639151, -79.34712652268604, -143.9040505375311, -166.12634567962704, -176.82470217320238, -216.22161446013743, -134.53730083560114, -66.49773017620707, -74.82005196795747, -72.37708299363487, -20.589277741461714, -130.75620170735647, -91.41975720595428, -242.61411909402884, -93.37866690026287, -84.55513833626442, -49.72886357924382, -70.34420542077565, -109.62063409825905, -90.88704115000621, -7.43815276233067, -193.24914426608342, -191.52063683538012, -132.7314364990856, -190.84215409912343, -181.80266272127656, -243.12469304766705, -73.2044918630585, -148.8626728450645, -155.51055757326446, -69.02818626785835, -227.1192138112641, -289.50293649007244, -205.4635389500727, -214.4410060865179, -199.09260803179959, -209.33849139035846, 45.455671390692615, -32.62458262027275, -3.264146239186316, 170.3125980587075, 275.3035113709525, -0.9317284641309951, -47.268906586184485, 32.03499823469764, -25.716386365162084, 37.0261898238926, 158.7246662181753, -54.02835808309984, -246.74697674712095, -244.3761972496179, -193.18578970444491, -136.08554018242512, -296.5994673691692, -155.15209627178763, -106.3502530390268, -105.30666786922183, -125.4711762961837, -274.80327865196637, -137.8636543540606, -127.36265612516061, 70.14937904241725, -154.28389707965889, -81.08488407126734, -107.3832173406324, -82.02510660944066, 8.84620603282112, -70.95686860295574, 21.46731010433563, -101.11986140167168, -112.63722828697011, -180.74304492642122, -213.2610473288287, -120.23467530567954, -139.84050188034843, -22.62953359393338, -108.83034556158994, -127.6256066673044, -101.77138818798315, 23.660444416936215, -198.69517355136193, -38.20926383852495, 26.007148701639792, -166.4330107146307, -275.28625314010594, 74.87362837647862, -118.24361365164306, -21.90203930665423, -94.2169519833137, 86.63404336322748, -108.64522004233753, 68.15306606731883, 453.85463264310306, -27.37796024601394, -31.76286277883395, -61.66073309739722, -27.54597205761069, 307.8208497887009, -252.90298181462424, -208.32632018809045, -182.9366750749289, -78.3397843182254, 206.3124788390935, -239.38140830103595, -237.1348494927721, -213.18585948651756, -178.32694891505977, -249.45858192811065, -135.22130929550323, 32.717056952501174, -11.965961179394561, 4.328543884440342, -43.714862363858416, 105.78289759983508, 8.406895206509168, -241.9933623290936, -318.323956637191, -68.94702593828126, -230.54545622853885, -203.23951067272844, -203.70120967837454, -264.2869404417673, -160.64568860689644, -269.1922600092559, -222.49649376888604, -322.4961791162075, -332.013915817406, -12.939569334476412, -7.17508770107059, 127.523452300401, 57.46339308273113, 105.84644983413042, 59.45458152888848, -50.38078656693197, -100.97376461196211, 283.2198471714108, 219.8874891747516, -115.27596127260739, -33.65124075791956, -110.84396829624748, -215.8068428895531, -116.45938380084496, -113.1736130115193, -208.58566670397374, -230.5394292717157, -135.84658464335848, -78.519396510177, -51.70661684753447, 0.41201806260962703, -104.60734321271606, -216.66060108585563, -64.66277669194652, -97.64084897449347, 76.20528170121344, 95.44286195426753, -159.9760720672769, 65.4605538055909, -160.28252620997733, -178.77739959581143, -146.50539402575953, -157.6213290762681, -260.87719499727217, -82.65519779603787, -148.23807158331746, -203.75067101171896, 602.5711029772684, -143.3628432828463, -167.0891800751412, -313.5921532931822]",20.06817037924095,0.7119343260806636,0.9878246559977518,9817.938,611.126,11.272,532301.353,37274.896,160.966,11.051,384000,384000,40.94153846153846,15.299999999999999,4.6566129424663316e-11,4.999999873689376e-05,3704.536,-0.0015658945,3704.5376,0.11770779,0.0018506584,0.1033005,0.0
1937.8321895473155,-1571.6185377340985,-585.2928479796568,100.0,60,15,390000,False,3900,65,212f51d07e9840f9afce8433e261ebfd,2020-07-14_16-49-18,1594745358,46.89768314361572,3048.5919671058655,62816,tango5,131.234.250.245,3048.5919671058655,0,65,d74d5_00000,0,-370.26134485449654,470.0486140292744,-97.54880799660944,"[-351.0053066868735, -1092.2099952620426, -1571.6185377340985, -485.6241340919918, -563.3065421009868, -916.0479744798295, -1119.229880864496, -263.80401414655006, -5.435657886752169, -639.9345279785638, -1062.868375134821, -894.4333796348526, -885.1891329484621, -1155.5094936060318, -972.2391983061108, -564.090940612503, -409.9765246220009, 103.21101330444587, -1295.665115827775, -209.52202102757073, -1195.025898080598, -1155.260988685462, -388.90440659099136, -875.9595376056337, -603.0808536056938, -521.8683111293449, -537.5961287803921, -1417.141347267425, 70.80953580738549, -1248.675817229929, 449.0331642862579, -1475.3843238476677, -618.9896831137568, -243.10862140876574, -671.6197978143206, -284.4927949329056, -491.7684806771351, 740.2066335421404, 372.0147648003014, -1198.7067454481514, -526.5469301477659, -314.02736153187755, -751.6077359565794, -1085.0800559217635, -721.2836785316053, -1316.3169876178702, -155.67759417751694, -836.3312613803532, -415.60030287712635, -120.75676520302973, -297.67420481685025, 182.83566393300777, 716.938490368193, -625.6047501917689, -1217.3361496526165, -490.5873155916813, 2.185521266942701, -1105.2317098500127, -336.61448565362457, -540.4566434831609, -13.633722188184183, -1271.4336047096494, -468.99452924638723, -828.7780957258274, -1352.9654329373836, -385.62299568488976, -140.901560208665, -1024.208174924237, -479.4002082584989, -1008.6013675767155, -540.3532352009788, 1937.8321895473155, 361.86647070243697, 118.50396844778207, -1124.793706512453, -600.9304710781844, -840.8679899328257, -443.1023651959514, -30.843465225510457, -1484.1963348489398, -593.7814932016545, -1002.5344984735738, -888.8708018105764, -787.8834038018634, 1153.3254001321534, -673.375132134852, -1383.3846058675067, -733.4433975140307, -43.37224349288738, -888.3241243300878, -903.8522060444556, -741.3072056518121, -882.8974231776958, -438.45012868973197, -304.5236735440406, -930.8632700363288, -443.84682958203996, -785.3436283712128, -933.1001471778578, -1097.2377199908665]","[100, 100, 100, 100, 100, 100, 100, 100, 100, 100, 100, 100, 100, 100, 100, 100, 100, 100, 100, 100, 100, 100, 100, 100, 100, 100, 100, 100, 100, 100, 100, 100, 100, 100, 100, 100, 100, 100, 100, 100, 100, 100, 100, 100, 100, 100, 100, 100, 100, 100, 100, 100, 100, 100, 100, 100, 100, 100, 100, 100, 100, 100, 100, 100, 100, 100, 100, 100, 100, 100, 100, 100, 100, 100, 100, 100, 100, 100, 100, 100, 100, 100, 100, 100, 100, 100, 100, 100, 100, 100, 100, 100, 100, 100, 100, 100, 100, 100, 100, 100]","[-80.20952057893484, -15.618323686977053, -63.2980369569447, -128.97889124652164, -34.42947068592449, -28.471063531571197, -185.20576847428035, -210.26928684618522, -202.38041404585596, -204.55498893215506, -184.55676185311046, -105.2427751104564, -333.0461914645984, -282.4897902971897, -142.75302939778388, -307.82708073447407, -233.14048986533706, -272.3619559747147, -17.77247417791513, -43.67010787206973, -104.20875386248, -82.18891902555453, -48.64872190007682, -189.1351572538958, -61.82037800905896, -34.35543086464968, -146.44316619230153, -206.69673276734756, -44.56915331411638, -69.4216809535118, -97.39912624440953, -240.39172776823685, -143.09696241050625, -84.8025781414432, -242.9662468785529, -107.3913330366799, -247.69939452252734, -215.60402611910789, -209.17979065946153, -141.1943652787237, -96.84438724157626, -208.70791704310074, -167.81910945085357, 163.27442625565172, -123.75348873223504, 121.95486961577102, -148.2509624040911, -109.20974943079285, -114.59410070488917, -43.44051234899392, -99.48909936351552, 131.81196096632036, -60.20642700221049, 180.4825205665366, -165.1884500524554, -149.0003290520847, -187.1210612005687, -110.4169008832859, 92.1184280388346, -120.32621482900366, -211.48087698299418, -180.59851206060608, -97.43088005836304, -244.33343874167429, -156.47817610117224, -172.54649119001363, -167.7787696727131, -168.21860109787997, -211.74604821006662, -16.52768410709868, -141.30678706455257, -188.85548948254177, -106.97881295364323, -112.4683012101924, -206.25776412095598, -212.09890071821414, -67.4009521951528, -179.98440175030407, -245.95335255878655, -283.7972269000368, -107.94331023265964, -124.47243476355905, -156.39867650914772, -236.94449264184163, -219.30400460006464, -90.30341869462401, -167.03037071308046, -236.75093814448329, -118.69749200915518, -140.15297414470328, -119.49605845953185, -73.6595674775899, -72.65605875105386, -56.66768561338832, -174.44489253052478, -67.16667778041453, -141.55053287947592, 32.92598880291765, -41.58951522408632, -76.47600416879438, -91.16252020341702, -92.12394094914445, 84.34005660604022, 18.82137212193159, -26.2697203627727, -41.823362909622034, -44.26303205044686, 112.40569989931575, -163.4839463078446, -329.4025700295695, -151.96981007982527, -113.62022299903462, -166.92722155700469, -370.26134485449654, 14.486872243423946, 16.587802754019158, -46.54588635334494, -42.14692514637473, -79.83138087115921, -72.07250365413495, -229.3792504869718, -131.20105668915534, -137.25772036547008, -263.61184622014844, -175.03802216070318, -258.5380021581452, -258.87619169992524, -192.1435933723056, -196.99312368375288, -248.83761855727042, -225.83542596570203, -32.57503540650544, 44.522250109850546, -142.45548451434342, -111.2537747442874, -39.442128785016486, -59.49255891845052, -80.78270973874412, -194.89191864096017, -163.48424744569564, -174.09421654917497, -73.05291040748476, -172.99234317189388, -97.44390139042447, -167.52185196542897, -131.32411637322463, 201.04190242483136, -66.2863201859201, -213.6373734930981, -225.35309401285292, -34.2886514904623, -139.29977496365254, -57.56581310818478, -156.19789001959853, -104.5999866952468, -29.91619485219923, 30.128793372166758, -112.38132890672792, -102.98507237408248, -182.9121443741702, -167.7567549624299, -1.689621535148472, -170.9364236725386, -350.9110705418546, -184.9699273713591, -255.6754041547333, -209.51669852344475, -245.1318230034943, -84.5012215356799, 199.9582956756535, 137.38022150892252, -0.2581297191546419, -103.51602763670915, -78.25360248564672, -176.9595300550597, -220.2382327956663, -162.64632699304667, -203.48629837801394, -280.94514847508054, -204.40028053306085, -32.32084291670453, 61.586626387471355, 29.117160120368673, 166.78384010755204, 219.82798547174264, 4.038395115827601, -282.24598528696265, -213.67240905898433, -233.64103334182747, -203.90402095024433, -218.09454137263594, -323.82633383701074, -132.49598714092755, -0.7414778621989004, -119.65685966489403, -103.08784649678543, 23.049131690041133, -286.05664363899115, -18.447051189068002, -31.084441035913976, -23.69616897272228, -94.9615757140651, -53.762517016367546, -21.156867480628996, -85.82373898070671, -136.5797689733659, -189.55156135645316, -55.22426151959409, -82.45558871101984, -121.9848782731799, -163.0088948691063, -92.09478931736753, -12.460693502039529, -78.16900504687506, -1.1324254602238186, 62.373013262706635, -71.9481863836001, -158.89271643678651, 75.56079731240405, -201.81701894348265, -54.137259916898074, -80.53409630877164, 172.27212324620214, 84.49676807224793, 119.9208664045128, 161.68631339808067, 55.13718398500245, 146.69337843609577, 52.98210053717508, 95.5967022262833, -31.91252788882374, 106.83216764942524, 83.11698761543512, 65.3993346608065, -235.87302661033766, -156.83340937492704, -147.65583922981378, -205.67489852874237, -246.40680516960228, -206.26276653472752, -97.23751217404285, -124.57507105823642, -151.13414284420767, -81.81926168340003, -147.21274736308584, 75.43180497520757, 54.2508962214214, -53.82037500741015, -152.57010922700692, -67.83063961682922, 73.52531682223189, -167.58245072428494, -43.02467061009199, -20.119028371174004, -220.33885524784077, -144.05787071056702, -154.72798963190306, -169.33932138500325, -247.0867229490391, -311.5629203570629, -210.7957875258778, -154.8149948525764, -234.24452229987978, 73.42489206267328, -195.55031292155468, -98.54645501645003, -92.79383167295654, -142.6701354521395, -62.582438054545406, -129.1405054139581, -328.22620602339083, -258.27771574770827, -197.27921448292955, -179.42632640510112, -216.54108626543794, -136.56643869330213, -34.77160818159541, -53.734632058386765, -102.70374881176662, -76.09062425627589, 231.78020963409128, -120.15719050358338, -32.47059581142158, -104.42206150766624, -202.23740410002566, -82.02472407118174, -285.059662161342, -130.11681372871536, -107.88800654400835, -113.75442375128775, 1.9891925928863667, -107.0595756994954, -66.05399248799357, -22.83349698722757, 11.308527692151344, -27.38912563989089, -152.8815368762637, -12.89288049780208, 9.584840087494495, 51.513410031281424, -45.92495970123019, -104.66913832638674, -108.6435101643094, 19.66700775817515, -19.869598270151787, -38.234006112947824, 114.45318728102346, -19.595528462585094, -7.00538624747903, -20.456868369610184, 157.43146044141116, -41.991200709753066, 275.965957447229, 79.58231920890533, 221.7790308814064, 49.350829504683375, 78.4859324315736, 11.774420894395895, -62.06898482942787, -69.64540367198384, -86.54485290794236, -90.93120494235447, -159.38713716141365, -157.02716667864595, -233.29244158252249, -274.84001388925697, -271.58432904145474, -224.0858342926161, -118.89205342520866, -94.6414774215584, 39.05627298307403, -129.3028556999361, -74.29400856181091, -107.05668838474666, -84.02235763338719, -134.9676782948746, -76.25765761501557, -27.38842801812998, -97.90510986033037, 252.1202012666633, -61.91996068228138, 13.536476176036981, -181.47964129441945, -178.31927377811198, -296.1429417577863, 13.276749522759005, -204.15757252014888, -258.4090300223048, -109.78217775948099, -91.20537810473729, -186.59174133261266, 80.04699617345236, -161.02659330853223, 131.9444086782856, -109.15033643723164, -13.929056144085282, -210.63652592307105, -67.98337196471763, -166.07739575530584, 27.320042741251196, -50.458083063724146, 214.78924585542416, -121.47593741080614, -81.07913855569664, 119.95337122277816, -95.36318023615937, -362.5421929147109, -180.11649362330976, -256.12269685948655, -91.10957825257671, -187.88848111630824, -193.65416194325655, -77.10885545442812, -166.15242683087166, -53.17899496860248, -77.55920093799844, -15.169511852888181, -79.82553920159809, -166.03352983973548, -118.05580032787512, -184.71872064797466, -157.0899090442631, -150.807293087092, -52.07284277888732, -183.79100087220436, -270.3609260379401, -244.81094757027014, -199.14099724509327, -258.6635303451033, -196.19803086677192, -88.91515117558384, -48.259540289703544, -129.24600370358564, -132.6477637121662, 32.30172984137046, -18.856266645220565, -39.8045027343989, -120.15791447028965, 131.53222090609026, -63.47868117904523, -111.89662694618772, 62.903944215166234, -194.1573608667346, -265.79315428676045, -172.15714423258416, -115.67471353784462, -145.7811853649014, -130.64461663541212, 36.87615165926161, -63.33052815943464, -182.8067159002803, -25.378997535252104, -53.68225379295501, -191.07786452983834, -69.50272523215176, -177.44197443132833, -203.62243269979734, -151.58836444044582, -225.713672506863, -180.732198266129, -144.18024522370865, -133.46192965469004, -78.97454531815148, -7.873924327376963, -114.5544596333011, -61.308131043750805, 326.7011616653723, 415.45939734632583, 198.4284803529884, 218.8765608517092, 308.3179753016437, 470.0486140292744, 0.12245922832843492, 370.17690108758353, -111.61282826108477, 126.8198632604722, 25.359959709884773, -48.99988432274764, 100.17663927267807, -61.81386149831076, -42.456649866195335, 82.27115996569061, 88.09212941523491, -47.76544884131561, -162.34779358982706, -147.80623572229814, -175.7452608305184, -193.3479294149824, -260.4011613340923, -185.14532562073296, -179.7748458698191, -24.246651573982465, -71.25265738192411, -108.24057687371295, -32.05342161428888, -185.3623177644575, -263.11201442139156, -104.8596995079695, -266.72982376284614, -40.637277169293924, -208.6109891832101, 43.081814111886196, -97.5102588251065, -189.4744839199686, -41.39942664150959, -1.0611260409235688, -47.029446429509974, -66.62762333893255, -121.76510582339108, -150.7393486116906, 167.49927113071237, -55.095877604313856, -97.69906120185371, 226.95665688502592, -262.26414683611347, -350.3710720582583, -225.90748146697945, -214.93236774706398, -256.7597825528464, -173.96148418767854, 27.63237652674021, -41.059739411041534, -63.05699678203281, -36.1178512618195, -230.44291450565228, -250.7363677678476, -41.34167579013554, -222.57601864324258, -250.2308939745279, -162.3937226273547, -193.89012522823054, -132.10206221008315, -176.547782858673, -102.43822683752586, -170.95801845344846, -206.1009239536687, -93.52174052031116, -139.30410918694884, -190.03017154790268, -152.263962517109, -32.32790469598518, -71.10111484102134, -213.94757487446682, -128.21267532537922, 256.4201063401431, 100.26761884947989, 181.57011735477133, 209.13911800588323, 349.508578077101, 56.41986150477479, -97.96093376558119, -138.33565272009645, -148.4654849250197, -117.58409154974328, -43.69817035747846, -127.33079881693241, -214.6244898513092, -273.6118990065812, -138.27448712184543, -238.3739442494411, -303.65532597244754, -214.84445966588024, -61.977268942723434, -124.65088630113043, -125.7031341471441, -151.34713149452372, -117.77416656312448, -151.99081006538594, 198.57168519283536, -96.27306727540272, -0.2915429991865215, -3.449844280770875, -60.81284094703938, -81.11663318332295, -155.6173533580418, -95.39250529781647, -134.75852226796516, -132.6816124666236, -207.0475921716738, -162.82653876796778, -193.62331815581325, -168.24037115151646, -115.38021104771431, -101.59898671648962, -197.73664502782083, -127.27267394510152, -147.6576546872799, -149.06654815542467, -107.11848187842533, -132.6515620791103, -146.29970587952502, -58.513252972047866, -180.26272573729028, -109.45377363047649, -35.99360597794992, -159.65574126462175, -238.12230837014582, -159.40926819721133, -147.01607848927745, -184.0249095071276, -144.66638394648643, -150.5963511551227, 332.8492241170332, -144.99562970875098, -71.13215881895852, -4.504671888551942, -65.23301663032281, -82.18501512057513, -66.15265008188952, -15.316161003742351, -245.72215167015213, -198.92461112110303, -224.29364088816624, 134.94762514884684, -168.66180484135816, -228.20868666439597, -128.36313603417875, -65.03818089464254, -19.97963958608514, -109.48416292087508, -61.858047652123936, -59.12366249413468, -83.75267344129146, -268.0618601833606, -159.26726592032117, -10.66675842967495, -243.46754822051332, -20.127522176050032, -146.46790675067754, -145.05170895424953, -219.91471247133472, -176.34044776833977, -125.53325866771445, -119.79211256554227, -111.55829024242826, -187.4137149898668, -232.93249100153514, -196.4070475056039, -215.1847583297184, -153.74141792171412]",20.080008559011922,0.7119153161607845,0.987748018132813,9798.154,612.36,11.319,530089.163,37254.698,161.054,11.211,390000,390000,41.12769230769231,15.299999999999999,2.3283064712331658e-11,4.999999873689376e-05,3819.6094,-0.001637112,3819.6113,0.10457147,0.0029133193,0.113704845,0.0
1170.2327233491799,-1475.3843238476677,-571.0327443274967,100.0,60,15,396000,False,3960,66,212f51d07e9840f9afce8433e261ebfd,2020-07-14_16-50-05,1594745405,46.75505447387695,3095.3470215797424,62816,tango5,131.234.250.245,3095.3470215797424,0,66,d74d5_00000,0,-350.9110705418546,761.4018335047017,-95.17212405458277,"[-490.4308088935352, -352.45523616197636, -1348.8470430723196, -169.2327052747631, -974.2569846164157, -814.698803547576, -427.27129435393283, -29.323942963443773, -758.2012312031459, -438.5096751779305, -822.5844872197323, -1148.030086900267, -399.72430272048456, -1031.6986217887497, -256.15510619527953, -833.3883185881542, -840.4769236621939, -212.21908006206814, -1051.1862209858812, 64.88089847606486, -766.6322997724305, -787.2651681557945, -877.311630693858, -1137.3615932300127, -110.94911823805445, -546.7343414396372, -708.2705886034012, -448.3431528173314, -121.56011441137744, -250.53388334915195, 259.4448370398579, -416.36332874357896, -269.1701730058678, -1272.2301503556866, 850.3344506538049, -883.8148168913593, -1161.6386340614117, -955.4743116905847, -785.3536036208383, -501.43617472665983, -1129.5043573347286, 1170.2327233491799, -949.1308096241733, 24.563609386439627, -717.5747917363593, -1294.8596363886934, -734.8607816241604, -1245.2492973565934, -44.74077264611963, -1061.8296013960412, -1099.8801250566607, -220.00290021996014, -828.561987683251, -1136.8961382943678, -154.201124059357, -247.28848542369803, -936.5755906021726, -566.2509317518503, -838.2995445967316, -617.5962238660602, -1195.025898080598, -1155.260988685462, -388.90440659099136, -875.9595376056337, -603.0808536056938, -521.8683111293449, -537.5961287803921, -1417.141347267425, 70.80953580738549, -1248.675817229929, 449.0331642862579, -1475.3843238476677, -618.9896831137568, -243.10862140876574, -671.6197978143206, -284.4927949329056, -491.7684806771351, 740.2066335421404, 372.0147648003014, -1198.7067454481514, -526.5469301477659, -314.02736153187755, -751.6077359565794, -1085.0800559217635, -721.2836785316053, -1316.3169876178702, -155.67759417751694, -836.3312613803532, -415.60030287712635, -120.75676520302973, -297.67420481685025, 182.83566393300777, 716.938490368193, -625.6047501917689, -1217.3361496526165, -490.5873155916813, 2.185521266942701, -1105.2317098500127, -336.61448565362457, -540.4566434831609]","[100, 100, 100, 100, 100, 100, 100, 100, 100, 100, 100, 100, 100, 100, 100, 100, 100, 100, 100, 100, 100, 100, 100, 100, 100, 100, 100, 100, 100, 100, 100, 100, 100, 100, 100, 100, 100, 100, 100, 100, 100, 100, 100, 100, 100, 100, 100, 100, 100, 100, 100, 100, 100, 100, 100, 100, 100, 100, 100, 100, 100, 100, 100, 100, 100, 100, 100, 100, 100, 100, 100, 100, 100, 100, 100, 100, 100, 100, 100, 100, 100, 100, 100, 100, 100, 100, 100, 100, 100, 100, 100, 100, 100, 100, 100, 100, 100, 100, 100, 100]","[-29.21729602613701, -152.72677394698334, 6.450990773607775, -147.10334484035363, -49.752321306114304, -118.08206354755413, -132.391630745602, 45.52806821873415, -34.42068826194453, -41.28823744641087, -74.4797998798109, -115.40294804694196, -246.32661583390032, -165.95492596916984, -133.639856617198, -277.91592938470984, -276.5131015522289, -248.49661371511294, 20.150986296272475, -85.17345627521318, -51.822054775974024, -29.00553477103327, -50.00300035801067, 26.620354609195598, -210.63353840647534, -330.31379757319684, 82.22499083982888, -171.88316059297256, -161.1583280774507, -182.4931508061486, -1.4771316242257284, -250.2550202490071, -113.89018773588971, -220.06966801881484, -102.02102314007948, -126.98577277955914, -132.2714245659448, -85.82637390527943, 5.943604427189626, -110.17603123932798, -17.483423140176267, -87.45764593039421, 131.53519286155696, -38.16258758432402, 89.54185114761427, -82.53891261924602, 5.9079356878164875, -135.60742245686123, -36.16871918844852, -219.50415817530524, -184.98296134067718, -98.32318403580935, -209.8016757017208, -9.420532761185353, -99.2634976634905, -185.71419263385044, -143.60238662988078, 185.6990408000756, -56.48836991174421, -139.14026913904002, 28.856399545990094, -225.85235418261828, -188.92095042175168, -78.71408318877621, -208.55535515346315, -149.39814381911478, -174.2677338936199, -197.07126422713068, -194.77242770695935, -188.7910814411698, -187.23536267842402, -205.89221695296388, 82.60698957273706, -52.24825151585082, -204.81717197965284, -95.90390480781672, 55.10669849102541, -184.468662480927, -171.425571735695, -157.34415797770214, -239.69727929178205, -6.1836761071748025, -242.59829669966095, -214.4496399767345, -12.301631637414498, 55.328277771337184, -49.31174922159841, -155.8989360264673, -60.16936766598876, -33.80169941514791, -145.72718992409648, -95.69429318496691, -213.63585081458297, -86.94687576676648, -177.76815944477522, -113.61594945296689, -63.580425375449266, -234.59582420825785, -113.37031713155345, -315.6103211449649, 4.200058214201198, -117.52009401616962, 65.89097558760581, -128.3570083012233, -121.70940902026143, -32.745442796856445, 63.748785697075206, -59.04698122840791, -142.78848438326048, -246.7878813291431, -153.63844337150402, -207.4424326490744, -216.71524557399903, -83.81373367890191, 6.18506880436623, 65.51995970676327, -82.74006458338717, 19.895205687414215, 16.744823091606236, 39.27590576930208, -158.7453352165938, -214.7460914637773, -15.927588527753114, -212.95149520820797, -139.11222897496262, -25.149560381137185, -7.799688957010066, -80.71702475716828, -143.55410650780584, -265.1465041616923, -66.95750657719586, -223.0903371949223, -119.90559401798721, -194.13866571870966, -149.32351084481076, -109.49096363271022, -199.5250466930347, -104.92784978660498, -206.47740461964125, -74.39627400278282, -88.80309524382501, -244.18286114607088, -276.0354952362212, -247.46646298147024, -128.17312327560722, 13.033478941842068, -46.72905287951241, -26.566380528707903, 89.59494700731202, -12.10898750338102, -82.16202093052848, -52.53682611310923, -179.1836679581299, -203.05700109894065, 156.78673642855875, -186.58156176748795, -124.99044561786293, -143.6218466093616, -128.30721342309224, -44.260704191178, -131.7104194162802, -135.37995934562602, -132.54034403467742, -122.82086212323303, -87.43127315718357, -119.20638229884875, -86.65398855214254, 100.30969734875418, -23.634910410658833, -44.302388701192854, 7.325821649107389, -36.24880796059979, -28.4061377878127, 3.7063087997792743, -84.52069555066694, 5.033463386373044, -44.23878189624714, -82.2080250770929, -55.09505654373487, 10.495212332216438, -25.431625168387463, -22.772246260989085, -1.2976687423714868, 269.0383461681606, -38.249309530310654, 78.1573405737567, 121.88976618508671, -63.58635602175519, -184.8820947500622, -146.96707798906436, -20.34596235234295, -122.47160381544096, -43.58882753691712, -58.509223307594986, 104.67295855752721, -10.429880489059105, -213.53225894058198, -47.78294128924213, -110.53627079936129, -186.67906053315363, -204.36961604560616, -194.96716528765623, -289.75957106127083, -285.9184666286376, 119.81591529844276, 102.66975111075995, 36.408214785864715, 120.93010598103889, 399.0875747500034, 71.42288872769457, -163.8809930447452, -171.03625466670707, -75.72181792922554, -251.29485219567408, -41.75799352261858, -180.12290553238813, -237.49880131470792, -320.26590610963495, -9.684185971644206, -258.37758654476465, -96.06306857392752, -239.74908554673243, -72.74950484606683, -279.6454993089847, -170.16923731592638, -105.29356724277602, -207.29972637519424, -120.31677660163746, -179.46566431708203, -12.87023724410336, -252.77915326051806, -59.90878077139284, -71.69240637449987, -208.63736165324104, 42.812551661035656, -99.90720398185339, -218.34602942943246, -111.58862276440284, -19.205317433300426, -95.20155277870654, -234.5146727657486, -150.05114828586977, -217.07840929070716, -151.28894436154158, -173.08653986263008, -203.48464276823225, 222.62772101725307, 175.44164996320512, 276.71535998674847, 167.90695996554155, 181.06749424643928, 146.47353816999248, -178.27310476451623, -94.6271161813961, -172.76249195704548, -139.5450885020985, -201.61198067728552, -162.31102754183192, -278.0972418396341, -57.03661344056925, -152.36612822511515, 8.228833712151163, 761.4018335047017, -257.5670743250953, -24.98690489173209, -215.69747115216865, -6.522877649525789, -261.8985379717811, -122.39991589984623, -86.0690841713063, -214.1940476739395, -180.11867350058006, -267.4457771164627, -264.84331962527455, -159.64720931136048, -208.6106091610775, -95.29158512458228, -159.44097051296146, -85.58955003386181, -194.36122832857583, 27.451292101394042, -227.62873972557222, -279.74489735072433, -181.0376772954013, -156.0347395916124, -253.28245154652828, -191.0972230264833, -184.05230854584354, -153.18752409341718, 459.1853326549082, -83.50286007902356, -95.36213134394804, -6.98530643537845, -164.8882833492603, -205.5739601915934, -164.06157450409214, -120.7383752737347, -144.589301404095, -269.8177181931102, -157.04867182941666, -217.75546747323943, -228.5961291020577, -245.96759625254342, -211.3337142391571, -75.34248426528333, -120.88473372437883, -101.1400869755836, 70.16502115724688, 54.4224264851348, -126.69591375329767, -0.6221038893340749, -116.13224324412597, -57.99947152263637, -189.40963206460336, -144.66393698613322, -106.29451554182201, -115.87708663729538, -214.3173449307608, -176.41774078397773, -243.3578768625335, -202.27393599053534, -154.82729223608018, -192.94106143387032, -167.078230987372, -132.07396979359228, -47.423039175719296, -79.51805145637894, 222.80395905331875, -121.22332536483191, 3.2333026778461784, 103.9532306580648, -120.27358834451168, 48.56590748258779, 36.36202527746166, -91.04911715430895, -224.8469433429914, -145.51566953704753, -203.6882950281831, -167.59348401592302, -205.8377116792551, -122.61161917538898, -91.32881116637509, -68.35673034465259, -62.646919898867694, -94.74180562396175, -149.89077283002564, 31.596719944337657, -222.21142299868023, -158.52152471080979, -205.72149302332477, -91.04184023914627, -88.97713825547004, -147.5442610405002, -146.49328732748126, 56.4166131580898, -124.13938907100568, -69.29447765231976, -145.4756595872889, -143.29282401144386, -191.81048670209165, -229.3792504869718, -131.20105668915534, -137.25772036547008, -263.61184622014844, -175.03802216070318, -258.5380021581452, -258.87619169992524, -192.1435933723056, -196.99312368375288, -248.83761855727042, -225.83542596570203, -32.57503540650544, 44.522250109850546, -142.45548451434342, -111.2537747442874, -39.442128785016486, -59.49255891845052, -80.78270973874412, -194.89191864096017, -163.48424744569564, -174.09421654917497, -73.05291040748476, -172.99234317189388, -97.44390139042447, -167.52185196542897, -131.32411637322463, 201.04190242483136, -66.2863201859201, -213.6373734930981, -225.35309401285292, -34.2886514904623, -139.29977496365254, -57.56581310818478, -156.19789001959853, -104.5999866952468, -29.91619485219923, 30.128793372166758, -112.38132890672792, -102.98507237408248, -182.9121443741702, -167.7567549624299, -1.689621535148472, -170.9364236725386, -350.9110705418546, -184.9699273713591, -255.6754041547333, -209.51669852344475, -245.1318230034943, -84.5012215356799, 199.9582956756535, 137.38022150892252, -0.2581297191546419, -103.51602763670915, -78.25360248564672, -176.9595300550597, -220.2382327956663, -162.64632699304667, -203.48629837801394, -280.94514847508054, -204.40028053306085, -32.32084291670453, 61.586626387471355, 29.117160120368673, 166.78384010755204, 219.82798547174264, 4.038395115827601, -282.24598528696265, -213.67240905898433, -233.64103334182747, -203.90402095024433, -218.09454137263594, -323.82633383701074, -132.49598714092755, -0.7414778621989004, -119.65685966489403, -103.08784649678543, 23.049131690041133, -286.05664363899115, -18.447051189068002, -31.084441035913976, -23.69616897272228, -94.9615757140651, -53.762517016367546, -21.156867480628996, -85.82373898070671, -136.5797689733659, -189.55156135645316, -55.22426151959409, -82.45558871101984, -121.9848782731799, -163.0088948691063, -92.09478931736753, -12.460693502039529, -78.16900504687506, -1.1324254602238186, 62.373013262706635, -71.9481863836001, -158.89271643678651, 75.56079731240405, -201.81701894348265, -54.137259916898074, -80.53409630877164, 172.27212324620214, 84.49676807224793, 119.9208664045128, 161.68631339808067, 55.13718398500245, 146.69337843609577, 52.98210053717508, 95.5967022262833, -31.91252788882374, 106.83216764942524, 83.11698761543512, 65.3993346608065, -235.87302661033766, -156.83340937492704, -147.65583922981378, -205.67489852874237, -246.40680516960228, -206.26276653472752, -97.23751217404285, -124.57507105823642, -151.13414284420767, -81.81926168340003, -147.21274736308584, 75.43180497520757, 54.2508962214214, -53.82037500741015, -152.57010922700692, -67.83063961682922, 73.52531682223189, -167.58245072428494, -43.02467061009199, -20.119028371174004, -220.33885524784077, -144.05787071056702, -154.72798963190306, -169.33932138500325, -247.0867229490391, -311.5629203570629, -210.7957875258778, -154.8149948525764, -234.24452229987978, 73.42489206267328, -195.55031292155468, -98.54645501645003, -92.79383167295654, -142.6701354521395, -62.582438054545406, -129.1405054139581, -328.22620602339083, -258.27771574770827, -197.27921448292955, -179.42632640510112, -216.54108626543794, -136.56643869330213, -34.77160818159541, -53.734632058386765, -102.70374881176662, -76.09062425627589, 231.78020963409128, -120.15719050358338, -32.47059581142158, -104.42206150766624, -202.23740410002566, -82.02472407118174, -285.059662161342, -130.11681372871536, -107.88800654400835, -113.75442375128775, 1.9891925928863667, -107.0595756994954, -66.05399248799357, -22.83349698722757, 11.308527692151344, -27.38912563989089, -152.8815368762637, -12.89288049780208, 9.584840087494495, 51.513410031281424, -45.92495970123019, -104.66913832638674, -108.6435101643094, 19.66700775817515, -19.869598270151787, -38.234006112947824, 114.45318728102346, -19.595528462585094, -7.00538624747903, -20.456868369610184, 157.43146044141116, -41.991200709753066, 275.965957447229, 79.58231920890533, 221.7790308814064, 49.350829504683375, 78.4859324315736, 11.774420894395895, -62.06898482942787, -69.64540367198384, -86.54485290794236, -90.93120494235447, -159.38713716141365, -157.02716667864595, -233.29244158252249, -274.84001388925697, -271.58432904145474, -224.0858342926161, -118.89205342520866, -94.6414774215584, 39.05627298307403, -129.3028556999361, -74.29400856181091, -107.05668838474666, -84.02235763338719, -134.9676782948746, -76.25765761501557, -27.38842801812998, -97.90510986033037, 252.1202012666633, -61.91996068228138, 13.536476176036981, -181.47964129441945, -178.31927377811198, -296.1429417577863, 13.276749522759005, -204.15757252014888, -258.4090300223048, -109.78217775948099, -91.20537810473729, -186.59174133261266, 80.04699617345236, -161.02659330853223, 131.9444086782856, -109.15033643723164, -13.929056144085282, -210.63652592307105, -67.98337196471763, -166.07739575530584, 27.320042741251196]",20.087664853665277,0.7120533189896474,0.987624765436196,9779.695,613.516,11.237,533963.87,37225.058,161.182,11.206,396000,396000,41.073846153846155,15.299999999999999,1.1641532356165829e-11,4.999999873689376e-05,3911.4937,-0.0016556542,3911.4956,0.106664546,0.0016394758,0.10221771,0.0
1434.1209826602956,-1599.8760694672949,-512.2031891027613,100.0,60,15,402000,False,4020,67,212f51d07e9840f9afce8433e261ebfd,2020-07-14_16-50-52,1594745452,46.73733115196228,3142.0843527317047,62816,tango5,131.234.250.245,3142.0843527317047,0,67,d74d5_00000,0,-358.8045479468387,786.0111176309082,-85.36719818379355,"[-471.425675559104, -751.0061565121937, -161.77434377847868, 6.830609749869388, -1112.7165718594915, -599.2892836189122, 131.2033946554826, -990.7946254607108, -669.7785375385863, -1262.3083523176065, -907.3365019725405, -684.4541117330748, -1120.5639067259158, -372.86756389906157, -569.6275302326563, -896.5075975428794, 550.5568571193827, -1256.8043963176144, -297.0562546397335, -824.153507940862, -1044.9563078964582, -496.4456445477114, -496.9919467977858, -672.49005522426, -594.7984921197268, -869.0258364423518, -125.39191725553556, -1372.684045020149, 603.726694695074, 270.72730768868587, -906.0140907029854, -1012.5744501840684, -536.2067745684207, -916.413904203294, -374.1218463378862, -804.9723138024888, -282.9349014402152, 829.189838902774, 798.5232790830692, -4.713029366995631, -238.18834198721004, 1434.1209826602956, -855.2611054859751, -1599.8760694672949, 379.93429906760514, -645.6861544020273, -764.970768508297, -46.36271972152064, -866.4972050012553, -1084.5063013017136, -437.65233259349486, -565.4142943046243, -390.8567206085659, -541.864195333224, -526.0211738134275, -121.06126095885486, -365.8071518095945, -132.7360117789392, 866.730414080122, -930.7297443039798, -766.6322997724305, -787.2651681557945, -877.311630693858, -1137.3615932300127, -110.94911823805445, -546.7343414396372, -708.2705886034012, -448.3431528173314, -121.56011441137744, -250.53388334915195, 259.4448370398579, -416.36332874357896, -269.1701730058678, -1272.2301503556866, 850.3344506538049, -883.8148168913593, -1161.6386340614117, -955.4743116905847, -785.3536036208383, -501.43617472665983, -1129.5043573347286, 1170.2327233491799, -949.1308096241733, 24.563609386439627, -717.5747917363593, -1294.8596363886934, -734.8607816241604, -1245.2492973565934, -44.74077264611963, -1061.8296013960412, -1099.8801250566607, -220.00290021996014, -828.561987683251, -1136.8961382943678, -154.201124059357, -247.28848542369803, -936.5755906021726, -566.2509317518503, -838.2995445967316, -617.5962238660602]","[100, 100, 100, 100, 100, 100, 100, 100, 100, 100, 100, 100, 100, 100, 100, 100, 100, 100, 100, 100, 100, 100, 100, 100, 100, 100, 100, 100, 100, 100, 100, 100, 100, 100, 100, 100, 100, 100, 100, 100, 100, 100, 100, 100, 100, 100, 100, 100, 100, 100, 100, 100, 100, 100, 100, 100, 100, 100, 100, 100, 100, 100, 100, 100, 100, 100, 100, 100, 100, 100, 100, 100, 100, 100, 100, 100, 100, 100, 100, 100, 100, 100, 100, 100, 100, 100, 100, 100, 100, 100, 100, 100, 100, 100, 100, 100, 100, 100, 100, 100]","[6.494753281387952, 19.670397206672646, -96.01477338451278, -233.31997423476295, -104.78855779797298, -63.46752062991565, -130.45276667960655, -187.60122152327546, -219.9057266680327, 193.17368654596018, -203.26901731754378, -202.95111086969436, -39.27138968939731, -30.79125281829816, -1.8530824646609347, -95.61010728454603, 73.22122070874066, -67.4697322303167, -31.918185329468383, 27.390208257922236, -9.587686381112036, 9.09252908537227, -24.604435730319096, 36.45817984747402, -223.14032538321467, -188.5352744604122, -160.59649929089053, -229.82883310132826, -128.97555463294296, -181.64008499070198, -84.15714136386966, -109.7662885739681, -156.04000848512575, -156.1904542628607, -66.94192402671572, -26.193466906373015, -98.51890023713585, -21.100416599132355, 461.86812243775006, -66.74015213337498, -114.61472201508653, -29.690536797538083, -142.88203454723694, -105.37280189438746, -175.308849397443, -243.3618564166316, -273.7743109040614, -50.09477230094997, -233.67071679356454, -48.916003705869, -201.43889978252287, -31.53163639093794, -16.639235998189438, -137.58204486750245, -234.5546246331076, -159.62478773414466, -220.57625771166443, -195.81018362172588, -216.78341663141268, -234.95908198555014, -98.09291511942072, -197.02472116072926, -40.177426170925834, -278.06021629126326, -125.80235273720645, -168.17887049299492, -223.51471528483424, -279.9548981587098, 425.5062347887764, -91.5385412935984, -278.8566123476724, -236.09557943703447, -205.45616579485176, -165.68111168161008, -222.14853143823112, -205.39322689895883, -224.89417032326173, -96.9907005890022, -124.42539273975186, -133.0647512429447, 126.78516197161095, -142.84585542229448, 95.8550138962378, -195.171740361919, 23.391028380043313, -132.24670559031117, -150.68985360153084, 48.86108660652244, -242.06089095482122, -116.88219507255928, -221.92860201417957, -209.95841064420085, -81.28065178647216, -149.70431945059497, -113.22918105512143, -120.40643259230998, 583.9325544929553, 34.45870494909343, -5.648395975398866, -4.733137789989256, -8.959908435306762, -48.49296012197049, -266.9828399871289, -273.9442799279013, -198.880867101002, -204.42635678978002, -207.64632307667546, -104.92372943512497, -131.07920068227074, 85.89362041038683, -32.270608447205305, -195.31090517752682, -92.22445300872424, 67.93529226560673, -78.45285910468148, -110.09152306859147, -168.48716693188828, -187.0658181652082, -133.71321389391483, -146.34292677657757, -190.0808764140182, -55.76556703696051, -232.6401875592407, -173.85972325957388, -202.76526794734318, -189.84468567932075, 109.90432908039638, -159.2620709838484, -121.90091418473128, -162.3007524943286, -148.18129648207315, -14.704939483125697, -44.31639256820567, -71.46163499801169, -12.856520946037177, -124.88520559523079, -196.3466214904601, -47.12557119984055, -132.5275669315721, -58.234724858889486, -175.72064797178896, -147.9767774907634, -96.95497449364345, -61.07536347760305, -61.85191144825629, -66.0182172770778, -143.88556314839434, -151.50073309801098, -58.176434483487846, -113.36563266450058, 4.9477399098749535, -122.5010115521208, -294.97795510092845, -176.30918254643126, -185.93926688036967, -94.24616027237678, -62.577741605944944, -29.929007336528127, -34.664736363888665, 12.135300736982142, -18.809163818747628, 8.453431132591664, -255.77406845466322, -177.96172796818385, -221.03416037523257, -237.0734621383617, -201.22448440095044, -279.61614168275787, -51.14942624464912, 509.14644998927446, 156.29059227652562, 0.3603868525622085, -25.578255587790753, 14.656947409151297, -27.699212550736505, 786.0111176309082, -92.10914744319422, -65.65608898571504, -178.90922505863307, -150.91013590394329, -140.12929431283507, -197.03327921552034, -38.783184510559636, -133.23849023698352, -212.1631169529245, -184.6667254741633, -275.1604718695569, -107.72336822897041, -35.64168627193983, -32.53026915221272, -266.9896492218424, -294.52900543954627, 6.216250702465238, -54.84008045288089, -158.57440676660806, -5.573951009952898, -178.37032011124413, -145.06426693020074, -201.01983634616406, -179.25882731704857, -211.45881790534943, -147.61082711518785, -89.34677385754576, -87.7188216619991, 169.61522354081856, -163.50318375434975, -164.96014818711106, -78.03035981062328, -100.12936991399161, -37.114008212628846, -81.75376486856281, -174.6422981758583, -121.9232228491428, -188.34669944306665, -148.61044187176418, -89.69588659409406, -18.49142994893119, -50.40856380428303, -44.369534685901435, -17.76329372711647, -58.526710882650065, -93.37536839133324, 96.16725401583011, 94.1271740582828, 113.1028580763581, 263.48546227496155, 94.81503592431005, 167.4920545530292, 288.54164188850206, 282.33732543379244, 251.14066826045382, -41.754122531563965, 6.8470115215290885, 11.41075451035529, 1.5388665544857427, 2.7012921510800485, 8.500477380885632, -92.19098449252593, 37.329069448321654, 37.40824959075757, -43.64236285566729, -71.282085139442, -133.1299607238182, 54.407222736181446, -93.67561728579007, 49.13446128132588, 248.94957222560393, 235.61805888659754, 226.63924074198502, 146.22404943713465, 259.07094621880645, 317.61911515016976, -146.26897352768214, -121.87572907387091, -173.10645583039235, -187.26864425252904, -80.15264431873902, -146.58865848276145, -342.8204573277407, -123.26797155876578, -255.40044537156822, -358.8045479468387, -208.73385965540956, -310.8487876069717, 68.47081345741302, 182.76355385055368, 40.05644795342207, 4.428484477950449, -11.608810797546292, 95.82381012581216, -80.04464526541975, -86.01569594249881, -30.440880392488133, -113.55341672461435, -233.40278784740696, -102.22872822959785, -103.27041813144791, -109.78998839320592, -149.50160699628069, -180.6154175167835, -34.44797261689748, -187.3453648536823, -50.047721483137046, -20.817961247252622, 11.18711423635055, 45.6405749993656, 4.128376943504282, -36.45310317035159, -198.0448787299248, -68.7537240814886, -177.9160437486576, -199.3833105854744, -180.86843460479022, -41.53081325092033, -202.63342764138943, -146.40287964070717, -199.26980824089514, -175.11154159203824, -223.3469332409065, -137.7417109457776, -164.14979018954077, -138.091475582597, 138.3452773803358, 59.636871868297405, -195.85108437408925, -137.54213169590088, -49.159449891137825, -41.396655797625634, -75.19760178362964, -129.64237337185665, -167.46198528794793, -102.55622817242704, -160.82873064640057, 437.8959700171201, -80.07018953167274, -132.27416571154527, -240.0734261230865, -215.50617861298127, -97.87569135304125, -156.24405469031495, -111.39678300200158, -115.52717744672822, 27.92024286424058, -88.7407317053788, -124.21662432783377, -196.0403534778679, -135.64413504645907, 240.4586979083465, -170.84539071885007, -139.73336815076297, -120.8904464463977, 29.733977013871705, -54.124344895941256, 113.3458065819873, 48.14515104624074, -137.2714042586161, -44.065930333577256, -93.03268763751802, -3.818560431813686, -15.580847283665166, -54.5930032122523, -154.7161229107681, 99.86641927225007, 203.47527953349967, 21.05167972561354, -72.76342906420346, -137.5844229120157, -246.7815383340831, 249.51862747828642, 47.0640205092653, 294.68472497211616, 4.107227359245684, 228.2263805130661, 43.12943324814263, -95.60483224642721, -118.44816032590911, -221.88930060706656, -85.63416955457618, -253.5167867025359, -155.63649486746553, -158.7453352165938, -214.7460914637773, -15.927588527753114, -212.95149520820797, -139.11222897496262, -25.149560381137185, -7.799688957010066, -80.71702475716828, -143.55410650780584, -265.1465041616923, -66.95750657719586, -223.0903371949223, -119.90559401798721, -194.13866571870966, -149.32351084481076, -109.49096363271022, -199.5250466930347, -104.92784978660498, -206.47740461964125, -74.39627400278282, -88.80309524382501, -244.18286114607088, -276.0354952362212, -247.46646298147024, -128.17312327560722, 13.033478941842068, -46.72905287951241, -26.566380528707903, 89.59494700731202, -12.10898750338102, -82.16202093052848, -52.53682611310923, -179.1836679581299, -203.05700109894065, 156.78673642855875, -186.58156176748795, -124.99044561786293, -143.6218466093616, -128.30721342309224, -44.260704191178, -131.7104194162802, -135.37995934562602, -132.54034403467742, -122.82086212323303, -87.43127315718357, -119.20638229884875, -86.65398855214254, 100.30969734875418, -23.634910410658833, -44.302388701192854, 7.325821649107389, -36.24880796059979, -28.4061377878127, 3.7063087997792743, -84.52069555066694, 5.033463386373044, -44.23878189624714, -82.2080250770929, -55.09505654373487, 10.495212332216438, -25.431625168387463, -22.772246260989085, -1.2976687423714868, 269.0383461681606, -38.249309530310654, 78.1573405737567, 121.88976618508671, -63.58635602175519, -184.8820947500622, -146.96707798906436, -20.34596235234295, -122.47160381544096, -43.58882753691712, -58.509223307594986, 104.67295855752721, -10.429880489059105, -213.53225894058198, -47.78294128924213, -110.53627079936129, -186.67906053315363, -204.36961604560616, -194.96716528765623, -289.75957106127083, -285.9184666286376, 119.81591529844276, 102.66975111075995, 36.408214785864715, 120.93010598103889, 399.0875747500034, 71.42288872769457, -163.8809930447452, -171.03625466670707, -75.72181792922554, -251.29485219567408, -41.75799352261858, -180.12290553238813, -237.49880131470792, -320.26590610963495, -9.684185971644206, -258.37758654476465, -96.06306857392752, -239.74908554673243, -72.74950484606683, -279.6454993089847, -170.16923731592638, -105.29356724277602, -207.29972637519424, -120.31677660163746, -179.46566431708203, -12.87023724410336, -252.77915326051806, -59.90878077139284, -71.69240637449987, -208.63736165324104, 42.812551661035656, -99.90720398185339, -218.34602942943246, -111.58862276440284, -19.205317433300426, -95.20155277870654, -234.5146727657486, -150.05114828586977, -217.07840929070716, -151.28894436154158, -173.08653986263008, -203.48464276823225, 222.62772101725307, 175.44164996320512, 276.71535998674847, 167.90695996554155, 181.06749424643928, 146.47353816999248, -178.27310476451623, -94.6271161813961, -172.76249195704548, -139.5450885020985, -201.61198067728552, -162.31102754183192, -278.0972418396341, -57.03661344056925, -152.36612822511515, 8.228833712151163, 761.4018335047017, -257.5670743250953, -24.98690489173209, -215.69747115216865, -6.522877649525789, -261.8985379717811, -122.39991589984623, -86.0690841713063, -214.1940476739395, -180.11867350058006, -267.4457771164627, -264.84331962527455, -159.64720931136048, -208.6106091610775, -95.29158512458228, -159.44097051296146, -85.58955003386181, -194.36122832857583, 27.451292101394042, -227.62873972557222, -279.74489735072433, -181.0376772954013, -156.0347395916124, -253.28245154652828, -191.0972230264833, -184.05230854584354, -153.18752409341718, 459.1853326549082, -83.50286007902356, -95.36213134394804, -6.98530643537845, -164.8882833492603, -205.5739601915934, -164.06157450409214, -120.7383752737347, -144.589301404095, -269.8177181931102, -157.04867182941666, -217.75546747323943, -228.5961291020577, -245.96759625254342, -211.3337142391571, -75.34248426528333, -120.88473372437883, -101.1400869755836, 70.16502115724688, 54.4224264851348, -126.69591375329767, -0.6221038893340749, -116.13224324412597, -57.99947152263637, -189.40963206460336, -144.66393698613322, -106.29451554182201, -115.87708663729538, -214.3173449307608, -176.41774078397773, -243.3578768625335, -202.27393599053534, -154.82729223608018, -192.94106143387032, -167.078230987372, -132.07396979359228, -47.423039175719296, -79.51805145637894, 222.80395905331875, -121.22332536483191, 3.2333026778461784, 103.9532306580648, -120.27358834451168, 48.56590748258779, 36.36202527746166, -91.04911715430895, -224.8469433429914, -145.51566953704753, -203.6882950281831, -167.59348401592302, -205.8377116792551, -122.61161917538898, -91.32881116637509, -68.35673034465259, -62.646919898867694, -94.74180562396175, -149.89077283002564, 31.596719944337657, -222.21142299868023, -158.52152471080979, -205.72149302332477, -91.04184023914627, -88.97713825547004, -147.5442610405002, -146.49328732748126, 56.4166131580898, -124.13938907100568, -69.29447765231976, -145.4756595872889, -143.29282401144386, -191.81048670209165]",20.092402878814525,0.7119531697629856,0.9876861173432246,9751.09,615.316,11.303,530849.521,37205.729,161.265,11.409,402000,402000,40.956250000000004,15.299999999999999,5.8207661780829145e-12,4.999999873689376e-05,5372.493,-0.0013085607,5372.4946,0.10770307,0.0018789306,0.09413893,0.0
1434.1209826602956,-1599.8760694672949,-466.4759593871242,100.0,60,15,408000,False,4080,68,212f51d07e9840f9afce8433e261ebfd,2020-07-14_16-51-39,1594745499,46.93231415748596,3189.0166668891907,62816,tango5,131.234.250.245,3189.0166668891907,0,68,d74d5_00000,0,-358.8045479468387,786.0111176309082,-77.74599323118738,"[136.49970271717862, -1243.8838337131608, -466.4257732435944, -845.6312664310101, -549.0422084205907, -149.4139858193738, -277.66801076652257, -1306.0453395374716, -97.64493471480888, -604.2034306693089, -538.8238692438797, -502.92095730285865, -1151.5733427294006, -829.5546865438495, -992.8527310147291, -607.7213378440924, -916.0717151142777, -370.47209883056746, -198.55658817481745, -158.42032986356512, -998.5612443225199, -374.0503884236081, -774.6528382740566, -848.7605343882308, -603.5775721673098, 548.3273629297823, -323.9387411453473, -1093.4667918368875, -961.1902548628832, -169.5449751116722, -310.5438039111237, -466.84051757678844, -217.58953828255338, -212.97433793229825, -52.49671452992935, -1432.222675249028, -548.8586294761261, -987.2593397884257, 162.99247555286433, -1066.3588616866334, 448.2994706076443, 220.4088598216677, -43.85500767834512, -1325.4256769517428, -793.4450361256485, -728.9643173083737, -563.6388558947775, 229.95532419226848, -971.0033448547391, -333.458469773894, -184.60073942933994, 132.28646210927675, 23.990347947702713, 182.10655105312188, -643.6830020559438, -683.1769495659264, -1028.9314794824147, -1245.1555300405178, -831.1112146070084, -664.9243818192494, -1044.9563078964582, -496.4456445477114, -496.9919467977858, -672.49005522426, -594.7984921197268, -869.0258364423518, -125.39191725553556, -1372.684045020149, 603.726694695074, 270.72730768868587, -906.0140907029854, -1012.5744501840684, -536.2067745684207, -916.413904203294, -374.1218463378862, -804.9723138024888, -282.9349014402152, 829.189838902774, 798.5232790830692, -4.713029366995631, -238.18834198721004, 1434.1209826602956, -855.2611054859751, -1599.8760694672949, 379.93429906760514, -645.6861544020273, -764.970768508297, -46.36271972152064, -866.4972050012553, -1084.5063013017136, -437.65233259349486, -565.4142943046243, -390.8567206085659, -541.864195333224, -526.0211738134275, -121.06126095885486, -365.8071518095945, -132.7360117789392, 866.730414080122, -930.7297443039798]","[100, 100, 100, 100, 100, 100, 100, 100, 100, 100, 100, 100, 100, 100, 100, 100, 100, 100, 100, 100, 100, 100, 100, 100, 100, 100, 100, 100, 100, 100, 100, 100, 100, 100, 100, 100, 100, 100, 100, 100, 100, 100, 100, 100, 100, 100, 100, 100, 100, 100, 100, 100, 100, 100, 100, 100, 100, 100, 100, 100, 100, 100, 100, 100, 100, 100, 100, 100, 100, 100, 100, 100, 100, 100, 100, 100, 100, 100, 100, 100, 100, 100, 100, 100, 100, 100, 100, 100, 100, 100, 100, 100, 100, 100, 100, 100, 100, 100, 100, 100]","[39.47942977931159, -31.928237152800744, 24.84023313010309, 46.43771266807154, 15.122471220095377, 42.548093072397315, -242.31926059522547, -214.76773326966094, -312.9830232378331, -214.11372621775422, 39.50888544732834, -299.2089758400148, -51.29130769165498, -28.29866763479709, -139.21357035234817, -59.63191230548672, -100.65482436489818, -87.3354908944098, -181.16459748695584, -128.4091588514421, -108.26570113314006, -116.21711885313287, -207.82045062497536, -103.75423948136363, -81.15312257276284, -153.62902444633266, -44.528502056595094, -127.86891199858108, -22.96787991961468, -118.89476742670406, -33.97847214611164, -45.97202778850766, -34.298221439829845, 85.97939510689643, 74.27021887566754, -195.41487842748802, -29.982790805913545, 6.399864477228848, -62.30286210742406, -28.102566042302236, -161.16481716111784, -2.514839126993825, -273.20593335222446, -235.99025371098526, -301.58857676752774, -205.61663199693527, -213.31070625676622, -76.33323745303241, -17.53495916727781, 38.78929168095895, -50.666652433899074, -140.0586021009019, 44.424713612686325, 27.401273693624795, -10.551851677751944, -70.83882852065142, -171.72175578908664, -148.54395224030458, -91.28543900293819, -111.26160343857609, -62.48085755221015, -73.74203696393384, -76.7026907457129, -152.4812276213511, -96.81818311192976, -76.59887324874235, -92.69486613745569, -186.36091403180262, 124.95576722694538, -76.95421135184723, -142.25087984302314, -129.61585316567457, -224.20510658311971, -196.44448347270162, -174.1656597947113, -139.30318212626622, -163.3318603164337, -254.12305043616627, -151.81452774575837, -111.91852101771256, -129.92925093444373, -158.39112584911555, -108.06551865039935, -169.43574234642105, -160.41553231319725, -166.29937523503196, -186.47225978527504, -207.63173717925915, -133.59886336735212, -138.43496313461327, -180.76736351700737, -75.17571159781922, -206.48897929222497, -105.49293587540609, -31.5631233805664, -8.233224181068486, -171.92348808759675, -215.6955145615471, -155.23513583877616, 11.572925066452706, -109.25249372731811, -275.53800796549154, 66.33322152198345, 64.83173852312291, -231.1071938507233, -192.11110607469536, 39.462307924517134, -117.88106687477224, 79.56332301302426, -40.10193153546257, -73.30057903282575, -117.34579806840586, -51.48671172406764, 4.115109172920031, -25.362084078657308, -9.277728468884813, -86.29049273051945, 98.86669760577149, -116.40770721855118, -19.949014972724147, -51.84926135337691, -195.28519872913816, -156.55520270628963, -193.9121873968251, -199.13042583576996, -201.82896830112054, -34.27691447368918, -49.838466593532466, -129.97487717573472, -47.469199233774816, -48.32481203212239, -64.16611891475553, -181.51086872217655, -137.9834639062027, -97.97270502641568, -104.1323440296818, -181.15611088824943, -71.89734570133074, -0.6765940912915447, -168.88476793237166, -104.19358068144378, -233.75216701967773, -148.7682756920554, -192.4851489713905, -208.27015774698756, 137.48494721954373, -113.01614039745922, -187.05398338993797, -109.82209084569719, -122.90014700677258, -13.903576337521343, 11.826199162951951, 9.59247232330998, 420.1883000341507, 65.69631144068634, 54.92765630620421, -124.74840989603935, -78.28839328641175, -38.365439219663365, -1.4965962683393297, 35.54288191338469, -116.5827843882777, -153.52036935012117, -142.09924953408745, -195.17046824474463, -165.6343974237291, -219.2284842148706, -217.8138230693353, -165.12834326105127, -103.47744700832328, -138.68779309842503, -236.6284146664989, -178.06413257602196, -139.2041242525624, -50.044525464130025, -94.32360141768834, -107.14197217102986, 250.56148975754198, -68.6183503286267, -99.97801548773924, -132.82385909243922, -76.34478268037323, -42.33096258260589, -76.78857594139225, 82.10918370515544, -64.3648073194688, -156.80066352895832, -61.13225659697048, -6.14015172575192, -120.78454651659727, -105.29455936415167, -16.68833984435924, -170.33022555850917, -107.73565280052885, -107.92824524982137, -62.533689085957604, -38.0664285885919, 269.004703000856, -102.3257679962764, -6.364284438949088, 17.834036177857314, -63.83208776992626, 0.229783573577222, -58.51601747858155, -3.3401852838161776, -39.92906542910005, -41.22993746851966, -9.507239314263098, 69.35268405193847, -27.84297108616883, -326.07484700822954, -267.1461254735358, -234.59872258959888, -198.36230924251913, -192.34573270240446, -213.69493823274024, -182.7753487724099, -134.56084859065078, -107.43035218204157, -24.46997699502941, 13.30550700954067, -112.9276099455349, -92.73713938023546, -147.71634525602968, -156.80273741977865, -198.72365538038713, -153.0593227466892, -238.2201396053051, -32.1719116168123, 310.10178667897657, -138.63958365029973, 105.20296384592154, -42.37303561090982, -39.12774409401252, -177.57714183098057, -160.3378282088455, -214.8706588030924, -143.93419498739422, -124.19833615769284, -245.44070169862715, -30.146628269404573, -50.7935127290013, 21.996261431930314, 324.2046257693966, -74.02117426403912, 257.0598986687618, 116.95261428119343, 237.09558693643265, -17.193611438431244, 17.04377096558278, -36.65881964810785, -96.83068127500249, 145.6048131395964, -85.9446307609057, -97.23161475421672, -108.44659745693303, 45.77886807611004, 56.38415407800359, -149.70435697337248, -209.03021048406274, -220.20990833287817, -216.00789899016692, -206.45135113419516, -324.0219510370663, -145.60595012616767, -189.40100045706694, -126.72671079958538, -115.03804183864976, -38.1806287380954, -178.49270416608312, -147.2291347679589, 33.406955765362085, -116.88369592211649, -247.39131140122186, -112.18437631106745, -138.6827546713712, 51.46361494243704, -170.75792703178018, -68.90092512612604, -202.3076621704249, -142.10697298746157, -31.028983521421097, -65.56088365427388, 302.7802899366988, -216.66041039940131, -82.44340972369591, 359.885018208694, -68.04528017575308, -192.17972046452635, -128.07187263956058, -181.69182687391378, -92.47827568195913, -189.62016616658164, -186.96148302819924, -58.44764505119912, -46.24279712023096, -11.653287394615518, -84.41634956017568, -86.1655169162458, -46.532873731426804, -131.67792555484758, -94.60307679232855, -64.98198577001608, -72.48790565274197, 14.866379637599993, 164.28377470299395, 21.82309039606534, 7.67979532386037, -27.21252254364432, 47.62408596467734, 77.65632520632325, 4.715687761994239, -39.23313319799338, -190.13952612189732, -135.6720116763216, 464.10491885069206, -26.593258010867693, -48.47664189590887, 94.37501726388642, -0.7598257680480098, -90.87781068359746, 100.06805377258804, 28.15277974424314, 51.14833672404927, -109.06565388358027, -156.218429676341, -36.22494811542449, -245.63142572303326, 23.695564094907922, -120.23810875247237, -179.2154751448207, -222.13377054946758, -242.07982112956125, 121.249090461246, 61.0006294725182, -221.99760267584136, -158.75982646765223, -114.70391187965, -257.3062425321684, -113.87332535766039, -179.63962659403958, -204.64854665124608, -248.14595010386503, -201.94799519151, -197.101847603432, -178.46707732588274, -206.7197303900421, -212.77292942578575, -97.81047040241445, -134.97979007735168, -147.0413032406826, -89.65308130074469, -124.19919568708919, -237.42737389872516, -65.07120369996078, -119.19379515503726, -159.31402505635575, -114.08626854601887, -96.38070804743549, -110.878381314442, -190.0808764140182, -55.76556703696051, -232.6401875592407, -173.85972325957388, -202.76526794734318, -189.84468567932075, 109.90432908039638, -159.2620709838484, -121.90091418473128, -162.3007524943286, -148.18129648207315, -14.704939483125697, -44.31639256820567, -71.46163499801169, -12.856520946037177, -124.88520559523079, -196.3466214904601, -47.12557119984055, -132.5275669315721, -58.234724858889486, -175.72064797178896, -147.9767774907634, -96.95497449364345, -61.07536347760305, -61.85191144825629, -66.0182172770778, -143.88556314839434, -151.50073309801098, -58.176434483487846, -113.36563266450058, 4.9477399098749535, -122.5010115521208, -294.97795510092845, -176.30918254643126, -185.93926688036967, -94.24616027237678, -62.577741605944944, -29.929007336528127, -34.664736363888665, 12.135300736982142, -18.809163818747628, 8.453431132591664, -255.77406845466322, -177.96172796818385, -221.03416037523257, -237.0734621383617, -201.22448440095044, -279.61614168275787, -51.14942624464912, 509.14644998927446, 156.29059227652562, 0.3603868525622085, -25.578255587790753, 14.656947409151297, -27.699212550736505, 786.0111176309082, -92.10914744319422, -65.65608898571504, -178.90922505863307, -150.91013590394329, -140.12929431283507, -197.03327921552034, -38.783184510559636, -133.23849023698352, -212.1631169529245, -184.6667254741633, -275.1604718695569, -107.72336822897041, -35.64168627193983, -32.53026915221272, -266.9896492218424, -294.52900543954627, 6.216250702465238, -54.84008045288089, -158.57440676660806, -5.573951009952898, -178.37032011124413, -145.06426693020074, -201.01983634616406, -179.25882731704857, -211.45881790534943, -147.61082711518785, -89.34677385754576, -87.7188216619991, 169.61522354081856, -163.50318375434975, -164.96014818711106, -78.03035981062328, -100.12936991399161, -37.114008212628846, -81.75376486856281, -174.6422981758583, -121.9232228491428, -188.34669944306665, -148.61044187176418, -89.69588659409406, -18.49142994893119, -50.40856380428303, -44.369534685901435, -17.76329372711647, -58.526710882650065, -93.37536839133324, 96.16725401583011, 94.1271740582828, 113.1028580763581, 263.48546227496155, 94.81503592431005, 167.4920545530292, 288.54164188850206, 282.33732543379244, 251.14066826045382, -41.754122531563965, 6.8470115215290885, 11.41075451035529, 1.5388665544857427, 2.7012921510800485, 8.500477380885632, -92.19098449252593, 37.329069448321654, 37.40824959075757, -43.64236285566729, -71.282085139442, -133.1299607238182, 54.407222736181446, -93.67561728579007, 49.13446128132588, 248.94957222560393, 235.61805888659754, 226.63924074198502, 146.22404943713465, 259.07094621880645, 317.61911515016976, -146.26897352768214, -121.87572907387091, -173.10645583039235, -187.26864425252904, -80.15264431873902, -146.58865848276145, -342.8204573277407, -123.26797155876578, -255.40044537156822, -358.8045479468387, -208.73385965540956, -310.8487876069717, 68.47081345741302, 182.76355385055368, 40.05644795342207, 4.428484477950449, -11.608810797546292, 95.82381012581216, -80.04464526541975, -86.01569594249881, -30.440880392488133, -113.55341672461435, -233.40278784740696, -102.22872822959785, -103.27041813144791, -109.78998839320592, -149.50160699628069, -180.6154175167835, -34.44797261689748, -187.3453648536823, -50.047721483137046, -20.817961247252622, 11.18711423635055, 45.6405749993656, 4.128376943504282, -36.45310317035159, -198.0448787299248, -68.7537240814886, -177.9160437486576, -199.3833105854744, -180.86843460479022, -41.53081325092033, -202.63342764138943, -146.40287964070717, -199.26980824089514, -175.11154159203824, -223.3469332409065, -137.7417109457776, -164.14979018954077, -138.091475582597, 138.3452773803358, 59.636871868297405, -195.85108437408925, -137.54213169590088, -49.159449891137825, -41.396655797625634, -75.19760178362964, -129.64237337185665, -167.46198528794793, -102.55622817242704, -160.82873064640057, 437.8959700171201, -80.07018953167274, -132.27416571154527, -240.0734261230865, -215.50617861298127, -97.87569135304125, -156.24405469031495, -111.39678300200158, -115.52717744672822, 27.92024286424058, -88.7407317053788, -124.21662432783377, -196.0403534778679, -135.64413504645907, 240.4586979083465, -170.84539071885007, -139.73336815076297, -120.8904464463977, 29.733977013871705, -54.124344895941256, 113.3458065819873, 48.14515104624074, -137.2714042586161, -44.065930333577256, -93.03268763751802, -3.818560431813686, -15.580847283665166, -54.5930032122523, -154.7161229107681, 99.86641927225007, 203.47527953349967, 21.05167972561354, -72.76342906420346, -137.5844229120157, -246.7815383340831, 249.51862747828642, 47.0640205092653, 294.68472497211616, 4.107227359245684, 228.2263805130661, 43.12943324814263, -95.60483224642721, -118.44816032590911, -221.88930060706656, -85.63416955457618, -253.5167867025359, -155.63649486746553]",20.098853130647086,0.7117797100502605,0.9876284400936249,9761.819,614.64,11.259,532907.783,37188.746,161.339,11.441,408000,408000,41.14,15.299999999999999,2.9103830890414573e-12,4.999999873689376e-05,3387.9114,-0.0014932419,3387.9128,0.09483864,0.0017326571,0.09481763,0.0
649.8807413858467,-1683.5974161628808,-561.5564859134448,100.0,60,15,414000,False,4140,69,212f51d07e9840f9afce8433e261ebfd,2020-07-14_16-52-26,1594745546,47.02007818222046,3236.036745071411,62816,tango5,131.234.250.245,3236.036745071411,0,69,d74d5_00000,0,-443.9829406242975,510.116984746498,-93.59274765224082,"[-972.3795576062828, -1183.7215612935097, -226.4301187681697, -978.2147276567913, -729.7852588471134, -687.4536826658614, -326.9775508986456, -452.74541821496217, -568.2496491841213, -1182.6003970955742, -246.23118906042757, -667.0444227401425, -261.2859958898832, -1251.279881186683, -596.8984856953847, 290.96677446143326, -409.62487782125027, -518.9968494656396, -1548.4932230345983, -518.4258716404938, -288.60786978565926, -83.84780162979344, -1226.512106202549, -608.395590815401, -651.9281391297103, -628.1252647069695, -63.58354471790704, 468.04586441726735, -1334.1558874310526, 649.8807413858467, -836.5834970210045, -571.2260243559319, -409.3640460915516, -477.3860946550684, 164.30338658110378, -1002.6413589797953, -1465.1005104728497, -853.9006264221817, 263.1604912455082, -1257.920658523678, -598.4400444748752, -513.3249986149037, -500.7297802421938, -1082.0392269044853, -1683.5974161628808, -484.1053315084978, 27.485000087542815, -832.8441858567207, -941.5087885237186, -819.9445056306861, -720.3366422454588, -492.2435984636597, -671.8924310690857, 133.80945067297242, -849.0113860058366, -925.3781867836728, -1087.174376908525, -1305.6850895585194, -186.42931851998267, 163.39765732319577, -998.5612443225199, -374.0503884236081, -774.6528382740566, -848.7605343882308, -603.5775721673098, 548.3273629297823, -323.9387411453473, -1093.4667918368875, -961.1902548628832, -169.5449751116722, -310.5438039111237, -466.84051757678844, -217.58953828255338, -212.97433793229825, -52.49671452992935, -1432.222675249028, -548.8586294761261, -987.2593397884257, 162.99247555286433, -1066.3588616866334, 448.2994706076443, 220.4088598216677, -43.85500767834512, -1325.4256769517428, -793.4450361256485, -728.9643173083737, -563.6388558947775, 229.95532419226848, -971.0033448547391, -333.458469773894, -184.60073942933994, 132.28646210927675, 23.990347947702713, 182.10655105312188, -643.6830020559438, -683.1769495659264, -1028.9314794824147, -1245.1555300405178, -831.1112146070084, -664.9243818192494]","[100, 100, 100, 100, 100, 100, 100, 100, 100, 100, 100, 100, 100, 100, 100, 100, 100, 100, 100, 100, 100, 100, 100, 100, 100, 100, 100, 100, 100, 100, 100, 100, 100, 100, 100, 100, 100, 100, 100, 100, 100, 100, 100, 100, 100, 100, 100, 100, 100, 100, 100, 100, 100, 100, 100, 100, 100, 100, 100, 100, 100, 100, 100, 100, 100, 100, 100, 100, 100, 100, 100, 100, 100, 100, 100, 100, 100, 100, 100, 100, 100, 100, 100, 100, 100, 100, 100, 100, 100, 100, 100, 100, 100, 100, 100, 100, 100, 100, 100, 100]","[-191.47901674919424, -126.73145375121082, -229.6115863071478, -115.9321110574115, -97.6228357148984, -211.00255402642057, -212.6878136836849, -214.3877022329806, -206.68906076872946, -163.70917735126375, -142.70320292360037, -243.54460433325, -26.333070001611596, 2.490108313481313, -57.09916705929085, 73.08409833469025, -92.8177535280704, -125.75433482736769, -137.79926345402293, -187.6252255732015, -147.4026622472046, -238.2355815596322, -173.48353023078548, -93.66846459194339, -201.09828194131697, 4.058177109856078, -166.94529350716275, -223.43846138217262, -190.5855402138578, 48.22414108754257, -133.13602197920645, 64.49332986461643, -268.7097765297312, 14.693680524584291, -136.93408563257995, -227.86080891354422, -115.29743619026709, -185.84725657897127, 27.430141921294197, -92.28469544812211, 25.461899466167118, 13.559795931253696, -110.74819572803557, -148.87516755468232, -78.47884280007949, 82.30143178839309, -110.46533852568479, -86.47930539487277, -233.80679658074644, -114.83980141683628, -72.22254648936479, 67.46552438249472, -48.39807425394331, -166.44795482572505, -346.4723581561495, -97.40790429204318, -237.1952551517107, -152.22070468734742, -216.40611142275839, -132.8980633855644, -108.68871729289148, -185.0105408529273, -11.381674940398206, 42.765963870024905, 41.81062895073791, -25.72684879497438, -109.02618621132278, -61.08040550225392, -30.99381094899995, -157.90048747863912, -169.76112446316844, -138.28240813575795, 88.9068869550761, -139.94884870041312, 114.15482128053846, -182.32748337993218, -33.369779752596344, -108.70159229255576, -209.81282712074938, -229.49865534725947, -212.64553621955324, -234.09420300970194, -296.16785306292957, -69.06080642649229, -109.03308475380166, -85.93265135683492, -96.37763463840795, -24.807676945288076, -183.4113202881383, -97.33611771291433, 7.946321408868489, -72.60066019844832, 125.39805325235078, 127.12767701280313, 52.009948047456874, 51.08543493840192, -238.12873272840588, -173.2246442608241, 340.8973478867776, -91.90052360321752, -183.04968901433517, -64.21863610124463, -47.05486606625752, -2.129709050080269, -133.52185533714962, -124.11654116645562, -34.58792246269195, -177.58595538300455, -210.80975007276405, -223.55238438341715, -261.8922206262259, -261.13067875830404, -278.0492111302353, -313.05897806365107, -78.80993061446469, -120.04297576193257, -60.200715276345065, -54.08130063787147, -4.863795450797486, -200.42715389908258, -100.4628369783447, -110.61014561612137, 40.733135316027415, 77.77046078204364, -68.96314749353202, -127.07533579573212, 434.3650734562933, -182.68983017355956, -263.2046436067128, -149.09838267822073, -60.832621066139644, 137.61260243854622, -285.99476157999834, -216.1720584810954, -167.0287535954723, -279.8647519663649, -28.256987534196266, -249.19479304542185, -133.51779874874933, -102.3963009997376, -38.525124567776686, -40.978738164034624, -120.89256009814297, -172.0850682369605, -134.55244315772725, -206.14292559387903, -154.35855867939145, -133.46822612062383, 168.77111880251636, -192.1771043806048, -164.30363667919096, -72.55988640276993, -70.13568128979402, -185.11597065046897, -143.1617275088865, 7.151637824140411, -24.727277706620402, -145.36624628326092, 180.6090351520088, 13.258091535022407, -2.5294055142829275, -84.8277419007739, 13.385561964087765, 159.53250618991902, 47.69091128667932, 94.98692935243317, 149.72804095431283, 2.721914669835362, -174.32357348059526, -212.01508732315438, -386.27670458010135, -123.02150979149478, -184.21441189615393, -254.30460035955386, 172.52055190843828, 510.116984746498, 27.31848197256837, 49.53019182438549, -62.37312921151953, -47.23233985452418, -183.2128389218056, -90.4646188434432, -228.03476740452507, -73.31305874604676, -133.1598184170077, -128.39839468817482, -211.28202552326553, -212.60643208702638, -175.77831150026597, 121.24880476429345, -123.25539349763031, 30.447333487963288, -65.43009816508803, -79.16990922248668, -106.07654436053389, -82.89230079585013, -45.76298045244419, -30.03221309514915, -196.4407351198623, 172.63760378242975, -180.7435346552559, -50.141923469299094, -135.51047647434004, -87.18702871874041, 69.24370935492274, -2.623856877113428, 65.6366969053537, 43.90555593403171, -85.55953287790456, 73.7008141418129, -118.40787228684401, -172.0986561607473, -117.00569921960441, -168.0428814890314, -209.08716003549472, -217.99908978807358, -172.82948266561516, -274.00424205785896, -210.21842312795548, -298.676944960422, -303.84446119962433, -205.52695646137744, -33.31143402501473, -142.33382339370937, -87.65829377294772, -215.0023102614479, -155.68576490374502, -219.90900006531726, 64.12305344220785, -27.43192770137631, 123.54035750523668, -11.79360111517439, 82.90839613944354, 31.814212975171472, -230.41934777230708, -229.84058407298096, -221.96571532947982, -237.4059700154974, -176.31626176264544, -161.9727795707661, -131.50176623600638, -79.03128317075813, -134.1001238155445, -121.40093982466733, -51.84236810768558, -80.56356332021208, -118.22313212421888, -81.0445916380237, -112.57835862745458, -55.57632557305712, -77.17685227066843, -68.72573838148176, -234.29932399940967, 186.39867524174363, -33.57827820416781, -123.45588941668558, -195.92666235471793, -99.86830150895673, -202.7588573381126, -198.4214205208967, -203.18025344748742, -212.4132825493314, -124.06618605780855, -141.19922699084808, -335.14009378186046, -189.01196943329865, -443.9829406242975, -227.42615029446225, -215.7243704575789, -272.3118915713813, 44.519207460514885, -218.26104598998543, -52.190050346016676, -108.07107185526408, -96.29626439778565, -53.806106379960774, -53.171706431357975, 311.17449989419816, -74.8820994746701, 51.9234797359927, -108.78739832215545, -98.77177531446455, -188.56760412496297, -146.67700518471676, -170.21944020669085, 13.822563001384497, -127.11145500633896, -214.0912443353984, -175.37086041097177, -263.8481467384819, -133.8710441608036, -184.4744306774692, -111.94139711419957, -72.00290942179276, -157.0783263351804, -173.55295926882772, -111.79951769666293, -123.0562754638129, -96.2684526944664, -158.18897417173528, -48.21881343677163, -168.89545115745554, -149.8846301809349, -102.52266892000111, -141.4777175733605, -109.33736097693512, -75.98263146450843, -44.54812608532228, -137.0292487998232, -34.805914722155535, -151.0222984456346, -48.85537894621441, -45.944692947060275, -144.96426082545852, -91.53459567146633, -103.14928651250503, -126.42538438607446, -159.87421072652066, 58.849946609274426, 9.379419851343682, 14.682992675893644, 38.26733020498298, -14.448457007768514, 27.07821833924575, -215.21702249450627, -125.99122839357798, -123.98204934798868, -132.47784874565752, -84.02199080578691, -167.32124621831903, -207.01265244146086, -145.12054991808034, -102.15082612955271, -111.5099853750799, -226.17936373549284, -133.404809184005, -226.4414900620462, -156.51490439002072, 52.677031481205304, -230.43721182022847, -228.1022904439952, -298.3555116734399, -298.8845767609519, -196.9661618405029, -70.80228353180402, -276.18511549449175, -262.8423796005543, -200.00457233021845, -79.91130596312894, -105.89766092098004, -9.342205746239634, -47.89890074076835, 37.93957611610885, 18.68117873502503, -8.917648944795205, -55.602206351908194, 281.67918289223434, 5.02865714339737, -68.31618822531428, 9.525860809581893, -51.84926135337691, -195.28519872913816, -156.55520270628963, -193.9121873968251, -199.13042583576996, -201.82896830112054, -34.27691447368918, -49.838466593532466, -129.97487717573472, -47.469199233774816, -48.32481203212239, -64.16611891475553, -181.51086872217655, -137.9834639062027, -97.97270502641568, -104.1323440296818, -181.15611088824943, -71.89734570133074, -0.6765940912915447, -168.88476793237166, -104.19358068144378, -233.75216701967773, -148.7682756920554, -192.4851489713905, -208.27015774698756, 137.48494721954373, -113.01614039745922, -187.05398338993797, -109.82209084569719, -122.90014700677258, -13.903576337521343, 11.826199162951951, 9.59247232330998, 420.1883000341507, 65.69631144068634, 54.92765630620421, -124.74840989603935, -78.28839328641175, -38.365439219663365, -1.4965962683393297, 35.54288191338469, -116.5827843882777, -153.52036935012117, -142.09924953408745, -195.17046824474463, -165.6343974237291, -219.2284842148706, -217.8138230693353, -165.12834326105127, -103.47744700832328, -138.68779309842503, -236.6284146664989, -178.06413257602196, -139.2041242525624, -50.044525464130025, -94.32360141768834, -107.14197217102986, 250.56148975754198, -68.6183503286267, -99.97801548773924, -132.82385909243922, -76.34478268037323, -42.33096258260589, -76.78857594139225, 82.10918370515544, -64.3648073194688, -156.80066352895832, -61.13225659697048, -6.14015172575192, -120.78454651659727, -105.29455936415167, -16.68833984435924, -170.33022555850917, -107.73565280052885, -107.92824524982137, -62.533689085957604, -38.0664285885919, 269.004703000856, -102.3257679962764, -6.364284438949088, 17.834036177857314, -63.83208776992626, 0.229783573577222, -58.51601747858155, -3.3401852838161776, -39.92906542910005, -41.22993746851966, -9.507239314263098, 69.35268405193847, -27.84297108616883, -326.07484700822954, -267.1461254735358, -234.59872258959888, -198.36230924251913, -192.34573270240446, -213.69493823274024, -182.7753487724099, -134.56084859065078, -107.43035218204157, -24.46997699502941, 13.30550700954067, -112.9276099455349, -92.73713938023546, -147.71634525602968, -156.80273741977865, -198.72365538038713, -153.0593227466892, -238.2201396053051, -32.1719116168123, 310.10178667897657, -138.63958365029973, 105.20296384592154, -42.37303561090982, -39.12774409401252, -177.57714183098057, -160.3378282088455, -214.8706588030924, -143.93419498739422, -124.19833615769284, -245.44070169862715, -30.146628269404573, -50.7935127290013, 21.996261431930314, 324.2046257693966, -74.02117426403912, 257.0598986687618, 116.95261428119343, 237.09558693643265, -17.193611438431244, 17.04377096558278, -36.65881964810785, -96.83068127500249, 145.6048131395964, -85.9446307609057, -97.23161475421672, -108.44659745693303, 45.77886807611004, 56.38415407800359, -149.70435697337248, -209.03021048406274, -220.20990833287817, -216.00789899016692, -206.45135113419516, -324.0219510370663, -145.60595012616767, -189.40100045706694, -126.72671079958538, -115.03804183864976, -38.1806287380954, -178.49270416608312, -147.2291347679589, 33.406955765362085, -116.88369592211649, -247.39131140122186, -112.18437631106745, -138.6827546713712, 51.46361494243704, -170.75792703178018, -68.90092512612604, -202.3076621704249, -142.10697298746157, -31.028983521421097, -65.56088365427388, 302.7802899366988, -216.66041039940131, -82.44340972369591, 359.885018208694, -68.04528017575308, -192.17972046452635, -128.07187263956058, -181.69182687391378, -92.47827568195913, -189.62016616658164, -186.96148302819924, -58.44764505119912, -46.24279712023096, -11.653287394615518, -84.41634956017568, -86.1655169162458, -46.532873731426804, -131.67792555484758, -94.60307679232855, -64.98198577001608, -72.48790565274197, 14.866379637599993, 164.28377470299395, 21.82309039606534, 7.67979532386037, -27.21252254364432, 47.62408596467734, 77.65632520632325, 4.715687761994239, -39.23313319799338, -190.13952612189732, -135.6720116763216, 464.10491885069206, -26.593258010867693, -48.47664189590887, 94.37501726388642, -0.7598257680480098, -90.87781068359746, 100.06805377258804, 28.15277974424314, 51.14833672404927, -109.06565388358027, -156.218429676341, -36.22494811542449, -245.63142572303326, 23.695564094907922, -120.23810875247237, -179.2154751448207, -222.13377054946758, -242.07982112956125, 121.249090461246, 61.0006294725182, -221.99760267584136, -158.75982646765223, -114.70391187965, -257.3062425321684, -113.87332535766039, -179.63962659403958, -204.64854665124608, -248.14595010386503, -201.94799519151, -197.101847603432, -178.46707732588274, -206.7197303900421, -212.77292942578575, -97.81047040241445, -134.97979007735168, -147.0413032406826, -89.65308130074469, -124.19919568708919, -237.42737389872516, -65.07120369996078, -119.19379515503726, -159.31402505635575, -114.08626854601887, -96.38070804743549, -110.878381314442]",20.111082226312845,0.7116733871822402,0.9876134268699039,9757.427,614.916,10.96,547469.93,37176.607,161.392,11.614,414000,414000,41.01076923076923,15.30153846153846,1.4551915445207286e-12,4.999999873689376e-05,4155.874,-0.0015235618,4155.8755,0.09932937,0.0021762075,0.10010938,0.0
1566.4016636466283,-1683.5974161628808,-505.75742754496326,100.0,60,15,420000,False,4200,70,212f51d07e9840f9afce8433e261ebfd,2020-07-14_16-53-13,1594745593,46.7841374874115,3282.8208825588226,62816,tango5,131.234.250.245,3282.8208825588226,0,70,d74d5_00000,0,-443.9829406242975,815.5882759219829,-84.29290459082723,"[-742.5927367946013, -486.72364075930295, -158.1885030122771, -776.9255208404035, -528.9068242926014, -161.94530335529805, -453.9138639147222, -417.00786243197354, -130.5516869302505, -403.88630612601924, -263.4132119828024, -802.1798327807311, -1104.6079420388373, -995.5134293558099, 587.0210204047555, -199.1705159824431, -741.653271860835, -465.76131978860394, -748.387648747314, -831.6613295011806, -496.16489289476976, -485.01970943392155, -410.3264302983064, -1165.5043318819055, -822.9795713912882, -1208.757511629144, -335.40906640101355, -921.2107073078736, -745.6238050193479, -862.7066807552214, -243.72418878957018, 472.9759242947017, -706.9978644949849, -589.8634610675938, -512.7093635599164, -1072.7474601488282, -504.06393815877016, -886.6045155513375, -437.07106161902345, 17.251419487204537, 1566.4016636466283, -284.0778774371406, -381.70299288918824, -182.83903911086657, -1031.452349624161, -874.6159672387349, -200.7008618880804, 417.6565600379215, -1168.2761070262916, 665.183081547727, -169.0805019622712, 351.11597622160065, 54.662397853303084, -1079.2864778536966, -516.8701972925948, -20.13348211438035, -768.3786083134925, -377.7144557290288, -620.5027392819509, -628.022092628104, -288.60786978565926, -83.84780162979344, -1226.512106202549, -608.395590815401, -651.9281391297103, -628.1252647069695, -63.58354471790704, 468.04586441726735, -1334.1558874310526, 649.8807413858467, -836.5834970210045, -571.2260243559319, -409.3640460915516, -477.3860946550684, 164.30338658110378, -1002.6413589797953, -1465.1005104728497, -853.9006264221817, 263.1604912455082, -1257.920658523678, -598.4400444748752, -513.3249986149037, -500.7297802421938, -1082.0392269044853, -1683.5974161628808, -484.1053315084978, 27.485000087542815, -832.8441858567207, -941.5087885237186, -819.9445056306861, -720.3366422454588, -492.2435984636597, -671.8924310690857, 133.80945067297242, -849.0113860058366, -925.3781867836728, -1087.174376908525, -1305.6850895585194, -186.42931851998267, 163.39765732319577]","[100, 100, 100, 100, 100, 100, 100, 100, 100, 100, 100, 100, 100, 100, 100, 100, 100, 100, 100, 100, 100, 100, 100, 100, 100, 100, 100, 100, 100, 100, 100, 100, 100, 100, 100, 100, 100, 100, 100, 100, 100, 100, 100, 100, 100, 100, 100, 100, 100, 100, 100, 100, 100, 100, 100, 100, 100, 100, 100, 100, 100, 100, 100, 100, 100, 100, 100, 100, 100, 100, 100, 100, 100, 100, 100, 100, 100, 100, 100, 100, 100, 100, 100, 100, 100, 100, 100, 100, 100, 100, 100, 100, 100, 100, 100, 100, 100, 100, 100, 100]","[-135.54202726114315, 84.66143915893085, -242.1012616218199, -301.2986915219639, -34.7073825380378, -113.60481301056701, -131.87366722439435, -88.7506492127016, -178.5734709225288, -24.10731884323397, -70.12310181906929, 6.704567262625284, -133.24408821971193, 30.187860301807127, 15.273469919731294, -133.55980003412196, -103.77476603620636, 166.92882105622468, -183.7782792314165, -66.537075858474, -94.77077811602243, -163.549071106745, -182.59295683760737, -85.69735969013787, 226.41998408484335, -195.57465483206744, -242.4305561235179, -197.5203404643423, -179.56356662664396, 59.762309669126516, -92.63185359381694, 23.096702022226776, 50.10532838277774, -6.1122276782534195, -108.35838327059035, -28.04486921764109, -129.63507500280977, 159.99792484442335, -69.8721688087284, -143.6919092836279, -166.62220666858187, -104.09042899539706, -153.25063014145059, 141.66490937734787, -13.672079748425311, -105.56140095510219, -174.96741017851397, -111.22125078582965, -19.740683940360253, -77.20953387557915, 14.96446664565238, 10.757563763613812, -33.827831729628, -25.495667793949192, -180.310879232822, 34.72264090128476, 132.45925936527675, -39.50246484248849, -199.53108279504332, -151.72377952222706, 108.6773750228356, -107.42584291909765, -47.250048173284725, -253.7373171351213, 89.90915751050662, -53.58653628864141, -153.73891019548736, -329.79944665813616, -23.612788875230983, -63.76297597911767, -120.74162911398149, -110.52408195877662, -89.16262503100963, -232.58802321402752, -180.74757586401898, -230.58763363927423, -110.4365507268147, -261.08553356369293, -121.13703624767828, -171.84711873057117, -141.3577856921421, -165.31098894718127, -201.4373459899224, -194.42315374831523, 157.56393392272608, 129.34230322324177, 43.73841152173249, 28.748210790913376, 65.65695973433881, 161.97120121180254, -71.21733442593383, 14.990334920957663, -11.235157665021884, -13.10547021067584, -138.27435669240802, 19.67146809063857, -243.28546390158823, -203.51929266676544, -233.67417747735925, 81.21713565960773, 72.11073551713075, -214.50220899186252, -168.1119996565606, -73.11016585766217, -114.94789619706847, 183.44442083995926, -257.3778468848278, -35.657832032443785, -115.02704478573442, -122.49299868864634, -96.21643691862576, -98.22056631978838, -86.34987027302422, -230.08073176149648, -169.8904942028791, -67.02306099712285, -147.7426639275179, -171.91428396160993, -160.97480203843395, -114.11602437361616, -19.599122317370774, -108.60679895778023, -218.6954088337854, -72.22103311511297, 40.44413845260937, -117.48666812333047, -213.30970434465993, -134.73437138586593, -116.99236333234052, -93.88653093965647, 8.962214159768752, 64.9410464088327, -13.53663881220187, -93.12248821853458, -143.22825112393343, -118.970604818913, 0.16323813702103063, -41.631685461744055, -167.94114122921715, -204.82383379784557, -171.49863791073363, -227.09581863683803, -205.36948636903642, -188.7754139382346, -57.811010161314236, -145.539187755789, -60.46330291127364, -228.74057182064965, -203.5016481236271, -126.92385061863426, -149.22871830275872, -235.2002869966212, -192.31322022467137, -240.05224153566778, -190.60017307628056, -201.36287149314333, -193.8108324031603, -185.4618413194665, 183.26752151476302, 141.17629716660514, -181.70821855944467, -98.87199280031024, -253.68868904114237, -59.95063870748084, -130.82360409792477, -184.94820823617235, -108.30517675352576, -183.49439047162886, -192.8442791520604, -75.11358918040978, -142.3299861508685, -109.0706149333499, -106.88540313336435, -119.37993246929416, -200.5143406557218, -81.33130888263845, -181.65634239218844, -219.33477362432058, -95.24148605423913, -84.62842914611228, -38.79416101201957, -24.217982924859175, 15.751355259486346, 28.66145651655436, -123.69646013834961, -101.4283964903822, -74.92332223582102, 157.0398181594681, -37.08043302107898, 81.83858493564911, 114.14359346362644, 231.95768299285808, -61.329011224630996, -94.88790529440894, -207.41371233425488, -127.264564409492, -172.78586510993452, -43.3168061222635, -114.00225304030135, -131.8811192560704, -93.5273365843558, -73.80117441024863, -98.64997991820397, -78.00159785841288, -109.63155016542213, -42.51733732979225, -71.50009182623168, -144.6901662096535, -31.226738951444815, -113.1434790773725, -216.26593117812038, -213.29658699260614, -45.316041206015036, -255.0591658478293, -182.00846314221357, -160.80127178204373, -101.5088543430631, -138.95640126879277, 233.27571358500973, -180.72812736107406, -200.51513122303757, -115.63113754781232, -18.02728070203812, -234.8839627150412, -235.20577191609237, -258.67550572761184, -43.196819869332245, -96.61517462122252, -82.90185598690135, -83.09605692376451, -109.6653131302692, -27.485765511214378, -12.115863806485835, -121.80620626038834, -39.8518880454543, -67.11522927880971, -14.898517581486153, 174.5237691548205, -0.5648276209353793, -34.84188714093023, 88.03480117379236, 197.803537896068, 231.53714105061184, 117.91346561758057, 703.4456271592293, 227.66709074934516, -63.79866531813089, -109.93759019966988, -127.05719716371152, -53.28733546623818, 45.15062499708197, 24.852285713527863, -139.53956723010188, -141.0569616895101, -112.28293789623588, 74.32151894270699, -147.51210501858316, 84.36706000253587, 41.216271068908526, 36.80107716528471, -117.50092625750302, -214.34533210110416, 72.6132800064388, -1.6234089928914752, -147.35190739638418, -185.95483767229464, -150.7925292884131, -203.32190429442207, -183.09399101578285, -160.93717995686401, -46.43333678813141, -161.16839444974673, -251.11088624896348, -272.91984902080986, -119.72198345909061, -23.26151727199266, -44.159210365062926, -59.9878654469107, -65.12637657479382, -4.2694015419125595, -49.18045550401315, 22.02244754461242, 12.022533082241361, 34.98099220805958, 143.51653154373454, 133.18144406229052, 91.71194112154168, 2.243118020053399, -222.75281007514442, -199.8430608073413, -159.88657861575422, -139.65780145538002, -206.3827302815785, -239.75312579109172, 815.5882759219829, 13.7094434246583, -12.578232549143044, -85.989519570485, -49.13604033176851, -16.41084534751821, 46.61208747262513, -149.01036018748064, -67.59495860918946, 58.431099866895735, -124.28874974430263, 66.77037923918067, 106.3103980356342, 55.65587221668936, 20.708974964955498, 65.4195333107647, 37.752149080956904, 65.26904861259956, -14.506284251222658, -85.36405242772604, 87.10857664223133, 0.657119785716367, 119.30601094746245, -52.53897284315803, -178.19559919073788, -177.46036835136772, -204.53048530162965, -187.15368756488473, -195.82313715084274, -136.1232002942341, -7.891835387253155, -165.01283085002623, -91.34296615030306, -15.299046128524495, -60.39888630368275, -176.92463247280634, 0.7598545708984119, -32.28497791136828, -55.14175789110123, 25.64117735057876, 65.19067389912198, -24.298452132509706, -147.61905891730092, -63.8399164121513, -201.70934725784744, -212.08274069591118, -139.41660089058914, -3.710944139692419, 65.85912915301991, -171.76494720897236, -91.22361422226393, -35.25688424905947, 62.78253004337451, -208.11066924512744, 7.7923262458137055, -76.79837161777978, -174.7029811468972, -219.0568873954937, -58.67401820375596, -99.06280716383775, -30.45393961722027, -89.02467572833386, -1.4553491295218302, -214.5584168536526, -186.22564787295966, -106.30406342641581, -100.4628369783447, -110.61014561612137, 40.733135316027415, 77.77046078204364, -68.96314749353202, -127.07533579573212, 434.3650734562933, -182.68983017355956, -263.2046436067128, -149.09838267822073, -60.832621066139644, 137.61260243854622, -285.99476157999834, -216.1720584810954, -167.0287535954723, -279.8647519663649, -28.256987534196266, -249.19479304542185, -133.51779874874933, -102.3963009997376, -38.525124567776686, -40.978738164034624, -120.89256009814297, -172.0850682369605, -134.55244315772725, -206.14292559387903, -154.35855867939145, -133.46822612062383, 168.77111880251636, -192.1771043806048, -164.30363667919096, -72.55988640276993, -70.13568128979402, -185.11597065046897, -143.1617275088865, 7.151637824140411, -24.727277706620402, -145.36624628326092, 180.6090351520088, 13.258091535022407, -2.5294055142829275, -84.8277419007739, 13.385561964087765, 159.53250618991902, 47.69091128667932, 94.98692935243317, 149.72804095431283, 2.721914669835362, -174.32357348059526, -212.01508732315438, -386.27670458010135, -123.02150979149478, -184.21441189615393, -254.30460035955386, 172.52055190843828, 510.116984746498, 27.31848197256837, 49.53019182438549, -62.37312921151953, -47.23233985452418, -183.2128389218056, -90.4646188434432, -228.03476740452507, -73.31305874604676, -133.1598184170077, -128.39839468817482, -211.28202552326553, -212.60643208702638, -175.77831150026597, 121.24880476429345, -123.25539349763031, 30.447333487963288, -65.43009816508803, -79.16990922248668, -106.07654436053389, -82.89230079585013, -45.76298045244419, -30.03221309514915, -196.4407351198623, 172.63760378242975, -180.7435346552559, -50.141923469299094, -135.51047647434004, -87.18702871874041, 69.24370935492274, -2.623856877113428, 65.6366969053537, 43.90555593403171, -85.55953287790456, 73.7008141418129, -118.40787228684401, -172.0986561607473, -117.00569921960441, -168.0428814890314, -209.08716003549472, -217.99908978807358, -172.82948266561516, -274.00424205785896, -210.21842312795548, -298.676944960422, -303.84446119962433, -205.52695646137744, -33.31143402501473, -142.33382339370937, -87.65829377294772, -215.0023102614479, -155.68576490374502, -219.90900006531726, 64.12305344220785, -27.43192770137631, 123.54035750523668, -11.79360111517439, 82.90839613944354, 31.814212975171472, -230.41934777230708, -229.84058407298096, -221.96571532947982, -237.4059700154974, -176.31626176264544, -161.9727795707661, -131.50176623600638, -79.03128317075813, -134.1001238155445, -121.40093982466733, -51.84236810768558, -80.56356332021208, -118.22313212421888, -81.0445916380237, -112.57835862745458, -55.57632557305712, -77.17685227066843, -68.72573838148176, -234.29932399940967, 186.39867524174363, -33.57827820416781, -123.45588941668558, -195.92666235471793, -99.86830150895673, -202.7588573381126, -198.4214205208967, -203.18025344748742, -212.4132825493314, -124.06618605780855, -141.19922699084808, -335.14009378186046, -189.01196943329865, -443.9829406242975, -227.42615029446225, -215.7243704575789, -272.3118915713813, 44.519207460514885, -218.26104598998543, -52.190050346016676, -108.07107185526408, -96.29626439778565, -53.806106379960774, -53.171706431357975, 311.17449989419816, -74.8820994746701, 51.9234797359927, -108.78739832215545, -98.77177531446455, -188.56760412496297, -146.67700518471676, -170.21944020669085, 13.822563001384497, -127.11145500633896, -214.0912443353984, -175.37086041097177, -263.8481467384819, -133.8710441608036, -184.4744306774692, -111.94139711419957, -72.00290942179276, -157.0783263351804, -173.55295926882772, -111.79951769666293, -123.0562754638129, -96.2684526944664, -158.18897417173528, -48.21881343677163, -168.89545115745554, -149.8846301809349, -102.52266892000111, -141.4777175733605, -109.33736097693512, -75.98263146450843, -44.54812608532228, -137.0292487998232, -34.805914722155535, -151.0222984456346, -48.85537894621441, -45.944692947060275, -144.96426082545852, -91.53459567146633, -103.14928651250503, -126.42538438607446, -159.87421072652066, 58.849946609274426, 9.379419851343682, 14.682992675893644, 38.26733020498298, -14.448457007768514, 27.07821833924575, -215.21702249450627, -125.99122839357798, -123.98204934798868, -132.47784874565752, -84.02199080578691, -167.32124621831903, -207.01265244146086, -145.12054991808034, -102.15082612955271, -111.5099853750799, -226.17936373549284, -133.404809184005, -226.4414900620462, -156.51490439002072, 52.677031481205304, -230.43721182022847, -228.1022904439952, -298.3555116734399, -298.8845767609519, -196.9661618405029, -70.80228353180402, -276.18511549449175, -262.8423796005543, -200.00457233021845, -79.91130596312894, -105.89766092098004, -9.342205746239634, -47.89890074076835, 37.93957611610885, 18.68117873502503, -8.917648944795205, -55.602206351908194, 281.67918289223434, 5.02865714339737, -68.31618822531428, 9.525860809581893]",20.118807108841242,0.7116560070044293,0.9876176177580969,9736.164,616.259,10.681,561729.62,37173.844,161.404,11.759,420000,420000,40.89692307692308,15.299999999999999,7.275957722603643e-13,4.999999873689376e-05,4427.6494,-0.0018477754,4427.6514,0.09961398,0.002312002,0.09767582,0.0
1566.4016636466283,-1405.5832381120626,-492.45645552418375,100.0,60,15,426000,False,4260,71,212f51d07e9840f9afce8433e261ebfd,2020-07-14_16-54-00,1594745640,47.124454975128174,3329.945337533951,62816,tango5,131.234.250.245,3329.945337533951,0,71,d74d5_00000,0,-382.9814110657765,815.5882759219829,-82.0760759206973,"[-926.8057155349458, -226.74948628574788, 444.8257815698394, -386.75687706863886, 313.32845771112943, -1245.8120320273463, -372.94717828912655, -225.60545600131886, -284.90795656890543, -801.7285776015487, -905.8329662563286, 970.0129823204448, -969.2117905016227, 432.04446375123, -800.1647548462897, 277.73926229329214, -604.1668331152632, 418.99777775224277, -795.2631149086751, 37.413036182332604, -710.8308315588214, -336.87743439794076, 886.3228032592443, -739.1782916424146, 495.21965960073953, -788.3658540069599, -970.8039744834409, -962.0566691390098, -220.1009617728112, -287.7594826854362, -434.2087384671104, -1372.3392115679505, -548.407380047978, -558.5948584698947, -1023.7391025844507, -1176.0924018245037, -300.2997055827868, -873.927824539688, -899.6248247615026, -852.4289904854443, -1405.5832381120626, -1390.0427571240268, -657.7057576626421, -886.3212568464452, -1044.8887365656694, 567.253124209119, -1351.5655125125543, -545.3366527099878, 72.39875604033101, -1194.4877605740412, -209.984584478558, -855.8938119498736, 192.31616732430436, -762.5303396660754, -911.040497648743, -511.7546108539885, -789.0419599657816, -1262.922394290656, -868.432549930618, -938.5048388132849, -496.16489289476976, -485.01970943392155, -410.3264302983064, -1165.5043318819055, -822.9795713912882, -1208.757511629144, -335.40906640101355, -921.2107073078736, -745.6238050193479, -862.7066807552214, -243.72418878957018, 472.9759242947017, -706.9978644949849, -589.8634610675938, -512.7093635599164, -1072.7474601488282, -504.06393815877016, -886.6045155513375, -437.07106161902345, 17.251419487204537, 1566.4016636466283, -284.0778774371406, -381.70299288918824, -182.83903911086657, -1031.452349624161, -874.6159672387349, -200.7008618880804, 417.6565600379215, -1168.2761070262916, 665.183081547727, -169.0805019622712, 351.11597622160065, 54.662397853303084, -1079.2864778536966, -516.8701972925948, -20.13348211438035, -768.3786083134925, -377.7144557290288, -620.5027392819509, -628.022092628104]","[100, 100, 100, 100, 100, 100, 100, 100, 100, 100, 100, 100, 100, 100, 100, 100, 100, 100, 100, 100, 100, 100, 100, 100, 100, 100, 100, 100, 100, 100, 100, 100, 100, 100, 100, 100, 100, 100, 100, 100, 100, 100, 100, 100, 100, 100, 100, 100, 100, 100, 100, 100, 100, 100, 100, 100, 100, 100, 100, 100, 100, 100, 100, 100, 100, 100, 100, 100, 100, 100, 100, 100, 100, 100, 100, 100, 100, 100, 100, 100, 100, 100, 100, 100, 100, 100, 100, 100, 100, 100, 100, 100, 100, 100, 100, 100, 100, 100, 100, 100]","[-174.89613568705755, -270.2611641272148, -201.02264642456228, -60.82105754198635, -280.9555994954653, 61.15088774134156, 149.10830933564657, -200.84862317705404, -187.19227463408748, -92.41244299177592, 198.60681822742708, -94.01127304590489, 264.24337596013453, 9.723162871518753, 33.62849997211614, 163.7865383406876, -0.8420907752420144, -25.713704799377066, -55.538802840795356, 36.485836215186275, -116.3164337745423, -92.20063116839282, -26.41368641647956, -132.77315908361535, 23.035200703293494, 77.07211275040285, -18.811781453134085, 13.983097853869502, 67.47947512193443, 150.57035273476305, -185.27127091528743, -188.3831037475564, -266.79177133659186, -271.48176730078245, -195.7218784492372, -138.16224027789065, -140.26009815311727, -2.5432677847467167, -89.92481102247942, -109.12097466068764, -7.49002632334738, -23.60800034474865, -80.7466627870723, 51.30687599829061, -102.13687650765876, -62.59831324872093, -43.12171272420321, 11.691233268045686, -4.924748079576015, -89.54901279759706, -64.28300563636249, -113.12957718557738, -0.959332860672897, -12.062280009119394, -113.81957458976504, -167.28295147261406, -161.6623065291441, -46.326481181407765, -160.1631692375517, -152.47409459106612, -154.9421183743271, -280.6547947926027, -48.8698702624223, -154.42509191815364, -34.41030342167942, -232.53078748714327, 70.08166939218478, 303.8614144281845, 58.01290501874252, 256.03382070563407, 69.01036171971592, 213.01281105598295, -196.22441603326195, -158.28336134519898, -208.72487613636798, -31.208641248581984, -230.57337136338577, -144.1971243748263, 92.3249479792323, -68.612496233232, 112.53003230099627, 172.4970302569492, -64.69094612385157, 187.99589557113424, -95.10281307271842, -170.1526760411919, -113.34065759499961, -86.63158147169155, -170.761426445982, -164.17560021970596, 92.25616733234997, 125.29933049136562, 79.36375892210356, -61.1527990418799, 64.64479556544754, -22.671990976095454, -199.95348144814733, -61.33704427804839, -95.01529646341173, -170.75117808208267, 6.263196897058518, -83.37302974063077, -89.02165669468255, -28.927416744523658, -67.59225559423635, 205.92190016138028, 197.24660329686702, 201.37060332743712, 6.527430947989169, -165.9122550491189, -180.96563777244856, -106.24378778427558, -179.85814415954675, -168.81072109127365, 183.50197275010888, -131.67253418732963, 126.62477920660072, -154.2222122982347, 161.2583230809368, -148.07729236974887, -231.4122081371727, -134.46698382442463, -173.2530815925276, -205.98662528435776, -18.793885479938268, 53.08195275959994, -159.5857328759145, -34.77033203074751, 84.30778492330035, -140.7256495081063, -23.32879662923893, -62.77470827723365, 207.03310062000688, 9.090206622131491, 43.71982223877268, -4.387313810902543, 607.5863287559725, 23.280658833263026, -173.18526359143107, -33.64298272906731, -77.57497086156289, -162.30186345518567, -125.12137578677782, -167.35183521838974, 72.54104395240721, -10.697969716564256, -53.22801814285987, -48.10437739333557, 453.8775342200738, 80.83144668101815, -235.58193370546326, -51.218669432834496, -89.31375286194475, -226.6610835906418, -37.28438571643261, -148.30602869964258, -186.21806803351473, -202.94305650396808, -96.67462088606844, -107.20445240855872, -148.48006717708554, -229.28370947424588, -168.62942024523423, -240.5222774440101, -101.33965592651602, -116.82411352937659, -232.74789648931304, -101.99330550456045, 171.15874023064546, -5.868612003359635, -89.22789202571303, -95.74642360987383, -144.91552258078377, -55.50125178372573, -68.06339917786829, -33.634428376671835, -61.42565872748591, 2.4466724600589824, -23.723879877221865, -103.3587889862474, -151.9341933934049, -103.43058895064613, -150.54826022547465, -198.16550986677385, 311.43437452293807, -141.56456055374895, -259.7827575976754, -135.89144645171538, -235.87213738278066, -211.07173034252446, -229.99083261909055, -299.73030717416447, 6.290076683552372, -177.840635423588, 0.6093889818832157, -111.22656751876968, -77.79063898962953, -188.44900378142736, -113.35701410068246, -45.838405066614264, -137.57685490759542, -99.62767411267215, -128.30791772019055, -33.886992562139945, -193.40506530601223, -140.81659470521708, -106.41906355808342, -121.25709559265444, -253.82102524013712, -208.02025818234767, -167.81624780725443, -153.50039388839733, -128.2655595814426, -382.9814110657765, -152.9243534500089, -190.60443603162383, 48.70218552974289, -119.70172761506049, -106.14790894574004, 85.05034005266808, -103.38727994571676, -104.81531465868045, -140.30614294395497, -121.98150585425645, -174.65955709638882, -168.29161409563648, -138.2745158077796, -130.41448874167153, -134.22031030556, -160.6497894258676, -166.78339454281326, -41.119210874194415, -208.09617224637083, -188.75594736669595, -180.02073654013608, -290.6997946117256, -35.626926997532586, 19.69509654370176, -229.7067513564151, -136.06987752333978, -165.72981646382215, -102.50310479242599, -267.1938386466709, -305.40579278969034, -322.71754430979155, -242.03314110966025, -192.3482830258958, -354.0825417158859, -207.79923410654803, -254.37102172725832, -186.53273870650688, -194.90893784193136, -55.574819558077046, -173.54713751823616, -100.5210578702128, -110.77081536735902, -196.77193264442096, -20.519994704336103, -173.32699207184575, -119.94946817905976, -141.9194057723833, -290.96645188917415, -190.81072090092476, 30.651781966942664, -205.90318344661546, -198.49649071855413, -119.00864704200819, -237.77295980051815, -158.19169508738787, -125.51576047058605, 210.49667091196798, -28.538728903730576, 43.197738736957454, 32.93917656447861, 3.8664465267711536, 305.29182037267475, -329.11160398326354, -194.46628311537705, -193.22441704719495, -287.2338638172742, -119.25193416654996, -228.2774103828955, -134.00140289146427, -173.42368018375785, -3.5915328661941883, -161.8345427095269, -38.74438404473727, -33.74111001430762, -117.54224738604971, -7.149460269448436, -29.632914259010498, 280.93413970695906, -7.254904245478908, -46.95585750663957, -180.40498757203036, -285.6200489880495, -169.10307572051306, -263.5899956990277, -120.17848754233572, -175.5911650520871, -3.877609713095903, -96.60923695525746, -91.84123832945964, 59.559151616256884, -38.03899742522363, -39.1766536717785, -142.04038338180163, -171.78819054474002, -136.38652227387266, -160.7489163398184, -99.0765941731711, -145.85320523647053, -7.6628087326600856, -4.094406790384111, 17.77763242571451, -37.04730186706923, -16.750715296773603, 240.09376758547697, -73.67802124253747, -222.66974615396222, -62.29285926069054, -152.88636854280296, -142.3235928980979, -108.67975156798424, -97.60422965648299, -201.2685360058981, -184.1251682839856, -162.60993626063484, -186.15507048858478, -79.27755695315697, -129.11929463127845, -181.44997877478326, -167.4516213417265, 106.91994144933857, -179.15265391717793, 38.49899636163905, 5.698813280287673, -170.75411189087552, -201.795108596544, 88.77627963537743, -270.6858186138024, -240.2820137802241, -141.9066566759286, -273.2045856076572, -211.2375736499159, -302.66700230057154, -152.3454071659958, -181.56116889058686, -248.54032882105494, -269.1296128301433, -108.58246662474657, 150.78755789198206, -133.22486916446158, -259.742830382193, -129.3179412269933, -217.60501250172058, -230.75997849464972, -224.75383949108004, 88.90650332120548, -224.97457042004834, -19.599122317370774, -108.60679895778023, -218.6954088337854, -72.22103311511297, 40.44413845260937, -117.48666812333047, -213.30970434465993, -134.73437138586593, -116.99236333234052, -93.88653093965647, 8.962214159768752, 64.9410464088327, -13.53663881220187, -93.12248821853458, -143.22825112393343, -118.970604818913, 0.16323813702103063, -41.631685461744055, -167.94114122921715, -204.82383379784557, -171.49863791073363, -227.09581863683803, -205.36948636903642, -188.7754139382346, -57.811010161314236, -145.539187755789, -60.46330291127364, -228.74057182064965, -203.5016481236271, -126.92385061863426, -149.22871830275872, -235.2002869966212, -192.31322022467137, -240.05224153566778, -190.60017307628056, -201.36287149314333, -193.8108324031603, -185.4618413194665, 183.26752151476302, 141.17629716660514, -181.70821855944467, -98.87199280031024, -253.68868904114237, -59.95063870748084, -130.82360409792477, -184.94820823617235, -108.30517675352576, -183.49439047162886, -192.8442791520604, -75.11358918040978, -142.3299861508685, -109.0706149333499, -106.88540313336435, -119.37993246929416, -200.5143406557218, -81.33130888263845, -181.65634239218844, -219.33477362432058, -95.24148605423913, -84.62842914611228, -38.79416101201957, -24.217982924859175, 15.751355259486346, 28.66145651655436, -123.69646013834961, -101.4283964903822, -74.92332223582102, 157.0398181594681, -37.08043302107898, 81.83858493564911, 114.14359346362644, 231.95768299285808, -61.329011224630996, -94.88790529440894, -207.41371233425488, -127.264564409492, -172.78586510993452, -43.3168061222635, -114.00225304030135, -131.8811192560704, -93.5273365843558, -73.80117441024863, -98.64997991820397, -78.00159785841288, -109.63155016542213, -42.51733732979225, -71.50009182623168, -144.6901662096535, -31.226738951444815, -113.1434790773725, -216.26593117812038, -213.29658699260614, -45.316041206015036, -255.0591658478293, -182.00846314221357, -160.80127178204373, -101.5088543430631, -138.95640126879277, 233.27571358500973, -180.72812736107406, -200.51513122303757, -115.63113754781232, -18.02728070203812, -234.8839627150412, -235.20577191609237, -258.67550572761184, -43.196819869332245, -96.61517462122252, -82.90185598690135, -83.09605692376451, -109.6653131302692, -27.485765511214378, -12.115863806485835, -121.80620626038834, -39.8518880454543, -67.11522927880971, -14.898517581486153, 174.5237691548205, -0.5648276209353793, -34.84188714093023, 88.03480117379236, 197.803537896068, 231.53714105061184, 117.91346561758057, 703.4456271592293, 227.66709074934516, -63.79866531813089, -109.93759019966988, -127.05719716371152, -53.28733546623818, 45.15062499708197, 24.852285713527863, -139.53956723010188, -141.0569616895101, -112.28293789623588, 74.32151894270699, -147.51210501858316, 84.36706000253587, 41.216271068908526, 36.80107716528471, -117.50092625750302, -214.34533210110416, 72.6132800064388, -1.6234089928914752, -147.35190739638418, -185.95483767229464, -150.7925292884131, -203.32190429442207, -183.09399101578285, -160.93717995686401, -46.43333678813141, -161.16839444974673, -251.11088624896348, -272.91984902080986, -119.72198345909061, -23.26151727199266, -44.159210365062926, -59.9878654469107, -65.12637657479382, -4.2694015419125595, -49.18045550401315, 22.02244754461242, 12.022533082241361, 34.98099220805958, 143.51653154373454, 133.18144406229052, 91.71194112154168, 2.243118020053399, -222.75281007514442, -199.8430608073413, -159.88657861575422, -139.65780145538002, -206.3827302815785, -239.75312579109172, 815.5882759219829, 13.7094434246583, -12.578232549143044, -85.989519570485, -49.13604033176851, -16.41084534751821, 46.61208747262513, -149.01036018748064, -67.59495860918946, 58.431099866895735, -124.28874974430263, 66.77037923918067, 106.3103980356342, 55.65587221668936, 20.708974964955498, 65.4195333107647, 37.752149080956904, 65.26904861259956, -14.506284251222658, -85.36405242772604, 87.10857664223133, 0.657119785716367, 119.30601094746245, -52.53897284315803, -178.19559919073788, -177.46036835136772, -204.53048530162965, -187.15368756488473, -195.82313715084274, -136.1232002942341, -7.891835387253155, -165.01283085002623, -91.34296615030306, -15.299046128524495, -60.39888630368275, -176.92463247280634, 0.7598545708984119, -32.28497791136828, -55.14175789110123, 25.64117735057876, 65.19067389912198, -24.298452132509706, -147.61905891730092, -63.8399164121513, -201.70934725784744, -212.08274069591118, -139.41660089058914, -3.710944139692419, 65.85912915301991, -171.76494720897236, -91.22361422226393, -35.25688424905947, 62.78253004337451, -208.11066924512744, 7.7923262458137055, -76.79837161777978, -174.7029811468972, -219.0568873954937, -58.67401820375596, -99.06280716383775, -30.45393961722027, -89.02467572833386, -1.4553491295218302, -214.5584168536526, -186.22564787295966, -106.30406342641581]",20.128303645281672,0.7116235877446059,0.98766165725354,9757.817,614.892,10.728,559282.79,37168.055,161.429,11.874,426000,426000,41.02923076923077,15.30153846153846,3.6379788613018216e-13,4.999999873689376e-05,4484.8765,-0.0013488675,4484.8774,0.11439159,0.0024873044,0.09347596,0.0
886.3228032592443,-1526.8290929269588,-540.4265402255535,100.0,60,15,432000,False,4320,72,212f51d07e9840f9afce8433e261ebfd,2020-07-14_16-54-47,1594745687,47.128560304641724,3377.0738978385925,62816,tango5,131.234.250.245,3377.0738978385925,0,72,d74d5_00000,0,-382.9814110657765,607.5863287559725,-90.07109003759224,"[-541.3378310651893, 159.2275510455361, -810.1202737385033, -722.9684870352476, -97.22284506110863, -0.0749007082922809, -869.88923060309, 289.9353083618931, 498.6750542549167, -1510.339582340215, -1056.1705665864408, -1104.4189669748544, -910.9068337085397, 707.3381961659979, 187.41915610285687, -295.07164343657945, 197.63215892053543, 97.1516595204499, -318.83429175467575, -266.34006590358314, -568.227105809899, -207.98952231722444, -689.9434067607081, 93.71916372799879, -763.5177348212571, -886.8146517831341, -588.9087424202327, 303.20880834183527, -517.9711558210197, -1526.8290929269588, -231.6501208002234, -546.4446032595905, -843.2690300302656, 722.6875575794264, -943.4620228484051, -546.4347063785132, -514.2710800602575, -1195.391298447768, -813.9577234085041, -1484.6022293917931, -188.77622540979846, -463.36780474309046, -598.3774008183195, -1400.0295041062832, -751.1643784405189, -596.1870932690206, 330.57196652195995, -307.9128096135861, -699.2374057420218, 516.1104915135119, -717.982516664426, -321.7260651910644, -661.0946227886456, -513.3409078729053, -27.272688825576452, -188.88871114234084, -979.2163081178531, -193.09604555087438, -574.325841159546, -1162.7917316648966, -710.8308315588214, -336.87743439794076, 886.3228032592443, -739.1782916424146, 495.21965960073953, -788.3658540069599, -970.8039744834409, -962.0566691390098, -220.1009617728112, -287.7594826854362, -434.2087384671104, -1372.3392115679505, -548.407380047978, -558.5948584698947, -1023.7391025844507, -1176.0924018245037, -300.2997055827868, -873.927824539688, -899.6248247615026, -852.4289904854443, -1405.5832381120626, -1390.0427571240268, -657.7057576626421, -886.3212568464452, -1044.8887365656694, 567.253124209119, -1351.5655125125543, -545.3366527099878, 72.39875604033101, -1194.4877605740412, -209.984584478558, -855.8938119498736, 192.31616732430436, -762.5303396660754, -911.040497648743, -511.7546108539885, -789.0419599657816, -1262.922394290656, -868.432549930618, -938.5048388132849]","[100, 100, 100, 100, 100, 100, 100, 100, 100, 100, 100, 100, 100, 100, 100, 100, 100, 100, 100, 100, 100, 100, 100, 100, 100, 100, 100, 100, 100, 100, 100, 100, 100, 100, 100, 100, 100, 100, 100, 100, 100, 100, 100, 100, 100, 100, 100, 100, 100, 100, 100, 100, 100, 100, 100, 100, 100, 100, 100, 100, 100, 100, 100, 100, 100, 100, 100, 100, 100, 100, 100, 100, 100, 100, 100, 100, 100, 100, 100, 100, 100, 100, 100, 100, 100, 100, 100, 100, 100, 100, 100, 100, 100, 100, 100, 100, 100, 100, 100, 100]","[-150.5935327601156, -81.2077743859334, -119.59863480538586, -56.89419696621254, -113.99594854308505, -19.047743604457843, 3.7337243868495795, 64.13500184225053, 66.46952825240356, -9.847240987757894, 72.02144839874589, -37.28491084695442, 38.378722738860816, -268.2485303538097, -102.69572085071279, -223.31677150880412, -150.72267022002043, -103.5153035440172, -52.612059513865304, -202.2215839312644, -4.981808015181495, -222.94998806974837, -70.26114032821904, -169.94190717697006, -23.834265817512392, 129.556509872298, -107.30785636989263, -175.1727120374575, 161.46783335705203, -81.9323540655966, -33.53543101422291, -32.65814986931129, -47.42368281557653, -8.22903547060528, 35.83307961485041, 85.93831884657314, -171.4673441752774, -145.51920795115407, -162.11091725196516, -22.02716750084174, -196.03874060709862, -172.72585311675186, 97.8727871925384, -10.820693975035752, 75.0240686012637, -0.49415884223332984, 96.50218694980535, 31.851118435555115, 34.83511045258586, 12.60502005797327, 158.77595601517675, 114.9053726820902, 195.12666903289355, -17.573073985803283, -273.1641218813032, -363.34781690176305, -224.53320280024354, -199.69682326078052, -239.3406065191484, -210.25701097697774, -147.79268595179624, -303.6234492620593, -242.91377405025858, -247.4969167463973, 89.29540981136455, -203.63915038729436, -161.63500626477338, -226.28104314606148, -134.7194789445477, -238.1870319644718, -192.33638021291804, -151.26002644208063, -109.9105391755819, -159.2449803996724, -241.5076722910068, -135.41099312449808, -87.68724408877438, -177.14540462900578, 508.16764572891714, -124.76288319707011, 18.794394619427376, 8.602713021795946, -110.52545262264584, 407.06177861557245, 120.34465848352028, -90.4947236832755, 71.61599301856937, 131.3008292989124, 41.53788693128687, -86.8854879461566, 4.997179883120552, -100.68590891878351, -130.31461039125344, 48.456449339180786, -54.16304987176992, -63.36170347707421, 18.373249697786317, -0.4688621300693976, 140.74332038934472, 126.65929528620127, -29.03836012740696, -58.6364841953208, 196.93204853986092, -195.90691898435543, -135.33211498458138, -87.6275241868031, 174.81280214758033, 144.27336698874836, -92.07263125034882, 65.13371159034314, -136.11343544876382, -109.82279905020843, 79.44712295754157, -125.40626055323905, -91.93447057376973, -129.30489072563464, -9.16869731584138, -53.16685517669233, -17.77322612065806, 35.00807400901272, -11.976876273764866, -155.30946659453062, 6.4770684234864255, -133.78693562425764, -147.45986802504703, -126.17102771578593, -118.4428101815537, 124.91343328290186, -31.758407399020328, -121.41177652968588, -101.75828954068096, 40.4683280508144, -168.2558870965245, 136.03132152329115, -145.28538328297427, -139.3986563459931, -152.99864139229072, -220.0361601662167, -4.1377251009329195, 15.381730835381758, -30.602570705078946, 26.36344391414992, 46.02663475674651, 40.68765002773221, -104.15423050354575, -125.05261318044298, -200.8489173625113, -119.562527796531, -114.14567379398348, -99.7537721842442, -161.10526585819377, 43.77047892731214, -278.20392973425015, -239.51637178733577, -113.59063311530953, -138.16893021535805, -71.40712109055178, -178.9654502363209, -46.040720893497856, -92.18680103277886, -100.39930137902802, -99.90934778805435, -47.73678158551158, -50.60248041135196, 115.32481574742224, -48.095559173424164, 154.239964747605, 180.0788490170944, -79.0306733500216, -83.46204718182132, -70.06780711528837, -101.59716301911597, -109.47907652552443, -74.33438862924814, -210.88707164502878, -200.64553085930027, -193.92327414951492, -292.9234749872087, -326.8331562310577, -301.6165850548498, -110.63943105569062, 13.98446461834237, -56.35616292062986, -134.65905667440552, 39.598893185632875, 16.421172046526955, -124.76984037305229, -21.133136642664056, -117.67098920376654, -75.50511325392182, -93.21698479359182, -114.14853899259423, -116.43719295355858, -203.33535702048934, -158.3229012941377, -66.24335689584113, -129.9740665841753, -168.95615528206366, 53.078545015572125, 181.98073676579287, 112.89879402549964, 216.31382853034552, 103.81954944988422, 54.59610379233112, 66.21551070617093, -309.51429685560913, -173.6085537200937, -232.1338686471592, -137.2593273613073, -157.16148697040643, -66.6571790548006, -11.816612542544789, -194.05855787038385, 48.496601631560814, -212.4638668076915, -109.93509173465348, -5.812558947331295, 15.946293661272806, -121.59926332711274, -189.45367025479678, -106.04087062330638, -107.31101056898365, -281.4193366502366, -221.03231184325793, -183.41576504528877, -135.98875395263713, -180.75751657413196, -192.7776143822133, -37.501374283655636, -229.5022401470307, -270.7688686403056, -154.66998791571277, -65.41287572540107, -56.102376696398565, -235.21551064960644, -302.4822087464769, -294.6251789978521, -172.46868811191982, -260.5849340092309, -219.22570887670742, -190.96489245780592, -90.09629351071672, 47.076408552955364, -85.28262069586833, 30.707695797732388, 99.78347690390545, -82.5055568746995, -131.683165999153, -95.56707674144309, -14.320236546977387, -18.389136438148487, -120.90263214266764, -114.48155734112052, -117.98679886420683, 40.26521948696464, -4.422911971694987, -100.05222869121434, -301.69912343704624, -156.63731629708894, -255.1187301685742, -279.5067955282381, -177.05421051137836, -261.0844854517972, -270.6279661492068, -77.59490601324468, -202.31312260307016, -68.74759140335965, -229.50480662513007, -163.65285063457142, -9.351101161143875, 21.12740301632344, -173.53855532221104, -185.00641860275272, -38.542321107080994, -219.15823718575854, -1.0689640675398806, 57.82081966476194, -28.528071441207143, -51.20730110328958, 105.90350378336092, 193.1234286994787, 53.459586918855024, 110.85512619635423, -125.76577637063652, 141.91775035271525, -197.7764210863804, -88.05406870919201, -149.089419996447, -98.22990479525467, -65.20212387200606, -20.137348532160406, -56.08995058257676, -209.33148936112312, -250.24658859890022, -2.981681860561906, 9.241525445402187, 259.52430673704447, 10.598263711929024, 214.51605588071635, 25.21202159898168, -64.32445692528738, -149.29386301442037, -165.07243438463632, -79.2001648375964, -109.72818503057728, -150.36341247190876, -87.13697317672326, -151.9275607103474, 45.24990538495607, -92.66948345565665, 61.72859112836485, -96.9705443616579, -139.87718795169357, -170.65828238154288, -109.69013253985683, -58.018377691137864, -109.21547563340374, -73.63516659101072, -57.2151012483909, -102.67970074386898, -25.852608518710483, -188.91277282630313, -124.55990676004856, -14.120817775584872, 70.89995744344802, -6.207418161163811, -51.52216320152523, -12.744316718799965, -19.971853943270037, -7.726894244264981, 34.57588320974449, -48.848765967999725, -24.144131626063405, -23.28616166714463, -106.89357733185591, -20.29195775902219, -73.78383035060023, -125.77500551896296, -190.1743707841753, -181.3933814931306, -190.66132536015118, -217.42839461083338, 133.7589444063603, -126.78476908009326, -67.40367000309413, 90.73956797779387, -58.32719598537878, -165.07892286646276, 1.890194777778131, -98.73018922495426, -63.71707486837525, -82.04521767043258, -160.81022107698192, -170.9133330965815, -185.8471246536892, -280.5607465064591, -139.94885147998056, -228.07540694578933, -153.33213299266112, -175.02746908631534, -231.4122081371727, -134.46698382442463, -173.2530815925276, -205.98662528435776, -18.793885479938268, 53.08195275959994, -159.5857328759145, -34.77033203074751, 84.30778492330035, -140.7256495081063, -23.32879662923893, -62.77470827723365, 207.03310062000688, 9.090206622131491, 43.71982223877268, -4.387313810902543, 607.5863287559725, 23.280658833263026, -173.18526359143107, -33.64298272906731, -77.57497086156289, -162.30186345518567, -125.12137578677782, -167.35183521838974, 72.54104395240721, -10.697969716564256, -53.22801814285987, -48.10437739333557, 453.8775342200738, 80.83144668101815, -235.58193370546326, -51.218669432834496, -89.31375286194475, -226.6610835906418, -37.28438571643261, -148.30602869964258, -186.21806803351473, -202.94305650396808, -96.67462088606844, -107.20445240855872, -148.48006717708554, -229.28370947424588, -168.62942024523423, -240.5222774440101, -101.33965592651602, -116.82411352937659, -232.74789648931304, -101.99330550456045, 171.15874023064546, -5.868612003359635, -89.22789202571303, -95.74642360987383, -144.91552258078377, -55.50125178372573, -68.06339917786829, -33.634428376671835, -61.42565872748591, 2.4466724600589824, -23.723879877221865, -103.3587889862474, -151.9341933934049, -103.43058895064613, -150.54826022547465, -198.16550986677385, 311.43437452293807, -141.56456055374895, -259.7827575976754, -135.89144645171538, -235.87213738278066, -211.07173034252446, -229.99083261909055, -299.73030717416447, 6.290076683552372, -177.840635423588, 0.6093889818832157, -111.22656751876968, -77.79063898962953, -188.44900378142736, -113.35701410068246, -45.838405066614264, -137.57685490759542, -99.62767411267215, -128.30791772019055, -33.886992562139945, -193.40506530601223, -140.81659470521708, -106.41906355808342, -121.25709559265444, -253.82102524013712, -208.02025818234767, -167.81624780725443, -153.50039388839733, -128.2655595814426, -382.9814110657765, -152.9243534500089, -190.60443603162383, 48.70218552974289, -119.70172761506049, -106.14790894574004, 85.05034005266808, -103.38727994571676, -104.81531465868045, -140.30614294395497, -121.98150585425645, -174.65955709638882, -168.29161409563648, -138.2745158077796, -130.41448874167153, -134.22031030556, -160.6497894258676, -166.78339454281326, -41.119210874194415, -208.09617224637083, -188.75594736669595, -180.02073654013608, -290.6997946117256, -35.626926997532586, 19.69509654370176, -229.7067513564151, -136.06987752333978, -165.72981646382215, -102.50310479242599, -267.1938386466709, -305.40579278969034, -322.71754430979155, -242.03314110966025, -192.3482830258958, -354.0825417158859, -207.79923410654803, -254.37102172725832, -186.53273870650688, -194.90893784193136, -55.574819558077046, -173.54713751823616, -100.5210578702128, -110.77081536735902, -196.77193264442096, -20.519994704336103, -173.32699207184575, -119.94946817905976, -141.9194057723833, -290.96645188917415, -190.81072090092476, 30.651781966942664, -205.90318344661546, -198.49649071855413, -119.00864704200819, -237.77295980051815, -158.19169508738787, -125.51576047058605, 210.49667091196798, -28.538728903730576, 43.197738736957454, 32.93917656447861, 3.8664465267711536, 305.29182037267475, -329.11160398326354, -194.46628311537705, -193.22441704719495, -287.2338638172742, -119.25193416654996, -228.2774103828955, -134.00140289146427, -173.42368018375785, -3.5915328661941883, -161.8345427095269, -38.74438404473727, -33.74111001430762, -117.54224738604971, -7.149460269448436, -29.632914259010498, 280.93413970695906, -7.254904245478908, -46.95585750663957, -180.40498757203036, -285.6200489880495, -169.10307572051306, -263.5899956990277, -120.17848754233572, -175.5911650520871, -3.877609713095903, -96.60923695525746, -91.84123832945964, 59.559151616256884, -38.03899742522363, -39.1766536717785, -142.04038338180163, -171.78819054474002, -136.38652227387266, -160.7489163398184, -99.0765941731711, -145.85320523647053, -7.6628087326600856, -4.094406790384111, 17.77763242571451, -37.04730186706923, -16.750715296773603, 240.09376758547697, -73.67802124253747, -222.66974615396222, -62.29285926069054, -152.88636854280296, -142.3235928980979, -108.67975156798424, -97.60422965648299, -201.2685360058981, -184.1251682839856, -162.60993626063484, -186.15507048858478, -79.27755695315697, -129.11929463127845, -181.44997877478326, -167.4516213417265, 106.91994144933857, -179.15265391717793, 38.49899636163905, 5.698813280287673, -170.75411189087552, -201.795108596544, 88.77627963537743, -270.6858186138024, -240.2820137802241, -141.9066566759286, -273.2045856076572, -211.2375736499159, -302.66700230057154, -152.3454071659958, -181.56116889058686, -248.54032882105494, -269.1296128301433, -108.58246662474657, 150.78755789198206, -133.22486916446158, -259.742830382193, -129.3179412269933, -217.60501250172058, -230.75997849464972, -224.75383949108004, 88.90650332120548, -224.97457042004834]",20.14165619326847,0.7116413015926142,0.9876099976109493,9753.161,615.185,10.01,599400.357,37156.241,161.48,11.72,432000,432000,41.016666666666666,15.307575757575755,1.8189894306509108e-13,4.999999873689376e-05,3916.2563,-0.0014780662,3916.2576,0.11748402,0.0018494655,0.09059735,0.0
1426.5312265038726,-1526.8290929269588,-442.05531213436785,100.0,60,15,438000,False,4380,73,212f51d07e9840f9afce8433e261ebfd,2020-07-14_16-55-34,1594745734,46.68521976470947,3423.759117603302,62816,tango5,131.234.250.245,3423.759117603302,0,73,d74d5_00000,0,-343.1642456130397,517.7911085074549,-73.67588535572798,"[-1047.386383448982, -320.66076678454425, -191.9792742730684, -1173.5413408057937, 428.57373406548913, -726.121561369925, -1400.3950088554764, -170.33103567825114, -693.8668128968691, -207.30989124428183, -715.3260681323587, -721.267001364953, -804.9849290930379, -573.5739239898445, -472.5678758941152, 209.10859077412985, -252.6723279294089, 561.538590649447, -1430.4854798568465, 14.207321004901384, -91.33942903037061, -1001.5414844689067, -700.5810257175362, -320.0992887003512, -799.2157923586935, 11.85707093297908, -888.4510920544348, 368.8219117066433, -318.05590104704584, -883.923683717382, -821.3005311723693, -999.2892926230369, 69.57454547125076, -645.0268768099672, -389.31297403909593, 26.979857942752485, -364.65518637299823, 823.3137883121419, -576.4221761025234, 529.8718302046487, 713.765343754549, 1426.5312265038726, -1498.133146002782, -855.5988154062657, 1130.9276740758894, 319.2981010488665, -717.0367413328463, -758.6854847866534, -367.49486067125105, -691.8574749892208, 367.6960266615336, 510.0479778839935, -1416.6838922996892, -1237.8152999372624, 346.39861461357214, -1290.7727120297623, -543.4651732503547, -475.9490181712389, -1116.6398246482001, -144.0522589636637, -568.227105809899, -207.98952231722444, -689.9434067607081, 93.71916372799879, -763.5177348212571, -886.8146517831341, -588.9087424202327, 303.20880834183527, -517.9711558210197, -1526.8290929269588, -231.6501208002234, -546.4446032595905, -843.2690300302656, 722.6875575794264, -943.4620228484051, -546.4347063785132, -514.2710800602575, -1195.391298447768, -813.9577234085041, -1484.6022293917931, -188.77622540979846, -463.36780474309046, -598.3774008183195, -1400.0295041062832, -751.1643784405189, -596.1870932690206, 330.57196652195995, -307.9128096135861, -699.2374057420218, 516.1104915135119, -717.982516664426, -321.7260651910644, -661.0946227886456, -513.3409078729053, -27.272688825576452, -188.88871114234084, -979.2163081178531, -193.09604555087438, -574.325841159546, -1162.7917316648966]","[100, 100, 100, 100, 100, 100, 100, 100, 100, 100, 100, 100, 100, 100, 100, 100, 100, 100, 100, 100, 100, 100, 100, 100, 100, 100, 100, 100, 100, 100, 100, 100, 100, 100, 100, 100, 100, 100, 100, 100, 100, 100, 100, 100, 100, 100, 100, 100, 100, 100, 100, 100, 100, 100, 100, 100, 100, 100, 100, 100, 100, 100, 100, 100, 100, 100, 100, 100, 100, 100, 100, 100, 100, 100, 100, 100, 100, 100, 100, 100, 100, 100, 100, 100, 100, 100, 100, 100, 100, 100, 100, 100, 100, 100, 100, 100, 100, 100, 100, 100]","[-225.32027184616717, -92.46691509408954, -176.32763407882572, -199.35654698702947, -248.7096003795293, -105.20541506334025, 16.634627464876846, -93.74589383977214, -138.24758734328933, 44.9744870130322, -179.37461359366213, 29.098213514269883, -25.152600687536413, 2.9048740039507246, -117.07648472730679, 7.737122857330496, -28.774180539371507, -31.618005180134524, -249.60171516453326, -33.81518097596984, -227.4447328837716, -178.31188031222393, -210.25737915663845, -274.11045231265706, 178.62111390259633, -40.77793196648375, 31.503185263462992, 111.9977241171621, 138.8764000087635, 8.353242739986307, -113.02322215598097, -183.60957504862833, -147.78689061636103, -46.45412876202174, -83.41781307412847, -151.82993171280447, -212.23114839678576, -245.51984993021125, -237.43008331772003, -180.8307875568596, -312.87058133055893, -211.5125583233386, -97.792052923231, 16.95181649782446, 10.291944667189563, 11.317710451490667, -86.65243658172058, -24.44801778980424, -241.81839305038008, -107.7535161701009, -112.35661194295366, -112.3678599808246, -29.789141964965008, -89.78128978764438, -106.30025614983123, 103.50233124556738, -147.99714086653157, -110.72046329931302, -100.54104935193821, 154.7466871777647, -107.05528712453136, -130.9956835448722, -137.87811478464008, -100.44189630375978, -135.31322143641074, -103.64186493814512, -179.60806450876677, -246.987654666275, -32.70495584366248, -97.81285193097305, -147.85389377750383, -16.299580637771953, -182.46642102506777, -145.85214017593947, -118.53498564445181, -109.45241439566708, -74.01330448907888, -174.6656633628326, -22.344135170543083, 63.71612716572637, -184.08291755873202, -137.41142168028497, -187.1129222803088, -106.33865446570275, -112.84058497239634, -73.5281396653714, -41.440597632687435, -46.47587822427442, -116.11185219367565, -82.17082320571038, -76.803618414804, 126.36004608148193, 22.212332656440402, 61.660999527623474, 61.38595359776018, 14.292877325628115, -8.46224428558361, -34.380864532093085, -120.10633327669986, -20.90813820222143, -112.8866357385762, 44.07188810576527, -22.16217103582398, 175.33596879758858, 223.81184420398705, -22.293555336772773, 214.02298487487826, -7.1764808544099505, -194.05951149241923, -217.97470003345552, -215.24744469819035, -233.0694725948823, -310.6066424210763, -259.52770861682376, 3.1603544013655216, 11.84531619440559, -16.271508747327694, -66.89221971945196, 81.2310529227479, 1.1343259531619245, 29.439657561355617, -67.53890749174018, -49.89325071124067, -138.44622874155417, -14.809792915860864, 149.9090932686701, -153.16133457454896, -168.75928195217256, -258.5090696155301, -209.489871812494, -107.793289090518, -103.82863742364356, -258.08650882952975, -106.8647484692221, -42.7756311826779, -228.0528434956359, 19.154202125038026, -83.95549586550895, -75.72706391813206, -77.21727687854093, -66.07619200294933, -46.87577809193731, -56.42070722857241, 2.217729419780709, -77.89383332391792, -83.7936939664408, -138.5108887545622, -187.98612105722776, -132.5181866807503, -178.51306857579465, -97.59622156007279, 61.796471991792814, 228.58543853472935, -117.70974347753584, -92.3634451203556, 29.144570564420853, -219.8143217453462, -140.2749734463184, -205.8481209650322, -121.26719540232305, -240.17200941969793, 38.92552892428284, 63.31763691935693, 137.22855648345282, 70.76346502588558, 71.08360325187272, 22.889669623538136, 3.5389804025378573, -78.37971721874044, -101.32990341398873, -76.47879218586903, -33.109698800984525, 17.483520354438397, -46.24130978190119, -192.14461279611754, -182.91065956809734, -116.58545411005558, -187.8952368579865, -48.600825353960495, -155.78689503116485, -160.86054544820283, -154.86920059458214, -150.8404542396164, -202.70197872276907, -1.9806016736526346, -150.0477504935466, -151.35095439220274, -166.52179760072224, -184.27173476086008, -152.99777576194322, -200.7920362453545, -143.35499386195448, 26.728077484239947, 54.95234182083322, 53.35288611149955, 34.27834089957995, -70.3716053199942, -29.365495524907644, -158.95398236797158, -67.69805172223349, 14.646332342107483, -169.68789122448612, -58.772725548466816, -204.56055828891638, -227.2114586693692, 65.89940147131146, -75.43854862342641, -121.06877742159463, -95.23090981998571, 63.73731902396906, 214.94853347684517, -101.30005525029182, -0.437183659164458, -1.089084146204069, -29.414397569687598, -55.7279549087448, -186.02007178459783, -101.7034643224576, -100.16206603155021, -124.1343368098989, 310.2137260165091, -162.8489734410023, 77.54068525090469, 126.9491085653556, 30.749505900276798, 188.01548011312744, 170.91458368920337, 229.14442479327596, -88.64929236568486, 6.371877489145518, -187.57845693027596, -208.83827445115273, -132.77213133877308, 35.04410149421793, -49.00983159775756, 301.625843113891, 86.82606577105167, 278.8863042534847, -68.37278961272892, -20.0837617232925, 22.65593989146304, 57.667363971960185, 73.2230811305353, 248.73162318444048, 57.553953281725256, 253.93338229442406, 394.49880943165545, 284.1583835901201, 128.5033454509417, 84.84931149860661, 138.24410198863006, 396.2772745439176, -291.04409977455714, -276.19903841769167, -153.69529186692358, -317.3893614107795, -181.21132631499242, -278.5940282178397, -78.86661112449191, -115.91770822798355, -224.6287622393686, -136.03410916135687, -70.81524229736902, -229.3363823556953, 92.13535324950061, 272.623788023956, 129.99038436352848, 209.20672059925292, 138.86854851926861, 288.10287932038244, 140.20186536488617, 47.90109837924582, 37.38075358135721, 52.09208832844437, 30.392537566296795, 11.329757828634905, -181.6616018573412, -63.16301860410897, -122.43611580577439, -144.50130185887164, -51.20464987168113, -154.07005333506925, -228.2034166735827, -103.92743212403418, -148.24132721572278, -102.6536201920752, -22.311711712357344, -153.34797686888143, 119.26013216395692, -86.21060526899247, 30.482029933505995, -210.18644966242476, -87.793619078895, -133.0463487584017, -177.5342655607076, -169.57738732753342, -62.37375611718083, -66.72861061288599, -87.88150581972947, -127.7619495511821, 33.05546485833602, -67.48550923488264, -12.526596515420886, 104.8699798569352, 69.82824280659703, 239.95444488996804, 113.49000154483271, 40.07687177161303, 60.97525989385098, 102.8893477452719, 150.9162512646839, 41.700245663739885, -277.6047731007493, -196.8017910531143, -222.91620198492535, -173.34555618791714, -285.3739435069688, -260.64162646601466, -255.21602233514938, -244.35076012753052, -255.79024096141083, -50.744315951577256, -188.18351931144707, -243.53044125014682, -67.05633191281636, -69.0552212316904, 11.759840694395285, 16.658908117359623, 517.7911085074549, -63.6996895611297, -201.3299557468589, -143.80193914741622, -284.5354032021954, -79.62396322053199, -238.31720509971797, -343.1642456130397, -106.93867866529689, -185.5410709875472, 7.038643306770895, -61.99706963931861, -98.77567876400035, -97.25131850096331, -152.14675757197682, -0.7084413279361643, -165.3517379063954, -91.9961338068948, 34.3207331657664, -100.06668072380121, -207.28170578421555, -223.2848572726042, -193.84622416342629, -107.15836805220036, -201.76613518796685, -183.3025341877859, -48.43113734945322, 59.56590075175311, -75.0363770686814, -95.2347107720416, 71.97434268228409, -56.89027720752492, -11.976876273764866, -155.30946659453062, 6.4770684234864255, -133.78693562425764, -147.45986802504703, -126.17102771578593, -118.4428101815537, 124.91343328290186, -31.758407399020328, -121.41177652968588, -101.75828954068096, 40.4683280508144, -168.2558870965245, 136.03132152329115, -145.28538328297427, -139.3986563459931, -152.99864139229072, -220.0361601662167, -4.1377251009329195, 15.381730835381758, -30.602570705078946, 26.36344391414992, 46.02663475674651, 40.68765002773221, -104.15423050354575, -125.05261318044298, -200.8489173625113, -119.562527796531, -114.14567379398348, -99.7537721842442, -161.10526585819377, 43.77047892731214, -278.20392973425015, -239.51637178733577, -113.59063311530953, -138.16893021535805, -71.40712109055178, -178.9654502363209, -46.040720893497856, -92.18680103277886, -100.39930137902802, -99.90934778805435, -47.73678158551158, -50.60248041135196, 115.32481574742224, -48.095559173424164, 154.239964747605, 180.0788490170944, -79.0306733500216, -83.46204718182132, -70.06780711528837, -101.59716301911597, -109.47907652552443, -74.33438862924814, -210.88707164502878, -200.64553085930027, -193.92327414951492, -292.9234749872087, -326.8331562310577, -301.6165850548498, -110.63943105569062, 13.98446461834237, -56.35616292062986, -134.65905667440552, 39.598893185632875, 16.421172046526955, -124.76984037305229, -21.133136642664056, -117.67098920376654, -75.50511325392182, -93.21698479359182, -114.14853899259423, -116.43719295355858, -203.33535702048934, -158.3229012941377, -66.24335689584113, -129.9740665841753, -168.95615528206366, 53.078545015572125, 181.98073676579287, 112.89879402549964, 216.31382853034552, 103.81954944988422, 54.59610379233112, 66.21551070617093, -309.51429685560913, -173.6085537200937, -232.1338686471592, -137.2593273613073, -157.16148697040643, -66.6571790548006, -11.816612542544789, -194.05855787038385, 48.496601631560814, -212.4638668076915, -109.93509173465348, -5.812558947331295, 15.946293661272806, -121.59926332711274, -189.45367025479678, -106.04087062330638, -107.31101056898365, -281.4193366502366, -221.03231184325793, -183.41576504528877, -135.98875395263713, -180.75751657413196, -192.7776143822133, -37.501374283655636, -229.5022401470307, -270.7688686403056, -154.66998791571277, -65.41287572540107, -56.102376696398565, -235.21551064960644, -302.4822087464769, -294.6251789978521, -172.46868811191982, -260.5849340092309, -219.22570887670742, -190.96489245780592, -90.09629351071672, 47.076408552955364, -85.28262069586833, 30.707695797732388, 99.78347690390545, -82.5055568746995, -131.683165999153, -95.56707674144309, -14.320236546977387, -18.389136438148487, -120.90263214266764, -114.48155734112052, -117.98679886420683, 40.26521948696464, -4.422911971694987, -100.05222869121434, -301.69912343704624, -156.63731629708894, -255.1187301685742, -279.5067955282381, -177.05421051137836, -261.0844854517972, -270.6279661492068, -77.59490601324468, -202.31312260307016, -68.74759140335965, -229.50480662513007, -163.65285063457142, -9.351101161143875, 21.12740301632344, -173.53855532221104, -185.00641860275272, -38.542321107080994, -219.15823718575854, -1.0689640675398806, 57.82081966476194, -28.528071441207143, -51.20730110328958, 105.90350378336092, 193.1234286994787, 53.459586918855024, 110.85512619635423, -125.76577637063652, 141.91775035271525, -197.7764210863804, -88.05406870919201, -149.089419996447, -98.22990479525467, -65.20212387200606, -20.137348532160406, -56.08995058257676, -209.33148936112312, -250.24658859890022, -2.981681860561906, 9.241525445402187, 259.52430673704447, 10.598263711929024, 214.51605588071635, 25.21202159898168, -64.32445692528738, -149.29386301442037, -165.07243438463632, -79.2001648375964, -109.72818503057728, -150.36341247190876, -87.13697317672326, -151.9275607103474, 45.24990538495607, -92.66948345565665, 61.72859112836485, -96.9705443616579, -139.87718795169357, -170.65828238154288, -109.69013253985683, -58.018377691137864, -109.21547563340374, -73.63516659101072, -57.2151012483909, -102.67970074386898, -25.852608518710483, -188.91277282630313, -124.55990676004856, -14.120817775584872, 70.89995744344802, -6.207418161163811, -51.52216320152523, -12.744316718799965, -19.971853943270037, -7.726894244264981, 34.57588320974449, -48.848765967999725, -24.144131626063405, -23.28616166714463, -106.89357733185591, -20.29195775902219, -73.78383035060023, -125.77500551896296, -190.1743707841753, -181.3933814931306, -190.66132536015118, -217.42839461083338, 133.7589444063603, -126.78476908009326, -67.40367000309413, 90.73956797779387, -58.32719598537878, -165.07892286646276, 1.890194777778131, -98.73018922495426, -63.71707486837525, -82.04521767043258, -160.81022107698192, -170.9133330965815, -185.8471246536892, -280.5607465064591, -139.94885147998056, -228.07540694578933, -153.33213299266112, -175.02746908631534]",20.14705567682679,0.7116424873548997,0.9874696321073386,9708.748,617.999,10.012,599269.042,37154.536,161.488,11.774,438000,438000,40.834375,15.299999999999999,9.094947153254554e-14,4.999999873689376e-05,4290.95,-0.0016645188,4290.952,0.12864023,0.002022671,0.09110401,0.0
1426.5312265038726,-1618.5160266488576,-459.0638053959117,100.0,60,15,444000,False,4440,74,212f51d07e9840f9afce8433e261ebfd,2020-07-14_16-56-21,1594745781,46.96129250526428,3470.7204101085663,62816,tango5,131.234.250.245,3470.7204101085663,0,74,d74d5_00000,0,-383.3624477651379,549.8661258755081,-76.51063423265194,"[137.4314404480035, -911.4155719217027, 463.4182009776167, 302.8939513185933, -461.8620875374913, -1618.5160266488576, -560.690391663247, 419.87685472860574, -878.9153529925768, -1310.4576573055117, -800.9592008277295, 18.340363090544248, 190.80665013726707, -815.4898670508553, 250.23911860914708, -1330.440161401019, -883.5667752540608, -904.5362072681562, 268.5021414596136, -486.94367483796793, -823.2759759262691, -47.61927814558523, -255.10712192926604, -280.87273512464003, -1343.6891131499935, -707.1995199679036, -1183.8959731087577, -286.4593413708717, -1337.547046424256, -767.2024908854335, -450.57806264101083, -25.316722374019868, -719.19580802341, -1220.946864187357, 1098.3965110783179, -1064.0704984953154, -891.8902091097425, -621.0527055463824, -1091.1922251663138, -300.5684128265693, -999.2927329491199, -936.424436355946, -182.31263695238087, 29.284504151784866, -645.1869973314583, 45.64909781575574, 421.3435488866871, -865.3350595544418, 304.4512142188921, -772.4454196112335, -553.2697093924736, -917.4714712490612, -292.3541008774549, -1196.530019737104, -395.45663117547736, -488.60201589802665, -1380.4690398982978, -1326.499898254704, -113.4315662279551, -1142.143854343386, -91.33942903037061, -1001.5414844689067, -700.5810257175362, -320.0992887003512, -799.2157923586935, 11.85707093297908, -888.4510920544348, 368.8219117066433, -318.05590104704584, -883.923683717382, -821.3005311723693, -999.2892926230369, 69.57454547125076, -645.0268768099672, -389.31297403909593, 26.979857942752485, -364.65518637299823, 823.3137883121419, -576.4221761025234, 529.8718302046487, 713.765343754549, 1426.5312265038726, -1498.133146002782, -855.5988154062657, 1130.9276740758894, 319.2981010488665, -717.0367413328463, -758.6854847866534, -367.49486067125105, -691.8574749892208, 367.6960266615336, 510.0479778839935, -1416.6838922996892, -1237.8152999372624, 346.39861461357214, -1290.7727120297623, -543.4651732503547, -475.9490181712389, -1116.6398246482001, -144.0522589636637]","[100, 100, 100, 100, 100, 100, 100, 100, 100, 100, 100, 100, 100, 100, 100, 100, 100, 100, 100, 100, 100, 100, 100, 100, 100, 100, 100, 100, 100, 100, 100, 100, 100, 100, 100, 100, 100, 100, 100, 100, 100, 100, 100, 100, 100, 100, 100, 100, 100, 100, 100, 100, 100, 100, 100, 100, 100, 100, 100, 100, 100, 100, 100, 100, 100, 100, 100, 100, 100, 100, 100, 100, 100, 100, 100, 100, 100, 100, 100, 100, 100, 100, 100, 100, 100, 100, 100, 100, 100, 100, 100, 100, 100, 100, 100, 100, 100, 100, 100, 100]","[-36.987908420174264, -81.04193504892291, -29.830112562380563, -85.66187258668546, 94.7875577542951, 276.16571131187226, -206.38273823665574, 71.28273223702986, -125.29213041912926, -312.5234921410576, -126.80292500518557, -211.69701835670557, -57.1575331374735, 95.61371296211661, 131.67827393032815, 20.63742857962003, 6.3763693094869724, 266.2699493335389, -46.651298447277725, 23.793937756472754, 55.449371901068226, 92.11375262745439, 93.70618294443672, 84.48200453643902, -105.23553304503594, -57.335902741368734, -53.12417842245867, -118.9394253433151, -107.56424760705966, -19.66280037825305, -383.3624477651379, -288.7555667658852, -244.48835518610863, -229.37262209880723, -244.60754596221918, -227.92948887069969, -169.6842061655286, -91.34549505888734, -116.44265032425074, 34.78852666914438, -64.63279533274684, -153.37377145097767, 18.52379308369461, 134.07339676251536, 180.4288791792255, 38.575414361940034, 59.16159371214319, -10.8862223709124, -115.77308661546326, -132.85803075008934, -154.5155828610419, -114.69505919054384, -200.95513091244027, -160.118462662997, -226.5878311427021, -141.2329608738007, -242.72114846797254, -224.89291763579257, -318.0619754098025, -156.96082377544127, -88.90132559563894, -91.44640062076303, -143.40727060461637, -136.8871996402161, -130.62529270744386, -209.69171165905075, -77.23296554281971, -101.96902139583591, -93.75135304685497, 5.389167041601139, 381.949843240731, -96.04530720627787, -14.762678841578767, 151.2674878819772, -95.62030348997541, 5.203023832836766, 127.46474599521812, 17.254374758788273, -187.2586640940716, -120.97494241128756, -88.73247546896124, -165.09386036772713, -100.36876066111948, -153.0611640476885, -77.4738794501382, 290.35574777320636, -107.97355153439695, -61.20743571162243, 250.91942672412506, -44.38118919202647, -279.69920372595163, -235.3424664323325, -256.7999742631859, -233.49083077629334, -194.3642109836653, -130.7434752195915, -176.34010742164546, -196.36678921859757, -220.00487467944066, -226.44669974222393, 64.20843411635573, -128.61673830850765, -153.11099926332508, -131.99573650952846, -81.84419501605812, -172.11391698524605, -163.08223321703989, -202.3891262769573, 65.56661731853724, 80.53950581835846, 261.4870100535478, -12.863716175614883, -41.12627807602157, -85.10099747919361, -50.5517324521485, -153.34509611691738, -122.57810247063263, -53.63537938056176, -98.75443049048033, -8.078933927227373, -248.739433150006, -211.65789410161466, 269.21480991405053, -229.06666255519104, -256.865331899167, -146.16146413434072, 65.5195214677058, 59.293101979166266, -42.372821194652595, -97.54198524454135, 41.30062027710471, -73.81771543036834, -241.36031325460405, -54.16945050304311, 0.8705177250116862, -4.687452318854447, -6.263690748199449, 50.50326717042312, -64.12503729786921, -113.5150676513992, -161.26302256436296, -117.82194871373486, 20.06901609755632, 155.78332500516987, -255.79360039190797, -202.15749806455995, -174.05441637791893, -198.17698264048155, -244.0958398016754, -269.41077587344876, -110.28728606494302, -119.872339395022, -211.04408561684644, -210.3017190518102, 71.36430262409239, -127.05839246337521, -284.58911837175833, -139.65650209126275, -193.56639474496663, -196.20169947601298, -292.1852751032905, -77.6969833214659, 9.141690772563237, -125.78206046272749, -14.837386278106967, -85.87935745179466, -73.5760873964972, 4.473859445691289, -131.0780561100964, -284.4350066408578, -244.74484903067113, -281.93367075412453, -200.06637706892886, -195.28908681957654, -122.66789300755724, -219.1414428158955, -24.52595041995081, -209.8025612492217, -96.24323360023317, -94.82140979257439, -51.21469216515278, -83.92208521709857, -211.706083284236, -10.675003676666904, 12.22231157135003, -105.28250986920625, 118.67341422533043, -93.66302352684383, 46.86538428121406, 90.27928033949765, -116.72395959340244, -70.74781809981539, -126.00636556619384, -165.25318943275497, -47.05567162449048, -117.40051386195904, -148.47099152289405, -115.00907601511753, -268.75047028320034, -217.7525279027051, -72.47351866287819, -185.21474903531418, -213.46861927159273, -263.2869790316671, 224.30535256109738, 60.064664179536074, 107.74839894903977, 211.36043499391127, 256.42918173760194, 238.48847865713103, -278.27914600136756, -97.37915250576279, -284.0052897301885, -202.69985130049778, -148.3247974080232, -53.382261549472645, -138.80423888281607, -105.08190843430187, -199.07103438595863, -188.98413243764855, -84.73743543025753, -175.21145953875796, -29.23864153234701, -114.63404753263264, -154.53609814062165, -123.36653849893642, -116.54932427185771, -82.72805556998624, -139.12462128410957, -202.11869574371417, -214.53697702238767, -191.75131582219092, -126.43257528471753, -217.22804000919328, 78.55683316111462, -156.72723699120948, -124.103321489673, 78.53867039342015, -83.55487248441734, -93.27848541580478, -113.35172917585284, -180.5588640697942, -156.09060679282882, -251.00584704868683, -202.04741566608564, -96.23827019587095, 84.81500331844224, -245.4706467235254, -181.1292918792605, -171.19187677442315, -215.88547003137018, -207.56215426580957, -83.9334772437164, 137.75855271785767, -56.5963265120542, -52.73621285220853, -13.14185893302162, -113.66331412923708, 20.615964321550642, 48.498410318293004, 17.692439863257146, 16.41195458220669, -10.830292739953158, -63.10397219356918, -83.75470242646324, -175.6539409834644, -107.7161860256882, -62.6646948996605, -105.25325694241667, -110.14421605376593, -49.69593119480455, -2.6543999339607076, 67.69674040783595, -4.27502040028528, -83.57722650158797, 118.15493543855816, -191.53146335203664, -149.67490259028077, 315.89649600180104, 26.774382491195638, -129.98708953950032, 549.8661258755081, -242.82393882701192, -135.63425036992533, -90.63492779027506, -31.849033242078004, -194.33560029836408, -170.05730902678823, -21.722807148909766, 11.084969731054324, 181.68789555480015, -19.466314741308054, 171.40106856664133, -18.533597743385375, -166.75250892407823, -90.81843796873206, -195.3168735459098, -76.38428210475082, -192.92996404841924, -50.24335301934402, -120.94636649672081, -46.71188101163775, -160.71716458772573, 30.005693592566498, -75.05998793305747, -179.84000295589803, -143.93010494232473, -71.38665671350533, -209.0660253436377, -111.82267840635186, -177.1552226962902, -204.11078314695072, -99.20722082751847, -18.970980613319973, -93.85153131212971, -14.808537932168012, -16.54231686586353, -48.97351332645508, -262.69184706710206, -190.7742390194757, -180.39318792645656, -175.57818440304507, -180.434806327032, -206.65775499399297, -25.992378804406524, -145.71377158952833, 149.36853932306207, -120.62980097294349, -93.99171506260716, -158.4975040690538, -79.84404400203353, -224.64438577850606, 281.5530914725849, -161.92657072121543, -118.99400114920304, -184.746105719652, -210.94915836077536, -226.6104545552654, -148.6793343913464, -197.84321212002885, -275.4138749392219, -320.9730055316592, -138.81085648605733, -299.6615527508039, -175.58050896097325, -211.24281734107754, -248.23233961850772, -252.97182309728618, -35.24506217988885, 15.591963735277497, 44.30337971073668, -67.70864509291245, -43.63046996787998, -26.742732433287987, -143.61974778214432, -223.58779917650975, -263.7679480447154, -77.91453843420656, -152.4989503778515, -280.75487052795893, 29.439657561355617, -67.53890749174018, -49.89325071124067, -138.44622874155417, -14.809792915860864, 149.9090932686701, -153.16133457454896, -168.75928195217256, -258.5090696155301, -209.489871812494, -107.793289090518, -103.82863742364356, -258.08650882952975, -106.8647484692221, -42.7756311826779, -228.0528434956359, 19.154202125038026, -83.95549586550895, -75.72706391813206, -77.21727687854093, -66.07619200294933, -46.87577809193731, -56.42070722857241, 2.217729419780709, -77.89383332391792, -83.7936939664408, -138.5108887545622, -187.98612105722776, -132.5181866807503, -178.51306857579465, -97.59622156007279, 61.796471991792814, 228.58543853472935, -117.70974347753584, -92.3634451203556, 29.144570564420853, -219.8143217453462, -140.2749734463184, -205.8481209650322, -121.26719540232305, -240.17200941969793, 38.92552892428284, 63.31763691935693, 137.22855648345282, 70.76346502588558, 71.08360325187272, 22.889669623538136, 3.5389804025378573, -78.37971721874044, -101.32990341398873, -76.47879218586903, -33.109698800984525, 17.483520354438397, -46.24130978190119, -192.14461279611754, -182.91065956809734, -116.58545411005558, -187.8952368579865, -48.600825353960495, -155.78689503116485, -160.86054544820283, -154.86920059458214, -150.8404542396164, -202.70197872276907, -1.9806016736526346, -150.0477504935466, -151.35095439220274, -166.52179760072224, -184.27173476086008, -152.99777576194322, -200.7920362453545, -143.35499386195448, 26.728077484239947, 54.95234182083322, 53.35288611149955, 34.27834089957995, -70.3716053199942, -29.365495524907644, -158.95398236797158, -67.69805172223349, 14.646332342107483, -169.68789122448612, -58.772725548466816, -204.56055828891638, -227.2114586693692, 65.89940147131146, -75.43854862342641, -121.06877742159463, -95.23090981998571, 63.73731902396906, 214.94853347684517, -101.30005525029182, -0.437183659164458, -1.089084146204069, -29.414397569687598, -55.7279549087448, -186.02007178459783, -101.7034643224576, -100.16206603155021, -124.1343368098989, 310.2137260165091, -162.8489734410023, 77.54068525090469, 126.9491085653556, 30.749505900276798, 188.01548011312744, 170.91458368920337, 229.14442479327596, -88.64929236568486, 6.371877489145518, -187.57845693027596, -208.83827445115273, -132.77213133877308, 35.04410149421793, -49.00983159775756, 301.625843113891, 86.82606577105167, 278.8863042534847, -68.37278961272892, -20.0837617232925, 22.65593989146304, 57.667363971960185, 73.2230811305353, 248.73162318444048, 57.553953281725256, 253.93338229442406, 394.49880943165545, 284.1583835901201, 128.5033454509417, 84.84931149860661, 138.24410198863006, 396.2772745439176, -291.04409977455714, -276.19903841769167, -153.69529186692358, -317.3893614107795, -181.21132631499242, -278.5940282178397, -78.86661112449191, -115.91770822798355, -224.6287622393686, -136.03410916135687, -70.81524229736902, -229.3363823556953, 92.13535324950061, 272.623788023956, 129.99038436352848, 209.20672059925292, 138.86854851926861, 288.10287932038244, 140.20186536488617, 47.90109837924582, 37.38075358135721, 52.09208832844437, 30.392537566296795, 11.329757828634905, -181.6616018573412, -63.16301860410897, -122.43611580577439, -144.50130185887164, -51.20464987168113, -154.07005333506925, -228.2034166735827, -103.92743212403418, -148.24132721572278, -102.6536201920752, -22.311711712357344, -153.34797686888143, 119.26013216395692, -86.21060526899247, 30.482029933505995, -210.18644966242476, -87.793619078895, -133.0463487584017, -177.5342655607076, -169.57738732753342, -62.37375611718083, -66.72861061288599, -87.88150581972947, -127.7619495511821, 33.05546485833602, -67.48550923488264, -12.526596515420886, 104.8699798569352, 69.82824280659703, 239.95444488996804, 113.49000154483271, 40.07687177161303, 60.97525989385098, 102.8893477452719, 150.9162512646839, 41.700245663739885, -277.6047731007493, -196.8017910531143, -222.91620198492535, -173.34555618791714, -285.3739435069688, -260.64162646601466, -255.21602233514938, -244.35076012753052, -255.79024096141083, -50.744315951577256, -188.18351931144707, -243.53044125014682, -67.05633191281636, -69.0552212316904, 11.759840694395285, 16.658908117359623, 517.7911085074549, -63.6996895611297, -201.3299557468589, -143.80193914741622, -284.5354032021954, -79.62396322053199, -238.31720509971797, -343.1642456130397, -106.93867866529689, -185.5410709875472, 7.038643306770895, -61.99706963931861, -98.77567876400035, -97.25131850096331, -152.14675757197682, -0.7084413279361643, -165.3517379063954, -91.9961338068948, 34.3207331657664, -100.06668072380121, -207.28170578421555, -223.2848572726042, -193.84622416342629, -107.15836805220036, -201.76613518796685, -183.3025341877859, -48.43113734945322, 59.56590075175311, -75.0363770686814, -95.2347107720416, 71.97434268228409, -56.89027720752492]",20.150100344643555,0.7115788312309133,0.9872935662184017,9714.153,617.656,10.008,599503.166,37144.294,161.532,11.801,444000,444000,40.90307692307692,15.33076923076923,4.547473576627277e-14,4.999999873689376e-05,3675.6797,-0.0014778989,3675.6812,0.1342934,0.0018970865,0.093640395,0.0
1098.3965110783179,-1577.247543729853,-582.5904509657813,100.0,60,15,450000,False,4500,75,212f51d07e9840f9afce8433e261ebfd,2020-07-14_16-57-08,1594745828,47.040090799331665,3517.760500907898,62816,tango5,131.234.250.245,3517.760500907898,0,75,d74d5_00000,0,-446.95029664948584,549.8661258755081,-97.09840849429689,"[-550.1705361149055, -578.1568780674622, -568.9637907100376, -223.60381652980558, -1577.247543729853, 165.85821435445214, 99.40208230495985, 167.92192105965688, -473.94027281046897, 200.8840731118011, -711.9537051428074, -679.7597228406571, -955.6665464985987, -684.2179604273235, -310.7163744468578, -679.5232036378461, -468.9609649634987, -362.8148523909734, -974.9814647986364, -271.1990547176338, -957.0197112091345, -226.728307931509, -1090.8309710529197, -747.4658391729863, -525.8593918324611, -636.8601131063377, -300.1038285082539, -1106.4859411435405, -199.48852401050019, -1442.4322999863807, -121.00845698571219, -691.0343630471237, -713.4611119098219, -1463.2950012098604, -424.3476013094275, -763.0299461179022, -663.4105416405777, -437.2836558783816, -585.0109319302908, -952.352263589595, -786.0044311463589, -456.8281341205077, -439.1103374130497, -492.1534243489096, -859.1692413706927, -571.1627552418867, -141.39246672848697, -322.75266793175047, 382.3291373456809, -544.8723530115337, -208.47481396399584, -1155.784888458661, 372.7347199972914, -883.505153254818, -700.370518394153, -290.76171666860654, -904.7490881078439, -881.718897251111, -811.6013252175754, -1352.5967246617731, -823.2759759262691, -47.61927814558523, -255.10712192926604, -280.87273512464003, -1343.6891131499935, -707.1995199679036, -1183.8959731087577, -286.4593413708717, -1337.547046424256, -767.2024908854335, -450.57806264101083, -25.316722374019868, -719.19580802341, -1220.946864187357, 1098.3965110783179, -1064.0704984953154, -891.8902091097425, -621.0527055463824, -1091.1922251663138, -300.5684128265693, -999.2927329491199, -936.424436355946, -182.31263695238087, 29.284504151784866, -645.1869973314583, 45.64909781575574, 421.3435488866871, -865.3350595544418, 304.4512142188921, -772.4454196112335, -553.2697093924736, -917.4714712490612, -292.3541008774549, -1196.530019737104, -395.45663117547736, -488.60201589802665, -1380.4690398982978, -1326.499898254704, -113.4315662279551, -1142.143854343386]","[100, 100, 100, 100, 100, 100, 100, 100, 100, 100, 100, 100, 100, 100, 100, 100, 100, 100, 100, 100, 100, 100, 100, 100, 100, 100, 100, 100, 100, 100, 100, 100, 100, 100, 100, 100, 100, 100, 100, 100, 100, 100, 100, 100, 100, 100, 100, 100, 100, 100, 100, 100, 100, 100, 100, 100, 100, 100, 100, 100, 100, 100, 100, 100, 100, 100, 100, 100, 100, 100, 100, 100, 100, 100, 100, 100, 100, 100, 100, 100, 100, 100, 100, 100, 100, 100, 100, 100, 100, 100, 100, 100, 100, 100, 100, 100, 100, 100, 100, 100]","[-195.76989579061174, -115.1757865149723, -44.6560875767893, -43.04017696959912, -92.9784937553744, -58.5500955075592, -49.0103401792924, -182.58133621164652, -64.04836892722462, -91.37021644510762, -73.60950372052137, -117.53711258367032, -77.83758474207065, -127.44102873389504, -68.50321570624646, -55.241687747951275, -168.42496585707437, -71.51530792280028, -52.64393689895476, 10.84809592254318, -94.0327610450429, 10.709508206801296, -59.85261168878541, -38.63211102636704, -247.53757139360124, -234.28815307690653, -269.722731547932, -263.5566726646514, -312.23412981015304, -249.9082852366073, 115.47414268997672, 39.531773857493285, -100.43293539494853, 28.366323848801652, -103.20757917574545, 186.1264885288743, -87.3436608764731, -71.50761451832199, -53.82911303937025, 171.45700686090987, 62.36010712113112, 78.26535675708453, -31.617411395003792, 17.030700849301834, 78.35276344469493, 75.76769548667407, 150.50010163327747, -122.11192895928781, 51.4044291972135, -41.37580372936203, -100.00518733695408, -91.54261406407949, -167.3082287504464, -125.11286812684045, 168.74825767842526, 103.82703698924519, 60.373947885854236, -82.0781172306935, -35.22883591267684, -14.758216298353954, -85.32146036557644, -202.84120568186938, -14.619458801336567, -149.5991578856395, -118.94013708176287, -140.63228532662217, -82.58487475655949, -72.95714867126965, -183.8234959110196, -154.07822565891578, -89.54382579524064, -96.77215204765203, -144.47211494995045, -184.26988144449194, -292.3730406158352, -120.161671527908, -14.54862905991169, -199.84120890050244, -144.5974655751416, -160.8420746407551, -84.03853402864961, -115.23218614822278, -192.1203886356573, 12.6126886011033, -153.56872591220835, -46.859037802083904, -79.20367349405899, -108.10920617036537, 82.82797855409183, -5.80370962223328, -0.3655979503358896, -176.21119623291474, -108.33806415311854, -144.53275462433305, -124.51771403240872, -125.55787664473571, -203.3239334400886, -108.0742780730956, -68.65072177482539, 87.17836177406258, -35.60306812597552, -140.48732532357604, -164.77120038156608, 135.5584266343123, -102.96059118266645, -141.21256952099674, -127.1128918428306, 37.68397390277275, -171.10960155910192, -50.615833363897, -257.02745754492196, -72.24255670955839, -186.39817168120246, -237.58784393995427, -76.4850922914549, -59.63841441245893, -161.7509871179586, -40.4817908335047, 45.58330651615681, 21.57392342158632, -298.7300290341795, -125.94410685174088, -46.09674176574692, -91.58772885729832, -176.71162726752004, -217.94947743264774, -88.69756341798362, -176.85515033139308, -183.6767380547485, -115.21830495476338, 414.93713930215995, -77.21769047478031, -107.52988031425234, -235.36410621554535, -208.40073042750672, -164.10155516660134, -200.91652229605356, -174.51817663296063, -179.3588726847086, -118.27403745018076, -57.992228387705154, -208.9818909223121, -80.65964332903894, -102.19916639903994, -103.36334882597139, 11.46931913218242, -78.16482728962124, -65.70601279806512, -148.35024409117338, -141.74427795981256, -214.0429520146625, 157.9180916323049, -208.52643815019104, -190.14961853728258, -163.95389513350406, -18.105300903002714, -101.98643971370463, -164.56646286642828, 67.29890124056588, -99.6213516836545, -82.2525649609058, 81.02408947587372, -246.88180060272796, -148.12322208734554, -138.89892263351896, -137.53864581039718, -212.05266165049045, -222.99068835905902, -6.5307431086960355, -142.83942496270663, 72.53548523992524, -53.21009404833911, -51.3209588494296, -18.122788281254344, -63.52331206279613, -237.66915274881492, -446.95029664948584, -295.597903182964, -186.4286109853132, -212.26302435700902, 16.206065346362788, 18.920265189556613, 19.90943940710635, -19.049624577777312, -88.05420529647822, -68.9403970544816, -97.29423002805122, -99.43377084557926, -157.20239474302474, -105.1617987826496, -117.83366446674545, -114.10850418107455, -177.00191342258415, -113.41206061934112, -103.85247183097464, -120.08555392289898, -77.93462380991625, -121.17448830410714, -132.30561853116376, -216.6421048300524, -293.23751325965844, -262.5448353064099, -269.19617300447743, -289.36875627809803, -67.92412459664673, -119.89588297714378, -11.563900853932529, -94.38248452618296, -129.65893916893, -0.9222691865911596, -145.67316227163124, -171.38645499257933, -69.60140829410116, -97.11754583086035, -126.8810047442925, -152.37036998443756, -148.75808439375953, -63.36981172322507, -199.64626287235978, -85.87997292638953, -175.95502336884962, 10.198613644006295, -120.97783360416733, -28.342766784383258, -30.438347541097272, -233.039749274815, 3.9087274217017534, -28.39368609562008, -55.43451135442673, 47.90162421075315, -116.67447013853779, -190.57938931738778, -123.98087672445754, -146.24330860623445, -124.63643392321167, -234.55067635716304, -219.60004281733725, -59.608283341678806, -147.01354063822845, -166.9432865119761, -103.69922578392699, -155.18775998673897, -268.7684095253167, -65.94333751674199, 41.84966340003723, -234.25536173367155, 8.550469218845166, -159.93882371495653, -28.08482408404359, -125.75961651538655, -154.4662476900154, 2.870908665049013, -223.55172587029818, -116.11218290639908, -77.1697655699548, 200.22893199289496, -103.08320048671925, -119.42239457257348, -140.1132608836081, 208.16457873895578, -172.3255002957966, -195.69478961307667, -57.99852267103259, -134.18592962435247, -97.09080050229731, -183.56520822635963, -160.20138426897282, -283.1505343476519, 110.84768036539866, -246.00899439080945, -49.014061785746215, -94.73334147400061, -207.41845544625824, -35.074851491818855, -111.49084378149978, -73.4312012625635, 4.459070729932378, -61.81950892387987, 73.0182417007117, -35.16172174691414, 1.5752626755194497, -123.46381116385648, -83.8531231061283, -39.35347193888005, -40.643825096650794, 28.675446319757032, -109.73906719427416, -77.83862691557391, 26.935125636388996, -58.89128816364371, -49.38802910429005, 262.53786206859587, -56.08445268005419, 257.2199195886837, -21.65128418420878, -158.42041881494347, -17.08668277022084, -47.89357674095245, -133.41806286840054, -166.40232763280858, -190.28897782439435, -46.94801530449332, -208.8914186111444, -21.385859775896545, -79.74622882196965, 338.7856863739014, -170.84414432640222, -286.39293688223336, -234.28305884196004, -117.56293981936973, -203.12485462398013, -143.57695396471496, -56.41730328041807, -45.33533724597615, 199.87837700798016, -69.08636681046468, 220.47314229651397, 123.22220802965637, -139.43797770689525, -85.2409468843176, -298.0559478881075, -101.04891620963673, -157.32684714905196, -102.39451741680872, -143.08658398252155, -151.61076764113417, -157.06641284589395, -175.31520055533892, -106.56210750330736, 33.2705541340415, -73.71570463075425, -76.05000667855899, 50.23325858442537, -73.4428318278586, -63.93114102727766, -53.855291088581865, -120.83034013321291, -122.24074139016712, -205.42350020294396, -135.7509502264212, -237.13916533869966, -83.36439081639965, -105.68050879689066, -144.09639129038672, -138.0123534342352, -263.67641287121273, -105.89866945024559, -124.35456140814, -281.1195451124944, -15.633866298961646, -130.09876808847298, 28.845249655257874, -226.991461086999, -186.6029342859064, -261.67916764435586, -267.7776892832379, -141.53191868942312, -188.95468638479338, -288.15763529753207, -204.4956273624318, -248.739433150006, -211.65789410161466, 269.21480991405053, -229.06666255519104, -256.865331899167, -146.16146413434072, 65.5195214677058, 59.293101979166266, -42.372821194652595, -97.54198524454135, 41.30062027710471, -73.81771543036834, -241.36031325460405, -54.16945050304311, 0.8705177250116862, -4.687452318854447, -6.263690748199449, 50.50326717042312, -64.12503729786921, -113.5150676513992, -161.26302256436296, -117.82194871373486, 20.06901609755632, 155.78332500516987, -255.79360039190797, -202.15749806455995, -174.05441637791893, -198.17698264048155, -244.0958398016754, -269.41077587344876, -110.28728606494302, -119.872339395022, -211.04408561684644, -210.3017190518102, 71.36430262409239, -127.05839246337521, -284.58911837175833, -139.65650209126275, -193.56639474496663, -196.20169947601298, -292.1852751032905, -77.6969833214659, 9.141690772563237, -125.78206046272749, -14.837386278106967, -85.87935745179466, -73.5760873964972, 4.473859445691289, -131.0780561100964, -284.4350066408578, -244.74484903067113, -281.93367075412453, -200.06637706892886, -195.28908681957654, -122.66789300755724, -219.1414428158955, -24.52595041995081, -209.8025612492217, -96.24323360023317, -94.82140979257439, -51.21469216515278, -83.92208521709857, -211.706083284236, -10.675003676666904, 12.22231157135003, -105.28250986920625, 118.67341422533043, -93.66302352684383, 46.86538428121406, 90.27928033949765, -116.72395959340244, -70.74781809981539, -126.00636556619384, -165.25318943275497, -47.05567162449048, -117.40051386195904, -148.47099152289405, -115.00907601511753, -268.75047028320034, -217.7525279027051, -72.47351866287819, -185.21474903531418, -213.46861927159273, -263.2869790316671, 224.30535256109738, 60.064664179536074, 107.74839894903977, 211.36043499391127, 256.42918173760194, 238.48847865713103, -278.27914600136756, -97.37915250576279, -284.0052897301885, -202.69985130049778, -148.3247974080232, -53.382261549472645, -138.80423888281607, -105.08190843430187, -199.07103438595863, -188.98413243764855, -84.73743543025753, -175.21145953875796, -29.23864153234701, -114.63404753263264, -154.53609814062165, -123.36653849893642, -116.54932427185771, -82.72805556998624, -139.12462128410957, -202.11869574371417, -214.53697702238767, -191.75131582219092, -126.43257528471753, -217.22804000919328, 78.55683316111462, -156.72723699120948, -124.103321489673, 78.53867039342015, -83.55487248441734, -93.27848541580478, -113.35172917585284, -180.5588640697942, -156.09060679282882, -251.00584704868683, -202.04741566608564, -96.23827019587095, 84.81500331844224, -245.4706467235254, -181.1292918792605, -171.19187677442315, -215.88547003137018, -207.56215426580957, -83.9334772437164, 137.75855271785767, -56.5963265120542, -52.73621285220853, -13.14185893302162, -113.66331412923708, 20.615964321550642, 48.498410318293004, 17.692439863257146, 16.41195458220669, -10.830292739953158, -63.10397219356918, -83.75470242646324, -175.6539409834644, -107.7161860256882, -62.6646948996605, -105.25325694241667, -110.14421605376593, -49.69593119480455, -2.6543999339607076, 67.69674040783595, -4.27502040028528, -83.57722650158797, 118.15493543855816, -191.53146335203664, -149.67490259028077, 315.89649600180104, 26.774382491195638, -129.98708953950032, 549.8661258755081, -242.82393882701192, -135.63425036992533, -90.63492779027506, -31.849033242078004, -194.33560029836408, -170.05730902678823, -21.722807148909766, 11.084969731054324, 181.68789555480015, -19.466314741308054, 171.40106856664133, -18.533597743385375, -166.75250892407823, -90.81843796873206, -195.3168735459098, -76.38428210475082, -192.92996404841924, -50.24335301934402, -120.94636649672081, -46.71188101163775, -160.71716458772573, 30.005693592566498, -75.05998793305747, -179.84000295589803, -143.93010494232473, -71.38665671350533, -209.0660253436377, -111.82267840635186, -177.1552226962902, -204.11078314695072, -99.20722082751847, -18.970980613319973, -93.85153131212971, -14.808537932168012, -16.54231686586353, -48.97351332645508, -262.69184706710206, -190.7742390194757, -180.39318792645656, -175.57818440304507, -180.434806327032, -206.65775499399297, -25.992378804406524, -145.71377158952833, 149.36853932306207, -120.62980097294349, -93.99171506260716, -158.4975040690538, -79.84404400203353, -224.64438577850606, 281.5530914725849, -161.92657072121543, -118.99400114920304, -184.746105719652, -210.94915836077536, -226.6104545552654, -148.6793343913464, -197.84321212002885, -275.4138749392219, -320.9730055316592, -138.81085648605733, -299.6615527508039, -175.58050896097325, -211.24281734107754, -248.23233961850772, -252.97182309728618, -35.24506217988885, 15.591963735277497, 44.30337971073668, -67.70864509291245, -43.63046996787998, -26.742732433287987, -143.61974778214432, -223.58779917650975, -263.7679480447154, -77.91453843420656, -152.4989503778515, -280.75487052795893]",20.1575816999283,0.7114630707303852,0.9871824536366779,9716.362,617.515,10.016,599022.268,37156.516,161.479,11.833,450000,450000,40.895384615384614,15.30153846153846,2.2737367883136385e-14,4.999999873689376e-05,3416.771,-0.0015814503,3416.7722,0.07038924,0.002231873,0.08684634,0.0
605.7366347770586,-1494.5060347343324,-570.2084459818923,100.0,60,15,456000,False,4560,76,212f51d07e9840f9afce8433e261ebfd,2020-07-14_16-57-56,1594745876,47.117733001708984,3564.878233909607,62816,tango5,131.234.250.245,3564.878233909607,0,76,d74d5_00000,0,-446.95029664948584,414.93713930215995,-95.03474099698208,"[-727.5337676784943, -779.0013700500783, -77.29024251965592, -459.29821447831625, -1041.5377548405468, -746.8810777694945, -578.4375501125608, 570.6172730236121, -745.6211308640965, -827.1737403433384, -1028.0494938510576, -663.653984602155, -341.6026077170203, -584.3487889705827, 552.2171521306324, -86.58139883677686, -904.9884340642944, -448.18880992820095, -316.5569061665768, 88.83866832480746, -953.7440204221616, -148.13545694312276, -396.65726950069416, -1019.6637280989241, -1257.869010931172, -497.5197305165512, -1161.58112830549, -156.4878301735238, -502.9084293038326, -712.9374766613577, -1122.4482091980055, 33.36991094998011, -311.7392868433524, -206.95890836371916, -814.7560273876202, -319.6789696604204, -551.4566777972823, 84.65577727627107, 352.3228466571457, 473.8004798380456, -611.5637514069152, -176.89512401816984, -90.38585248360242, -495.7323239038057, -1473.6710201019218, -989.9828584013779, -390.98373857580015, -737.8665039096644, 605.7366347770586, -798.1234824732861, -731.9049394412136, -1494.5060347343324, -879.9536109441569, -374.79266831565855, -1036.2587132881044, -419.65963838077676, -586.1651959064184, -1450.086897645663, -1078.4720919465456, -378.65758086743534, -957.0197112091345, -226.728307931509, -1090.8309710529197, -747.4658391729863, -525.8593918324611, -636.8601131063377, -300.1038285082539, -1106.4859411435405, -199.48852401050019, -1442.4322999863807, -121.00845698571219, -691.0343630471237, -713.4611119098219, -1463.2950012098604, -424.3476013094275, -763.0299461179022, -663.4105416405777, -437.2836558783816, -585.0109319302908, -952.352263589595, -786.0044311463589, -456.8281341205077, -439.1103374130497, -492.1534243489096, -859.1692413706927, -571.1627552418867, -141.39246672848697, -322.75266793175047, 382.3291373456809, -544.8723530115337, -208.47481396399584, -1155.784888458661, 372.7347199972914, -883.505153254818, -700.370518394153, -290.76171666860654, -904.7490881078439, -881.718897251111, -811.6013252175754, -1352.5967246617731]","[100, 100, 100, 100, 100, 100, 100, 100, 100, 100, 100, 100, 100, 100, 100, 100, 100, 100, 100, 100, 100, 100, 100, 100, 100, 100, 100, 100, 100, 100, 100, 100, 100, 100, 100, 100, 100, 100, 100, 100, 100, 100, 100, 100, 100, 100, 100, 100, 100, 100, 100, 100, 100, 100, 100, 100, 100, 100, 100, 100, 100, 100, 100, 100, 100, 100, 100, 100, 100, 100, 100, 100, 100, 100, 100, 100, 100, 100, 100, 100, 100, 100, 100, 100, 100, 100, 100, 100, 100, 100, 100, 100, 100, 100, 100, 100, 100, 100, 100, 100]","[-82.09645064899976, -153.6619075400724, -108.69704116244041, -135.05816218681122, -80.13567494961436, -167.88453119055714, -93.35047122916681, -285.84985804128945, -159.70953837653528, -26.798467570956873, -174.35998073324672, -38.93305409888399, 6.227572426594453, -31.2592965276869, -52.48875454697006, -31.920672283115415, -0.2832557219523044, 32.434164133474546, -184.69233965290033, -60.66194311436489, -53.85559010015237, -7.772426985919132, -196.71534428346004, 44.399429658480535, -300.59620736260956, -154.52086167884613, -107.24776136752178, -153.47730275309056, -135.26151105745532, -190.4341106210243, -185.98560433407437, -76.0917487473081, -162.93072413879733, -67.8949882820862, -92.29947995520095, -161.67853231202866, -64.75525521753787, -54.32540297703114, -181.55891420384643, 41.87238692336489, -187.08992965000567, -132.58043498750482, -58.126738941308865, 160.58935978625618, 64.64935467694875, 8.025777644162314, 392.37471051831096, 3.104809339242108, -134.16633632989877, -38.30950968626482, -157.18740948135834, -140.13080046302633, -87.88622037422829, -187.9408545293196, -240.87927214780103, -181.18639345167696, -141.38579171126264, 20.98996247753429, -123.412599226941, -161.29964628319118, -226.77328748781702, -301.96343448267413, -162.64657822198447, -221.76867448064974, 121.8615226951885, -236.75904187312074, -201.72415142223971, -93.04500255216973, -182.73925170758173, -44.52705057884437, -23.793143055028683, -117.82538528629024, -13.079018013301468, -130.42418189316498, -108.87669443741126, -120.54820447825178, -7.886801410321586, 39.21229251542988, -178.27678005661335, -51.32833384407283, -75.62686676163003, -122.63799137479893, -94.71456278565795, -61.76425414780928, 177.93282164991734, -56.31599034856201, 261.1600652660087, 58.39398651104144, 48.615375875640964, 62.43089317658564, -90.62773570031226, 34.28570956674146, 47.54770511180557, -65.567142227834, -3.879936291576676, -8.339999295600816, -112.57733941812953, -216.90198764580944, -116.76218769614661, -177.91900321032747, -148.6128376633345, -132.21507843054795, 19.439884642982925, -139.77530829459118, -107.31452367092287, -100.78654096630517, -170.03414071969047, 50.281819080326244, 43.08053778521579, -23.52482116829673, -90.46580188238488, -159.7811146915632, -102.73907074632072, 16.873364536772883, -37.22020007326672, 38.40400894855105, 37.517640581802524, 54.43989025389057, 52.618832742376746, -56.92150412854746, -121.69803538917863, -103.48111054400705, -212.03386201620404, -135.7662381546446, -146.84243134215973, -233.92234297596838, -105.15177005634513, -101.99926049674404, 105.27093204852245, -98.12129258648963, 208.78689630800426, -156.92096216007093, 13.338963022062716, -118.31490359927727, -24.808832529478973, -16.748104819646123, -106.85518302960098, -143.26920854475327, -134.80279970811216, -168.39890952829344, -87.87720540820841, -210.00925424980798, -246.99653318787622, -171.57902601662713, -251.27129364788007, -199.64522778968285, -199.38199975451894, -175.50283496102898, -255.11980869048853, -176.94784608757377, -104.41376913038145, 22.56883990906184, 13.169519445230048, -192.59941208733824, -77.79148831256681, -158.4534203405559, -236.58318949945186, -154.4302039697938, -297.54500606522555, -127.58960555146176, -154.34130252282182, -191.09182069673574, -6.725695623117707, -33.30702115763939, -99.36100927604461, 46.109451540217336, -123.73579497651917, 60.53223931957994, -80.40960144096921, -155.79037277831236, -150.13188335040405, -104.28650471157086, -72.86461950802021, 60.57455248544441, -104.92231822281147, -118.78583222634956, -97.66344657816208, -143.98650778405707, -91.1170985447545, -156.4622733052231, -208.43817212848404, -225.82306535529128, -182.4619523765902, -187.6662799134611, -125.44877000890098, -192.60996941527785, -83.88729872098605, -55.53953848514121, -1.160650602040826, 90.06649514746087, 110.73103838316293, -26.840134772475867, 16.744890401983888, -107.95461235033329, 63.44043912916869, -237.1327874730816, 47.491364763952824, -94.32858131504298, -72.98524691283485, -54.49484466126633, -50.60197346960901, -35.941801874877974, 104.65300408502598, -97.58804553015705, -146.5567486721902, -151.5715952812883, -182.59875322479695, -131.74392392498797, -121.46486020020417, -80.82014608415331, -139.7511617472433, 148.7268054495107, 155.5873221758165, -146.27831401487904, -174.93645290639594, -163.02716861722868, -111.05992082398834, 3.3750875822426947, -172.0941519057672, -87.11692173511032, -50.43806855973915, -134.12270235492048, 152.36718237839918, 136.84853660880688, -86.71393696197237, -91.07348173776325, -87.2894303152269, 60.51690730402806, 46.16269401358623, -13.770642049830432, 144.06901260217126, 147.18917508283639, -23.624438130634296, 52.29704513901652, 391.6229323986713, 386.0252757498595, -63.063671472456434, -69.14090135167872, -86.20581277836793, -85.43734270798248, -103.17654138404798, -97.27254712684962, -131.72427810598205, -23.25753748174304, -261.87008014170453, 5.737232833412538, -66.70428739995371, -79.95210915054729, 26.87919164960181, -50.30644640116156, 4.076317719276266, -10.887790435385279, -54.05957756419764, -46.48054324345064, -6.76881821089381, 17.00565231213923, 57.985795559255855, -58.06836133645613, -126.30329229061523, 141.17538458484617, -148.3210083911133, -73.23246871928663, -125.1343565718931, -163.91658251574412, -190.72134242959274, -231.18581717268725, -315.05494034092305, -168.78988857640584, -294.1548353663997, -273.7641962159157, -102.1659205865548, 8.36104204028798, -193.55384275016766, -252.63354800002773, -388.90252413519124, -61.088064969725274, -28.74147678430398, -113.3229537573773, -130.43887112975887, -157.36653828542646, -10.91370675185481, 49.799808132921505, -26.426571395701032, -197.7742244235693, -178.43564435659587, -127.6840217925128, -77.05421609468279, -130.49182584660198, 47.89721330337117, 277.1510510779913, 22.521011887219395, 94.1565256770417, -12.255224995947689, 176.26605782738326, -138.93313367288286, -147.52865409325423, -159.77935002567867, -126.5806564031158, -60.00837393376664, -165.29331434458766, -190.19072912480442, -48.10481173999903, -101.85428993242084, -142.83685526044437, -37.362533415509894, -211.5557199680352, -240.28340358769367, -296.1608439985581, -217.45112895650294, -325.40201109367746, -225.92577906114607, -189.28286803675456, -124.2920350374005, -139.50418847904632, -173.44457630904043, -57.34163741310018, -158.36190362452376, -227.00927008104608, -171.7668082512469, -84.52039161623398, 6.974412838428178, -26.622898216333002, -81.16173006298943, -17.695253007283604, -167.53870846427716, -151.40722691796967, -208.79079822506023, -226.08644272544092, -128.1430119485508, -154.29252500680465, -151.05296951864494, -12.896978756079806, -45.86755024580972, -31.73761148358297, -74.93444119111867, -103.17008718554129, -175.92663710484734, 112.73999864189065, -56.11630196261959, -114.92158891669125, -196.21075985201603, -155.72990671213518, -199.3010701542808, -310.37174547534477, -264.11605920067296, -217.37856380374015, -254.2798287686774, -204.6396302429502, -64.42612794760407, -52.81710505518811, -246.40564098525516, -288.70941601797483, -213.25237349369073, -212.86142844683386, -77.88490844079628, -128.90420646962284, -134.44974532106386, -133.12223106629887, -73.11657246851283, 168.82008289885988, -298.7300290341795, -125.94410685174088, -46.09674176574692, -91.58772885729832, -176.71162726752004, -217.94947743264774, -88.69756341798362, -176.85515033139308, -183.6767380547485, -115.21830495476338, 414.93713930215995, -77.21769047478031, -107.52988031425234, -235.36410621554535, -208.40073042750672, -164.10155516660134, -200.91652229605356, -174.51817663296063, -179.3588726847086, -118.27403745018076, -57.992228387705154, -208.9818909223121, -80.65964332903894, -102.19916639903994, -103.36334882597139, 11.46931913218242, -78.16482728962124, -65.70601279806512, -148.35024409117338, -141.74427795981256, -214.0429520146625, 157.9180916323049, -208.52643815019104, -190.14961853728258, -163.95389513350406, -18.105300903002714, -101.98643971370463, -164.56646286642828, 67.29890124056588, -99.6213516836545, -82.2525649609058, 81.02408947587372, -246.88180060272796, -148.12322208734554, -138.89892263351896, -137.53864581039718, -212.05266165049045, -222.99068835905902, -6.5307431086960355, -142.83942496270663, 72.53548523992524, -53.21009404833911, -51.3209588494296, -18.122788281254344, -63.52331206279613, -237.66915274881492, -446.95029664948584, -295.597903182964, -186.4286109853132, -212.26302435700902, 16.206065346362788, 18.920265189556613, 19.90943940710635, -19.049624577777312, -88.05420529647822, -68.9403970544816, -97.29423002805122, -99.43377084557926, -157.20239474302474, -105.1617987826496, -117.83366446674545, -114.10850418107455, -177.00191342258415, -113.41206061934112, -103.85247183097464, -120.08555392289898, -77.93462380991625, -121.17448830410714, -132.30561853116376, -216.6421048300524, -293.23751325965844, -262.5448353064099, -269.19617300447743, -289.36875627809803, -67.92412459664673, -119.89588297714378, -11.563900853932529, -94.38248452618296, -129.65893916893, -0.9222691865911596, -145.67316227163124, -171.38645499257933, -69.60140829410116, -97.11754583086035, -126.8810047442925, -152.37036998443756, -148.75808439375953, -63.36981172322507, -199.64626287235978, -85.87997292638953, -175.95502336884962, 10.198613644006295, -120.97783360416733, -28.342766784383258, -30.438347541097272, -233.039749274815, 3.9087274217017534, -28.39368609562008, -55.43451135442673, 47.90162421075315, -116.67447013853779, -190.57938931738778, -123.98087672445754, -146.24330860623445, -124.63643392321167, -234.55067635716304, -219.60004281733725, -59.608283341678806, -147.01354063822845, -166.9432865119761, -103.69922578392699, -155.18775998673897, -268.7684095253167, -65.94333751674199, 41.84966340003723, -234.25536173367155, 8.550469218845166, -159.93882371495653, -28.08482408404359, -125.75961651538655, -154.4662476900154, 2.870908665049013, -223.55172587029818, -116.11218290639908, -77.1697655699548, 200.22893199289496, -103.08320048671925, -119.42239457257348, -140.1132608836081, 208.16457873895578, -172.3255002957966, -195.69478961307667, -57.99852267103259, -134.18592962435247, -97.09080050229731, -183.56520822635963, -160.20138426897282, -283.1505343476519, 110.84768036539866, -246.00899439080945, -49.014061785746215, -94.73334147400061, -207.41845544625824, -35.074851491818855, -111.49084378149978, -73.4312012625635, 4.459070729932378, -61.81950892387987, 73.0182417007117, -35.16172174691414, 1.5752626755194497, -123.46381116385648, -83.8531231061283, -39.35347193888005, -40.643825096650794, 28.675446319757032, -109.73906719427416, -77.83862691557391, 26.935125636388996, -58.89128816364371, -49.38802910429005, 262.53786206859587, -56.08445268005419, 257.2199195886837, -21.65128418420878, -158.42041881494347, -17.08668277022084, -47.89357674095245, -133.41806286840054, -166.40232763280858, -190.28897782439435, -46.94801530449332, -208.8914186111444, -21.385859775896545, -79.74622882196965, 338.7856863739014, -170.84414432640222, -286.39293688223336, -234.28305884196004, -117.56293981936973, -203.12485462398013, -143.57695396471496, -56.41730328041807, -45.33533724597615, 199.87837700798016, -69.08636681046468, 220.47314229651397, 123.22220802965637, -139.43797770689525, -85.2409468843176, -298.0559478881075, -101.04891620963673, -157.32684714905196, -102.39451741680872, -143.08658398252155, -151.61076764113417, -157.06641284589395, -175.31520055533892, -106.56210750330736, 33.2705541340415, -73.71570463075425, -76.05000667855899, 50.23325858442537, -73.4428318278586, -63.93114102727766, -53.855291088581865, -120.83034013321291, -122.24074139016712, -205.42350020294396, -135.7509502264212, -237.13916533869966, -83.36439081639965, -105.68050879689066, -144.09639129038672, -138.0123534342352, -263.67641287121273, -105.89866945024559, -124.35456140814, -281.1195451124944, -15.633866298961646, -130.09876808847298, 28.845249655257874, -226.991461086999, -186.6029342859064, -261.67916764435586, -267.7776892832379, -141.53191868942312, -188.95468638479338, -288.15763529753207, -204.4956273624318]",20.16873159437483,0.7114244624088155,0.9871212510636082,9748.206,615.498,10.095,594370.47,37160.817,161.46,11.816,456000,456000,41.08461538461539,15.304615384615381,1.1368683941568192e-14,4.999999873689376e-05,3638.7021,-0.0035536373,3638.706,0.10311828,0.010496679,0.10196272,0.0
1678.8370081028595,-1524.1058458517305,-528.7431766289915,100.0,60,15,462000,False,4620,77,212f51d07e9840f9afce8433e261ebfd,2020-07-14_16-58-43,1594745923,46.827314138412476,3611.7055480480194,62816,tango5,131.234.250.245,3611.7055480480194,0,77,d74d5_00000,0,-388.90252413519124,563.9930598009048,-88.12386277149858,"[-450.97293424349147, 491.8661428656565, -275.168939618642, -748.4544257557326, -191.06730292344542, -203.68835706274558, -195.22704642295017, -852.8356427802566, -792.2840687289554, -824.1963693217323, -320.08089021164943, -405.12009159317074, -1000.6963213632047, -76.07766655392264, 31.909891001654096, 189.3389730688279, -743.3077444782323, 20.84451776712131, -852.9918079910746, -645.6280217250303, -55.61360157100374, -492.64513912083567, -467.0648646288492, -646.035966792876, -390.7525828891817, -594.9633178899272, -1524.1058458517305, -1151.1072801562764, -602.0562947107627, -955.0225349765838, -196.6759260165051, -1075.3524167722499, -934.9602281219434, -530.6304834266344, -768.5964029148092, -58.08504864449208, -1227.5059599372744, -62.470777691166184, -746.0885421055226, -121.1977041244198, 1678.8370081028595, -974.8405620968058, -76.42205683226366, 106.57856149422834, 683.3667457611206, -1274.2377449679636, -598.3029868330899, -200.65548466732767, -1041.937587858645, -827.4365170051922, -422.1488236950112, -1149.399449338142, 483.28567970423796, -744.5158128781461, -1041.5500619625723, -1242.3626141821333, -1234.217946395233, 162.8838539008311, -1186.0653672260369, -750.0889341562603, -953.7440204221616, -148.13545694312276, -396.65726950069416, -1019.6637280989241, -1257.869010931172, -497.5197305165512, -1161.58112830549, -156.4878301735238, -502.9084293038326, -712.9374766613577, -1122.4482091980055, 33.36991094998011, -311.7392868433524, -206.95890836371916, -814.7560273876202, -319.6789696604204, -551.4566777972823, 84.65577727627107, 352.3228466571457, 473.8004798380456, -611.5637514069152, -176.89512401816984, -90.38585248360242, -495.7323239038057, -1473.6710201019218, -989.9828584013779, -390.98373857580015, -737.8665039096644, 605.7366347770586, -798.1234824732861, -731.9049394412136, -1494.5060347343324, -879.9536109441569, -374.79266831565855, -1036.2587132881044, -419.65963838077676, -586.1651959064184, -1450.086897645663, -1078.4720919465456, -378.65758086743534]","[100, 100, 100, 100, 100, 100, 100, 100, 100, 100, 100, 100, 100, 100, 100, 100, 100, 100, 100, 100, 100, 100, 100, 100, 100, 100, 100, 100, 100, 100, 100, 100, 100, 100, 100, 100, 100, 100, 100, 100, 100, 100, 100, 100, 100, 100, 100, 100, 100, 100, 100, 100, 100, 100, 100, 100, 100, 100, 100, 100, 100, 100, 100, 100, 100, 100, 100, 100, 100, 100, 100, 100, 100, 100, 100, 100, 100, 100, 100, 100, 100, 100, 100, 100, 100, 100, 100, 100, 100, 100, 100, 100, 100, 100, 100, 100, 100, 100, 100, 100]","[-129.51824092938674, -171.27999275487304, -51.50191234219507, -144.42860087375823, 36.23675938548966, 9.519053271231522, 67.7262275448612, 5.205301956510019, 171.63505579440601, 64.88919778196528, 51.19060785964865, 131.21975192826474, 9.88336891600638, -96.2346061885694, -59.02337721323812, 39.18180751856746, -164.47555047192486, -4.500582179482579, -118.02429945850918, -131.1125878931629, -270.4254457776254, -147.55105154201027, -31.29833610379944, -50.04270498062567, -46.25200120253171, -12.728432445196074, -72.97688910351037, -95.11018640198618, 98.91993428399812, -62.919728054219135, -167.5857726746216, 122.11950794029596, -93.0364240068164, -29.364891568807852, 24.044684547295432, -59.86546130009147, -85.53128025868068, 6.67559289276425, 11.677531948369005, -102.8763755261043, -46.47311246040958, 21.300596981111624, -166.80019441681623, -58.804099756501856, -159.5525106423659, -84.11022106711425, -190.42161901396665, -193.14699788349222, -49.312674873410394, -189.31436803816035, -92.4817885003504, -182.06609221612356, -19.951458274118142, -259.15768682679175, -130.47564580287488, -222.34239686019168, -217.91955367302458, 36.34887691385819, -164.2163374135922, -125.59131248590862, -74.4450421305502, -175.1472900328573, -120.19126118768419, 86.8933891385965, -184.0971298888102, 146.90644388965606, -153.49970890616206, 16.842916818354976, -145.74556047581717, -113.98305373609932, -78.57002514349931, 69.83533985005212, -195.29168465453213, -267.56569153771517, -65.4832205356893, -221.32302651578212, -15.760105320481406, -235.2725927990033, -91.15823504083971, 27.133142969051434, 99.06503588533435, -42.23241522974698, 30.97930868163479, -99.86450381935663, 125.37728479898746, -71.48443344250347, -123.65468522233736, 61.627460066872935, 140.587660901122, -100.54339610048788, 76.96788453716917, 34.86098873073899, -48.24288039584726, 89.40317616488566, -57.922808041459234, 94.27261207334179, -139.2431234622419, -51.34111762647134, -139.0323879587966, -91.81852410271283, -111.12144159433757, -210.7511497336709, -49.49696581849498, 136.96803373255426, -25.670159058258804, -106.97413881862755, 129.0191994499263, -63.001451719977865, -248.99915388571523, -165.54695487981436, -74.57363064550559, -123.1123196588954, -81.21341943702555, -159.54632948411776, -62.7301955598174, -146.88837585031862, -89.97021078160925, -144.87642509786855, -81.96295281467896, -119.1998616207373, 87.70944825956575, -47.930717429929324, -68.6985098617224, -7.928902693700823, -162.81501875417908, 144.0500989089621, 7.962016769274262, -99.60429487934209, -133.14030483056533, 51.04629509711249, -247.0658911111084, -71.84296016620613, 27.49095653397378, -125.40041793479782, -160.58074089423073, -72.01526652563867, -120.8006988965793, -15.758696911575722, -114.30108519133869, -95.97624495705152, -174.26150633119923, -175.18779921126892, -72.65722484213865, -13.65210625987973, -231.785138865097, -95.16278032516422, -17.595838749559725, 37.45605419357839, -25.161156206519156, -58.503722936419884, -93.09917561376818, -180.63066030809077, -133.6565672382704, 53.739672561864275, -125.27285552016716, -116.04373177149544, -182.50617946173637, -262.3781028855197, -134.426943209813, -332.4339220654822, -315.67598763954953, -296.68471058963013, -194.34347818727278, -196.89660830719797, -197.1946062706641, -288.6329332314696, -194.49307270972088, -79.54658144995211, 47.063174298954415, -218.50395655002814, -135.66178330872665, -106.12443100955916, -114.608955176328, -74.22034296507475, -142.56449592519073, -252.0201815216664, -193.05687947030793, -197.39553964935217, -20.359443335473642, -149.6259950745937, -1.1797622752913917, -72.25170027905003, -8.121103027318107, -7.481945452375097, -69.89246121980823, -37.748953762661976, -54.75765387162206, -161.62023370725794, -272.0296230417596, -160.31159253727253, -166.4106835644621, -260.2226300498759, -222.28153076767254, -129.24753807139678, -73.9794300108876, -101.43199267231725, -154.03271408199646, -253.9870225176725, -200.16252104497462, -133.07959549459918, -6.636244647353604, -105.09918047421148, 65.2979862349686, -150.950928000463, -105.97441153254886, -224.2779401462191, -22.7376834578352, -208.08943614696545, -16.83278508988442, -190.6841465413563, 179.11222809069952, -71.71685109742205, -15.336651648099966, -40.00802103354526, -119.08215601261956, 8.946403056495038, -171.26792600176898, -183.67561997157932, -293.62676110057134, -201.31808827190906, -195.38079252516508, -182.23677206627832, -95.83278378438264, 49.827707609158516, 185.13666556104644, -124.5961516071191, -50.67177326940513, -26.334442200463734, -70.11583789487935, -131.88364637307205, -102.3967419723791, -127.30239236998646, -189.8471157953023, -124.54280769990433, -27.14092796829659, 170.48380178677124, -73.50628657412773, -72.00773787684729, -45.49754355724251, -73.52900993467675, 436.13587985638173, 202.4242338173268, 29.439974151274328, 110.95337570459257, 450.5949253665203, 449.2886192067598, -271.1747983107878, -125.8856228136051, -91.45447695826577, -142.97729481358053, -180.8553173772813, -162.4930518232846, 31.82294210233269, -87.60190791723757, 5.835914187384981, -61.941908675569806, 34.71572408129502, 0.7471793895312917, -3.508609685143771, -55.69840204443137, -75.74412835049537, 217.4738657161669, -39.25110974416197, 63.306945602293666, 188.25261660227508, 172.62609685359598, -16.67904172413754, -88.94767127637162, 209.86489968197463, 218.2498456237843, -258.65464949968685, -316.1696339057651, -191.41172213394924, -88.75822148351818, -243.7253675215241, -175.51815042351694, -23.645798518496047, -58.37124675665986, -170.85060276531178, -47.33712689349342, -251.33685989988368, -46.76135199924417, -18.703017302040777, 26.728946045688154, -89.6036772640438, 21.85291242919666, -103.81603796287715, -37.1146106132508, -155.6793270556536, -174.24440856247912, -111.85398490009665, -250.75685053814226, -170.04712582447712, -179.35589097779746, -165.7439921001021, -144.19235968287222, -170.03132263878743, -144.91014828641173, -134.67212076272557, -67.88657353429267, -113.87276396088828, -69.54803765983925, -60.876710427032215, -54.432427008100206, 3.2000388047614967, -126.6189234439128, -155.88169239812387, -120.43110235086526, -189.25054156430915, -216.86170689330217, -261.8284209108801, -205.14598522066078, 38.11867207734555, 366.28701827185427, 26.35477309481179, -12.347167372996935, 59.92963927292013, 4.942744360303824, -125.47869867206772, -179.00806297727792, -103.95839597891674, -35.46968400168555, -157.7364080629834, -142.86456318521553, -112.96657554054602, -154.35966797065865, -132.943815813162, -86.44428437805637, -271.8579283038919, -282.97778995625606, -225.40601260909852, -259.3267220896454, -252.38331648252188, -154.45864196502194, -164.9658774938214, -185.82204354202466, -170.31548161628373, -244.5916105922726, -195.55771114253193, -221.8094623637401, -198.27296306996547, -203.6707176104381, -108.3608564707477, 11.179668518930182, -164.53377886768519, -27.21690733249885, 563.9930598009048, -112.17733174807199, -321.1958172510988, 52.83679338432468, -219.30765044868224, -302.4958752285185, -189.59250537539694, -206.31031230666602, -61.58942677951164, -110.5654660482466, -121.6097969801587, -226.15752602090603, -27.749821512549413, -202.41689681488893, -121.69803538917863, -103.48111054400705, -212.03386201620404, -135.7662381546446, -146.84243134215973, -233.92234297596838, -105.15177005634513, -101.99926049674404, 105.27093204852245, -98.12129258648963, 208.78689630800426, -156.92096216007093, 13.338963022062716, -118.31490359927727, -24.808832529478973, -16.748104819646123, -106.85518302960098, -143.26920854475327, -134.80279970811216, -168.39890952829344, -87.87720540820841, -210.00925424980798, -246.99653318787622, -171.57902601662713, -251.27129364788007, -199.64522778968285, -199.38199975451894, -175.50283496102898, -255.11980869048853, -176.94784608757377, -104.41376913038145, 22.56883990906184, 13.169519445230048, -192.59941208733824, -77.79148831256681, -158.4534203405559, -236.58318949945186, -154.4302039697938, -297.54500606522555, -127.58960555146176, -154.34130252282182, -191.09182069673574, -6.725695623117707, -33.30702115763939, -99.36100927604461, 46.109451540217336, -123.73579497651917, 60.53223931957994, -80.40960144096921, -155.79037277831236, -150.13188335040405, -104.28650471157086, -72.86461950802021, 60.57455248544441, -104.92231822281147, -118.78583222634956, -97.66344657816208, -143.98650778405707, -91.1170985447545, -156.4622733052231, -208.43817212848404, -225.82306535529128, -182.4619523765902, -187.6662799134611, -125.44877000890098, -192.60996941527785, -83.88729872098605, -55.53953848514121, -1.160650602040826, 90.06649514746087, 110.73103838316293, -26.840134772475867, 16.744890401983888, -107.95461235033329, 63.44043912916869, -237.1327874730816, 47.491364763952824, -94.32858131504298, -72.98524691283485, -54.49484466126633, -50.60197346960901, -35.941801874877974, 104.65300408502598, -97.58804553015705, -146.5567486721902, -151.5715952812883, -182.59875322479695, -131.74392392498797, -121.46486020020417, -80.82014608415331, -139.7511617472433, 148.7268054495107, 155.5873221758165, -146.27831401487904, -174.93645290639594, -163.02716861722868, -111.05992082398834, 3.3750875822426947, -172.0941519057672, -87.11692173511032, -50.43806855973915, -134.12270235492048, 152.36718237839918, 136.84853660880688, -86.71393696197237, -91.07348173776325, -87.2894303152269, 60.51690730402806, 46.16269401358623, -13.770642049830432, 144.06901260217126, 147.18917508283639, -23.624438130634296, 52.29704513901652, 391.6229323986713, 386.0252757498595, -63.063671472456434, -69.14090135167872, -86.20581277836793, -85.43734270798248, -103.17654138404798, -97.27254712684962, -131.72427810598205, -23.25753748174304, -261.87008014170453, 5.737232833412538, -66.70428739995371, -79.95210915054729, 26.87919164960181, -50.30644640116156, 4.076317719276266, -10.887790435385279, -54.05957756419764, -46.48054324345064, -6.76881821089381, 17.00565231213923, 57.985795559255855, -58.06836133645613, -126.30329229061523, 141.17538458484617, -148.3210083911133, -73.23246871928663, -125.1343565718931, -163.91658251574412, -190.72134242959274, -231.18581717268725, -315.05494034092305, -168.78988857640584, -294.1548353663997, -273.7641962159157, -102.1659205865548, 8.36104204028798, -193.55384275016766, -252.63354800002773, -388.90252413519124, -61.088064969725274, -28.74147678430398, -113.3229537573773, -130.43887112975887, -157.36653828542646, -10.91370675185481, 49.799808132921505, -26.426571395701032, -197.7742244235693, -178.43564435659587, -127.6840217925128, -77.05421609468279, -130.49182584660198, 47.89721330337117, 277.1510510779913, 22.521011887219395, 94.1565256770417, -12.255224995947689, 176.26605782738326, -138.93313367288286, -147.52865409325423, -159.77935002567867, -126.5806564031158, -60.00837393376664, -165.29331434458766, -190.19072912480442, -48.10481173999903, -101.85428993242084, -142.83685526044437, -37.362533415509894, -211.5557199680352, -240.28340358769367, -296.1608439985581, -217.45112895650294, -325.40201109367746, -225.92577906114607, -189.28286803675456, -124.2920350374005, -139.50418847904632, -173.44457630904043, -57.34163741310018, -158.36190362452376, -227.00927008104608, -171.7668082512469, -84.52039161623398, 6.974412838428178, -26.622898216333002, -81.16173006298943, -17.695253007283604, -167.53870846427716, -151.40722691796967, -208.79079822506023, -226.08644272544092, -128.1430119485508, -154.29252500680465, -151.05296951864494, -12.896978756079806, -45.86755024580972, -31.73761148358297, -74.93444119111867, -103.17008718554129, -175.92663710484734, 112.73999864189065, -56.11630196261959, -114.92158891669125, -196.21075985201603, -155.72990671213518, -199.3010701542808, -310.37174547534477, -264.11605920067296, -217.37856380374015, -254.2798287686774, -204.6396302429502, -64.42612794760407, -52.81710505518811, -246.40564098525516, -288.70941601797483, -213.25237349369073, -212.86142844683386, -77.88490844079628, -128.90420646962284, -134.44974532106386, -133.12223106629887, -73.11657246851283, 168.82008289885988]",20.17635045340439,0.7113273899601438,0.9870274464316168,9744.347,615.742,10.082,595146.375,37173.644,161.405,11.645,462000,462000,40.86769230769231,15.310769230769228,1.1368683941568192e-14,4.999999873689376e-05,4258.973,-0.0018846734,4258.975,0.09366401,0.0026657232,0.109166056,0.0
1678.8370081028595,-1557.207106249645,-604.0439012772626,100.0,60,15,468000,False,4680,78,212f51d07e9840f9afce8433e261ebfd,2020-07-14_16-59-30,1594745970,47.118197202682495,3658.823745250702,62816,tango5,131.234.250.245,3658.823745250702,0,78,d74d5_00000,0,-388.7335157282212,563.9930598009048,-100.67398354621042,"[-898.5765677636824, -709.4183044423077, -940.4668356760866, -464.60458729976983, -1123.9769960762603, -730.3844839713365, -33.94866669144597, -807.3842064805409, -886.6131261634408, -455.3138950341943, -1075.1170235908585, -272.1675666187157, -39.29168082381774, 30.679749492987114, 67.15144751895286, -1234.773362731263, -165.36577263770707, -1359.5170831925316, -483.9738770468127, -19.540255206761262, -1081.874264017093, -515.1366089590715, -667.1350716338469, 556.5588139571305, -261.5968664657709, -1557.207106249645, -858.7330027201912, -47.00333928343742, -280.460389837712, -1301.3789188136702, -1107.0054597568578, -1418.948657734164, -533.5860954733215, -496.6763685301504, 171.05723685594822, -1420.6285674252454, -619.2134331010232, -957.2641326062653, -280.4421851664281, -502.17943896757833, -681.4913862206851, -848.6758301486168, -790.6271983021807, -996.8995278717184, -233.3413253505685, -45.998360189808785, -538.7311269052922, -851.9131976137262, -177.42706662848911, -939.3464879731197, -246.52622127325964, -1167.7695817607428, -356.89659781110316, -700.1783388869366, -952.8782931119866, -804.6902650113234, -483.66781798745166, -673.9481710140444, -1279.6918674526696, -602.0734963739588, -55.61360157100374, -492.64513912083567, -467.0648646288492, -646.035966792876, -390.7525828891817, -594.9633178899272, -1524.1058458517305, -1151.1072801562764, -602.0562947107627, -955.0225349765838, -196.6759260165051, -1075.3524167722499, -934.9602281219434, -530.6304834266344, -768.5964029148092, -58.08504864449208, -1227.5059599372744, -62.470777691166184, -746.0885421055226, -121.1977041244198, 1678.8370081028595, -974.8405620968058, -76.42205683226366, 106.57856149422834, 683.3667457611206, -1274.2377449679636, -598.3029868330899, -200.65548466732767, -1041.937587858645, -827.4365170051922, -422.1488236950112, -1149.399449338142, 483.28567970423796, -744.5158128781461, -1041.5500619625723, -1242.3626141821333, -1234.217946395233, 162.8838539008311, -1186.0653672260369, -750.0889341562603]","[100, 100, 100, 100, 100, 100, 100, 100, 100, 100, 100, 100, 100, 100, 100, 100, 100, 100, 100, 100, 100, 100, 100, 100, 100, 100, 100, 100, 100, 100, 100, 100, 100, 100, 100, 100, 100, 100, 100, 100, 100, 100, 100, 100, 100, 100, 100, 100, 100, 100, 100, 100, 100, 100, 100, 100, 100, 100, 100, 100, 100, 100, 100, 100, 100, 100, 100, 100, 100, 100, 100, 100, 100, 100, 100, 100, 100, 100, 100, 100, 100, 100, 100, 100, 100, 100, 100, 100, 100, 100, 100, 100, 100, 100, 100, 100, 100, 100, 100, 100]","[-179.9063158137423, -103.8465621360181, -166.7127499899954, -99.19498638200477, -160.5599462360522, -188.35600720586956, -121.37132104460514, -101.03234844433679, -129.65543783219894, -145.4090049023231, -137.58161781557232, -74.36857440327051, -110.53908285047994, -207.19955537245298, -102.23467892753824, -165.48886649922562, -168.41210931542096, -186.59254271096745, -91.21434892669788, -65.73076623907843, -61.95870532560754, -136.15259647367526, -116.44494742564692, 6.896777090936249, -104.10499153981775, -148.99901853382906, -160.29048015477346, -112.25030221651912, -342.63948426075586, -255.69271937056635, -162.48424301944178, -47.687877117653244, -95.9355130310089, -104.64232791957657, -115.10039766927012, -204.53412521438565, -29.950309787270825, -6.700322296848232, -23.0167981415475, 15.164413403504302, -0.8909763500991172, 11.445326480814321, -109.6133690785968, -216.8957567839862, -60.9585027071675, -216.88445069563787, -109.53073329029534, -93.50139392485784, -80.41806075514853, -173.0342426129103, -157.13280094248424, -177.94343077791484, -105.09916873315922, -192.98542234182474, -124.32222288278797, -81.56729621480352, -82.01513833884843, 101.2589114235437, -134.9233108891027, -133.74483813219533, -311.36016800521156, -150.95708819426605, -148.75958416983204, -134.92229337461598, -180.58286117398995, -148.53502867294372, -50.08437714841692, 6.224811434168502, -51.99769232189303, -16.85136432240694, -32.85222417023186, -126.60672008993507, 58.017914683356445, -76.73969091064832, -39.7613796217042, -77.30932987259385, 49.40049058951674, 47.10031430825541, 245.52771534781945, -33.41643577768859, -135.38330576886747, -90.40541376408662, 111.56224600943273, -67.20505655362265, 44.982102839224694, -120.86104203375672, -17.853107831311647, 87.24795231596715, 19.965146588288192, 53.67039564054068, -177.00367205634336, -249.5641444417518, -237.8194204031396, -204.57054474757317, -221.36305188157328, -144.45252920088018, 23.001466489197295, 104.55346654957862, -66.9059029974161, -196.85601543095336, 4.926946144923569, -34.08573339303712, -231.85268477190147, -246.6205437893461, -205.96396403943388, -207.52937110393012, -286.94793508532035, -180.60258440259946, -229.18558852553056, -35.280833739590726, -4.473591871277507, -18.885360622498762, -129.9597352995016, -66.18876698841378, -12.805132202898871, -66.88494729652183, 11.087154146828006, -59.13629358186243, -65.83988717668477, 174.03885090437876, -157.40118693256613, -113.40893656173873, -232.64223504439704, -327.3691319124796, -132.20473859837742, -118.84803496753533, -125.52515471304275, -163.55285742434108, -89.77377181377709, -132.54882889298972, -26.35154088228155, 22.61554476736098, -113.75005562782763, -185.10384205291243, -133.76018674923682, -76.14627276643083, -22.682551637540545, -135.69216279989845, 102.8725088243498, 125.59733411549395, 153.32099726853383, 67.35102062145769, 26.325258228450323, 81.09169489884454, -74.66538648425883, -54.737166136180484, 11.270738765660429, -70.88003812326407, -36.72050279597824, -35.86451169175002, -278.7960070361011, -292.48260141367854, -178.91698663561496, -333.4116317872574, -213.20378426360327, -260.3960951133907, -219.3952587837755, -134.99062194104204, -157.28040973368587, -181.74101359945254, -163.47985362630735, -1.845845035926608, 41.18184115020387, 104.71588258185412, 90.67255672039315, 28.962857515525926, -192.17375115761993, -120.36272609379498, 12.348455849613604, -146.64791175594084, -25.79483873582571, 2.8077025849860338, -15.244717227243406, -107.92908055330138, -202.8697743913696, -245.54374919929936, -251.18864667852247, -164.52596325639442, -229.97264201817868, -207.27814326990213, -122.33359988762206, -284.56573229303393, -107.13053741858067, -111.77060319441813, -197.92756443072477, -283.27742253247834, -208.3192276462476, -241.66849876252616, -143.56710699599907, -388.7335157282212, -309.2724090057298, -127.38789959543742, -76.0213814274648, -71.02792032792239, -70.19085516778513, -124.20818269637934, -135.12922688756336, -57.00852896620569, 204.06602848129583, -312.63835852125857, -151.22620165515033, -112.87401588767693, 85.78152824715468, -209.78534919451477, 20.468404652533973, 7.94905830732332, 107.43762474011085, 84.53865419764617, 9.487445035351207, -58.82395007701693, -248.56459795650306, -297.17712256856777, -270.93995142308046, -208.8735312922222, -240.77772448922013, -154.29563969565214, -152.26220294405138, -110.37084306258056, -54.37634061472045, -102.43925924070157, -129.21120123737052, -70.55358600159909, -202.18624872498143, -195.61340228018906, -186.11690363717193, 20.084740414009005, -233.771068331115, -159.6612500468175, -131.90462031294416, -66.28650886959142, -32.16141800344704, -80.26105898847055, -5.749758615329343, 35.92117962335375, -121.65899049100095, -82.10465329226811, -136.77293622611498, -55.0159127232107, -34.560259230386805, -72.06668700459674, -80.77800845953684, -98.75127039884443, -104.0109492328198, -156.8062335834262, -197.07989243897993, -44.065032107077926, -101.68732998208664, -65.08829779619718, -282.2121360601596, -180.82356096458167, -53.9872736482166, -164.87723169737518, -112.71340735963162, -159.6639882206659, -146.48563957961727, -114.59559243523783, -171.6468496306192, -85.52172107640841, -143.86663272668156, -251.66435219406608, -110.64016490164786, -130.91871773626002, -161.13017849891855, -198.67948181414636, 204.2752817850417, -191.94819263159818, -173.78934692563075, -111.83225623382978, -145.83912272207127, 185.79231137752004, 3.5143042061978944, 13.781798509621005, 84.76638275421324, -67.32078867286134, -1.8703659100933194, -78.86969107688635, -145.83616681518407, -125.75296515869286, -106.22053421065905, -51.41751451931757, -31.018069892226734, -78.48587630921168, -184.60548914371122, -132.2408663218321, -131.48568547391994, -123.01549490265309, -90.15943570821894, -190.40622606339244, 46.6166171623457, -105.79690016688369, 18.534915236128445, -126.25456162320754, -34.49284075125586, 23.965703514384103, -80.55957146449478, -147.01720343319965, -209.399367373464, -118.48969597116562, -179.37873446222443, -204.501915268571, 52.2265721664728, 62.41935302205539, -130.663368890554, -90.52348089641164, 5.6859084891775735, -145.671205164, -147.69549639046872, -188.04240946769, -254.49313072918778, -98.25070202703164, -242.28675897527046, -237.00108417109286, -151.35639935439178, -86.45067854532942, -91.18625065678039, -94.48450751537051, 171.07885075925435, -104.49761249848572, -196.5125022796154, -83.32909197958016, -121.63341287541684, -189.0631556349238, -165.845307857422, 56.205131740021756, -157.74584799044516, -216.30040299874784, -155.40484277266117, -174.26536181188405, -169.28208627300978, -79.87975126523864, -133.70500124000205, -140.67313219629187, -163.14657342514124, -97.75512828507681, -79.59717523278684, -189.81325463202634, -138.1703279486009, -57.59420900654878, -146.94677835578497, -98.78006094922777, 6.350151330108047, -48.52659305739738, -83.24408857997423, -98.81600667783601, -119.93192334377358, -145.89665917886148, -102.03140055680373, -124.02809267679436, -232.93896314830243, -169.7286214315145, -213.56115962063254, -292.25644704423235, -281.31810481516476, -89.88857139282328, -5.22700043174075, -156.13047162377305, 13.035959195238231, -182.40538567353423, -146.9854591313266, -124.36113870882149, 87.70944825956575, -47.930717429929324, -68.6985098617224, -7.928902693700823, -162.81501875417908, 144.0500989089621, 7.962016769274262, -99.60429487934209, -133.14030483056533, 51.04629509711249, -247.0658911111084, -71.84296016620613, 27.49095653397378, -125.40041793479782, -160.58074089423073, -72.01526652563867, -120.8006988965793, -15.758696911575722, -114.30108519133869, -95.97624495705152, -174.26150633119923, -175.18779921126892, -72.65722484213865, -13.65210625987973, -231.785138865097, -95.16278032516422, -17.595838749559725, 37.45605419357839, -25.161156206519156, -58.503722936419884, -93.09917561376818, -180.63066030809077, -133.6565672382704, 53.739672561864275, -125.27285552016716, -116.04373177149544, -182.50617946173637, -262.3781028855197, -134.426943209813, -332.4339220654822, -315.67598763954953, -296.68471058963013, -194.34347818727278, -196.89660830719797, -197.1946062706641, -288.6329332314696, -194.49307270972088, -79.54658144995211, 47.063174298954415, -218.50395655002814, -135.66178330872665, -106.12443100955916, -114.608955176328, -74.22034296507475, -142.56449592519073, -252.0201815216664, -193.05687947030793, -197.39553964935217, -20.359443335473642, -149.6259950745937, -1.1797622752913917, -72.25170027905003, -8.121103027318107, -7.481945452375097, -69.89246121980823, -37.748953762661976, -54.75765387162206, -161.62023370725794, -272.0296230417596, -160.31159253727253, -166.4106835644621, -260.2226300498759, -222.28153076767254, -129.24753807139678, -73.9794300108876, -101.43199267231725, -154.03271408199646, -253.9870225176725, -200.16252104497462, -133.07959549459918, -6.636244647353604, -105.09918047421148, 65.2979862349686, -150.950928000463, -105.97441153254886, -224.2779401462191, -22.7376834578352, -208.08943614696545, -16.83278508988442, -190.6841465413563, 179.11222809069952, -71.71685109742205, -15.336651648099966, -40.00802103354526, -119.08215601261956, 8.946403056495038, -171.26792600176898, -183.67561997157932, -293.62676110057134, -201.31808827190906, -195.38079252516508, -182.23677206627832, -95.83278378438264, 49.827707609158516, 185.13666556104644, -124.5961516071191, -50.67177326940513, -26.334442200463734, -70.11583789487935, -131.88364637307205, -102.3967419723791, -127.30239236998646, -189.8471157953023, -124.54280769990433, -27.14092796829659, 170.48380178677124, -73.50628657412773, -72.00773787684729, -45.49754355724251, -73.52900993467675, 436.13587985638173, 202.4242338173268, 29.439974151274328, 110.95337570459257, 450.5949253665203, 449.2886192067598, -271.1747983107878, -125.8856228136051, -91.45447695826577, -142.97729481358053, -180.8553173772813, -162.4930518232846, 31.82294210233269, -87.60190791723757, 5.835914187384981, -61.941908675569806, 34.71572408129502, 0.7471793895312917, -3.508609685143771, -55.69840204443137, -75.74412835049537, 217.4738657161669, -39.25110974416197, 63.306945602293666, 188.25261660227508, 172.62609685359598, -16.67904172413754, -88.94767127637162, 209.86489968197463, 218.2498456237843, -258.65464949968685, -316.1696339057651, -191.41172213394924, -88.75822148351818, -243.7253675215241, -175.51815042351694, -23.645798518496047, -58.37124675665986, -170.85060276531178, -47.33712689349342, -251.33685989988368, -46.76135199924417, -18.703017302040777, 26.728946045688154, -89.6036772640438, 21.85291242919666, -103.81603796287715, -37.1146106132508, -155.6793270556536, -174.24440856247912, -111.85398490009665, -250.75685053814226, -170.04712582447712, -179.35589097779746, -165.7439921001021, -144.19235968287222, -170.03132263878743, -144.91014828641173, -134.67212076272557, -67.88657353429267, -113.87276396088828, -69.54803765983925, -60.876710427032215, -54.432427008100206, 3.2000388047614967, -126.6189234439128, -155.88169239812387, -120.43110235086526, -189.25054156430915, -216.86170689330217, -261.8284209108801, -205.14598522066078, 38.11867207734555, 366.28701827185427, 26.35477309481179, -12.347167372996935, 59.92963927292013, 4.942744360303824, -125.47869867206772, -179.00806297727792, -103.95839597891674, -35.46968400168555, -157.7364080629834, -142.86456318521553, -112.96657554054602, -154.35966797065865, -132.943815813162, -86.44428437805637, -271.8579283038919, -282.97778995625606, -225.40601260909852, -259.3267220896454, -252.38331648252188, -154.45864196502194, -164.9658774938214, -185.82204354202466, -170.31548161628373, -244.5916105922726, -195.55771114253193, -221.8094623637401, -198.27296306996547, -203.6707176104381, -108.3608564707477, 11.179668518930182, -164.53377886768519, -27.21690733249885, 563.9930598009048, -112.17733174807199, -321.1958172510988, 52.83679338432468, -219.30765044868224, -302.4958752285185, -189.59250537539694, -206.31031230666602, -61.58942677951164, -110.5654660482466, -121.6097969801587, -226.15752602090603, -27.749821512549413, -202.41689681488893]",20.185126714112815,0.7112561360263666,0.9869821403434438,9757.209,614.93,9.811,611528.979,37179.398,161.38,11.737,468000,468000,41.080000000000005,15.307692307692307,5.684341970784096e-15,4.999999873689376e-05,2483.1816,-0.001625896,2483.1833,0.07703293,0.0017957443,0.10187876,0.0
1171.3461124285634,-1557.207106249645,-564.016519316168,100.0,60,15,474000,False,4740,79,212f51d07e9840f9afce8433e261ebfd,2020-07-14_17-00-17,1594746017,46.90073585510254,3705.7244811058044,62816,tango5,131.234.250.245,3705.7244811058044,0,79,d74d5_00000,0,-388.7335157282212,492.38766538560077,-94.00275321936132,"[-986.8161060864443, 281.99553273904763, -1183.880438638667, -692.1966217244992, -430.9334087145904, -1170.516062449226, 403.736131821342, -481.33941570338214, -880.2902721679018, -615.902284399658, -807.9030734481287, -1067.2660775900636, -857.9539652683163, -1263.750006870849, 5.213112376990306, -724.2250202166161, -617.0020344167299, -891.9365241628676, -661.7806092494556, -335.5764673972016, -83.5991371545617, 170.07243472136443, -868.6498410731159, -784.2081706704929, -343.1877889888113, -254.53995357258535, 156.41634619005117, -427.37513310565004, -987.7584049392976, -535.5157323338503, -532.5102078194674, -815.6304552311778, -1211.0760640322449, 371.8891767244791, -1038.9357788761788, -1072.088377223674, 347.2962995279213, -990.4602608873972, -514.8818484827157, 457.7255310074719, -1305.4617261933925, 489.48241830463036, 110.85495308395286, -481.85538298061505, -368.0099597088856, 316.02634303475196, 38.351443328525995, -920.4102937510457, -993.4999760593871, 168.51351367367727, -815.3274233779506, -424.28261696898664, -1129.1150366755423, -708.3414784597607, -353.6065734307772, -896.6966517592288, 1171.3461124285634, -483.9971016041241, -515.8302875022819, -812.8252153956985, -1081.874264017093, -515.1366089590715, -667.1350716338469, 556.5588139571305, -261.5968664657709, -1557.207106249645, -858.7330027201912, -47.00333928343742, -280.460389837712, -1301.3789188136702, -1107.0054597568578, -1418.948657734164, -533.5860954733215, -496.6763685301504, 171.05723685594822, -1420.6285674252454, -619.2134331010232, -957.2641326062653, -280.4421851664281, -502.17943896757833, -681.4913862206851, -848.6758301486168, -790.6271983021807, -996.8995278717184, -233.3413253505685, -45.998360189808785, -538.7311269052922, -851.9131976137262, -177.42706662848911, -939.3464879731197, -246.52622127325964, -1167.7695817607428, -356.89659781110316, -700.1783388869366, -952.8782931119866, -804.6902650113234, -483.66781798745166, -673.9481710140444, -1279.6918674526696, -602.0734963739588]","[100, 100, 100, 100, 100, 100, 100, 100, 100, 100, 100, 100, 100, 100, 100, 100, 100, 100, 100, 100, 100, 100, 100, 100, 100, 100, 100, 100, 100, 100, 100, 100, 100, 100, 100, 100, 100, 100, 100, 100, 100, 100, 100, 100, 100, 100, 100, 100, 100, 100, 100, 100, 100, 100, 100, 100, 100, 100, 100, 100, 100, 100, 100, 100, 100, 100, 100, 100, 100, 100, 100, 100, 100, 100, 100, 100, 100, 100, 100, 100, 100, 100, 100, 100, 100, 100, 100, 100, 100, 100, 100, 100, 100, 100, 100, 100, 100, 100, 100, 100]","[-162.32513771987246, -142.59186008025165, -151.98631579862118, -195.3242444976599, -174.63204308371755, -159.95650490632445, 43.16752105442643, 64.41911159014073, 2.8669878636674015, 121.56573899189914, 44.93652347855694, 5.039649760356849, -324.39268401616494, -187.168270436703, -282.92481579346565, -194.86507493183507, -116.9447120565262, -77.58488140397301, -57.84623170090219, -142.23769796657965, -114.07404420489806, -74.81090430037703, -76.10033050015782, -227.12741305158332, -24.459978526751506, 25.77741382351059, -74.93147323258853, -164.17638639572206, -90.7194689336259, -102.42351544941283, -222.37077547951452, -91.58464417519673, -198.68544198221713, -193.9322976140634, -215.06871705945346, -248.87418613878253, -23.789298718306696, -11.500469777188856, 193.33582527081018, 0.8974087314320256, 276.869136598192, -32.07647028359635, -57.97382021150756, -139.86165751513164, -94.2841991086035, -105.55685590160479, -68.46305177336247, -15.199831193171711, -11.427903685796737, -178.72015892427157, -207.85042542370732, -167.0228667154935, -116.49035085832298, -198.77856656030983, -170.5923871958639, -120.73141187179009, -135.7792960243055, -80.51361775945084, 17.1075656354639, -125.39313718371226, -132.23966275649, -176.70186452475738, -145.41133157683697, -120.81804570552865, -136.14332294772618, -96.58884593678977, -206.4509971701892, -170.36941791118548, -129.62737121593497, -69.03160898122336, -203.33359383920074, -288.45308847232866, -107.89204204030703, -114.16816779062788, -200.33082836787224, -104.67282254486607, -171.8956700735858, -158.9944344510568, -311.5641770624274, -300.5238369373969, -144.07597818706597, -207.27710702284637, -150.06549675424262, -150.2434109068718, 18.309851855596445, -42.36183625852141, 59.40688219761767, -19.190378904614665, 38.89377842202381, -49.84518493511136, -89.18230826241543, -121.27618551738772, -12.439932591259286, -128.6915631721593, -113.47456057445615, -259.1604700989376, -126.31988872202737, -148.2648920045219, -145.16583197377676, -82.81644077270053, 14.028538493694187, -128.4635194373971, -63.7489689860302, -137.46500062191092, -182.85021119002465, -210.63663096732964, -162.480718025143, -134.75499437242985, 29.744280956657377, -77.42516574320959, -107.97706401238155, -146.1258826891304, -205.41790086303828, -154.57887689835331, -72.1653516595739, -109.91825205905441, -131.44013800688506, 91.60300342224448, -15.321092449924297, -98.33463664400762, -58.97412959509472, -93.2796114280157, 110.92459092714002, -79.54730240871437, 162.88365882317643, -125.60634347305398, -54.73929619174606, 72.23720236580725, 64.25728382454994, 50.403199800489396, 48.4541181379807, -10.540073215716783, -279.99723693669023, -111.43769081370753, -264.19318734832206, -80.261360435336, -104.49532179104335, -28.265043748015582, -16.868651388974566, -25.839586493707124, -250.15576202163743, -266.63728191516634, -6.592012165948847, -218.1148766850584, -10.288821629375846, -25.00911353495799, -84.11372404319538, -98.44494035866902, -104.48399608491586, -20.847193337697565, -132.6113549956585, -31.52164504169989, -53.05525397939059, 75.90954602728802, 21.804122236634377, -135.06536781975885, -151.02335636827502, 492.38766538560077, -57.998662240854266, 55.630177477439354, -81.53187554137497, -101.04760252248438, -69.50436553861525, -77.57418111277931, 148.6924379104004, -156.9666608065256, -75.49465466607194, -196.5277088920584, -145.27572937952195, -20.278766839497372, -261.07297382471575, -172.04044722093457, -225.0900054366231, -164.0004822380045, -114.56644602139241, 78.82790690049411, -93.19882042784556, -125.50784692834588, -119.32980057787812, -161.74072527888188, -81.19007486787413, -85.41159499885343, -18.53989151010641, -86.5714546717344, -180.77237211439692, -80.0248196565023, -123.6029803325878, -92.23812162264547, -161.40629509917986, -125.92739347208924, -174.2129753698034, -138.24268933487224, -164.69725990533968, -214.4593935372178, -233.50226544397418, -166.9025150928299, -253.2251833203662, -178.28944673251726, -38.453441037171274, -7.320427557892739, 95.5466476285071, 171.90528752508922, -18.994373827875627, 169.205483993822, -77.39612621025259, -202.8489234184506, -264.37918738372196, -141.29018161238412, -223.0199013205097, -130.00145893085988, -202.12932040675537, -238.96084367086817, -197.83850319884564, -110.52546972647254, -131.55923664500466, -191.07500357572627, 189.2305492304537, 7.25591617833308, -42.40802264144692, -43.85150596367709, 53.37727911811367, 183.6920836061448, -170.1959138587404, -188.348934022236, -100.58486918194993, -214.68248417023844, -242.6639844737431, -73.98407518049021, -185.42641011500837, 0.5901263650411841, -46.5180816297614, -164.65021237810518, -108.56650095754118, -10.31076976734132, 78.55121685369217, -48.362343408412876, 7.373999378388455, 107.31238423749761, 150.45396111112436, 162.3963128351811, -198.2566317523573, -229.88714250556353, -292.3458655728097, -288.69883555224436, -161.19014211588927, -135.0831086945282, 91.64811437587178, 35.88921588908858, 85.5420704285194, 26.50242957115924, 188.79872472231534, 61.101863317675196, -62.41607536594587, 128.1136320910857, 94.27269420833221, -84.24311920527299, 49.982521298656344, -14.854699942902368, 16.091815980395694, 19.11374288103515, -88.33373584869985, -40.97049718049143, -123.56006515102678, -264.1966436618279, -56.95577017145526, -108.47890201175451, 65.89938239810016, -72.74227340134497, -81.93053866016709, -113.80185786226545, -13.647205603235518, 219.02758082164166, -48.089546265541756, -72.8283214425089, 211.10276863435513, 20.461066890042268, 21.07654846338371, 35.166381045073905, 50.09769414947993, -91.41246844341302, 29.120499795542106, -5.697211681540946, -168.69340917782984, -154.88679858680962, -125.0490778968919, -236.47427758545814, -123.13095225827698, -112.17577824577948, -135.54258586164903, -202.0554970852358, -206.87361595186763, -149.26640249469034, -183.22263176464844, -116.53924290129399, -11.994645631252332, 30.858380326312695, 85.57999235285664, 38.94719686912705, 40.86892727395755, -15.746337517324733, -74.8717934698764, -118.77727328936817, -265.5219219585062, -75.97454040873208, -200.07328758182234, -80.10860666964584, -35.14125338572672, -206.84194905469354, -145.08878827958648, -32.01625755285652, 25.2456314936145, -30.44000018973779, -231.4046846768235, -113.69164565475442, -255.86446431000624, -173.5086882329878, -164.30038430791095, -190.3451694930584, -212.79329177844357, -102.35460943251378, -117.81441669958691, -9.27362113812153, -149.98200785168194, -116.12353155941267, -45.77094650108265, 33.602819895035104, -68.00705607630915, -123.35596806305726, -75.86475497217981, -74.21066771318308, -165.8590557087785, -41.63571366941757, -192.79013627463897, -170.98431225239543, -137.81290340154305, -187.6145304524556, 245.2021884492287, 234.72520826957296, 196.1329410117752, 264.40330741546086, 86.11108264990773, 144.7713846326189, -144.96798961120467, -156.79059635252148, -198.07479606679948, -5.446622119985396, -76.07740274664681, 97.36030529303352, -96.61508005508269, -70.26030352780151, -69.26321358399915, -123.42412962833515, -55.63150128720466, -100.63605941985823, -170.8616137694294, -203.48942062784138, -141.31633700053538, -50.11956621642611, -151.38861467332816, -95.6496631081391, -157.40118693256613, -113.40893656173873, -232.64223504439704, -327.3691319124796, -132.20473859837742, -118.84803496753533, -125.52515471304275, -163.55285742434108, -89.77377181377709, -132.54882889298972, -26.35154088228155, 22.61554476736098, -113.75005562782763, -185.10384205291243, -133.76018674923682, -76.14627276643083, -22.682551637540545, -135.69216279989845, 102.8725088243498, 125.59733411549395, 153.32099726853383, 67.35102062145769, 26.325258228450323, 81.09169489884454, -74.66538648425883, -54.737166136180484, 11.270738765660429, -70.88003812326407, -36.72050279597824, -35.86451169175002, -278.7960070361011, -292.48260141367854, -178.91698663561496, -333.4116317872574, -213.20378426360327, -260.3960951133907, -219.3952587837755, -134.99062194104204, -157.28040973368587, -181.74101359945254, -163.47985362630735, -1.845845035926608, 41.18184115020387, 104.71588258185412, 90.67255672039315, 28.962857515525926, -192.17375115761993, -120.36272609379498, 12.348455849613604, -146.64791175594084, -25.79483873582571, 2.8077025849860338, -15.244717227243406, -107.92908055330138, -202.8697743913696, -245.54374919929936, -251.18864667852247, -164.52596325639442, -229.97264201817868, -207.27814326990213, -122.33359988762206, -284.56573229303393, -107.13053741858067, -111.77060319441813, -197.92756443072477, -283.27742253247834, -208.3192276462476, -241.66849876252616, -143.56710699599907, -388.7335157282212, -309.2724090057298, -127.38789959543742, -76.0213814274648, -71.02792032792239, -70.19085516778513, -124.20818269637934, -135.12922688756336, -57.00852896620569, 204.06602848129583, -312.63835852125857, -151.22620165515033, -112.87401588767693, 85.78152824715468, -209.78534919451477, 20.468404652533973, 7.94905830732332, 107.43762474011085, 84.53865419764617, 9.487445035351207, -58.82395007701693, -248.56459795650306, -297.17712256856777, -270.93995142308046, -208.8735312922222, -240.77772448922013, -154.29563969565214, -152.26220294405138, -110.37084306258056, -54.37634061472045, -102.43925924070157, -129.21120123737052, -70.55358600159909, -202.18624872498143, -195.61340228018906, -186.11690363717193, 20.084740414009005, -233.771068331115, -159.6612500468175, -131.90462031294416, -66.28650886959142, -32.16141800344704, -80.26105898847055, -5.749758615329343, 35.92117962335375, -121.65899049100095, -82.10465329226811, -136.77293622611498, -55.0159127232107, -34.560259230386805, -72.06668700459674, -80.77800845953684, -98.75127039884443, -104.0109492328198, -156.8062335834262, -197.07989243897993, -44.065032107077926, -101.68732998208664, -65.08829779619718, -282.2121360601596, -180.82356096458167, -53.9872736482166, -164.87723169737518, -112.71340735963162, -159.6639882206659, -146.48563957961727, -114.59559243523783, -171.6468496306192, -85.52172107640841, -143.86663272668156, -251.66435219406608, -110.64016490164786, -130.91871773626002, -161.13017849891855, -198.67948181414636, 204.2752817850417, -191.94819263159818, -173.78934692563075, -111.83225623382978, -145.83912272207127, 185.79231137752004, 3.5143042061978944, 13.781798509621005, 84.76638275421324, -67.32078867286134, -1.8703659100933194, -78.86969107688635, -145.83616681518407, -125.75296515869286, -106.22053421065905, -51.41751451931757, -31.018069892226734, -78.48587630921168, -184.60548914371122, -132.2408663218321, -131.48568547391994, -123.01549490265309, -90.15943570821894, -190.40622606339244, 46.6166171623457, -105.79690016688369, 18.534915236128445, -126.25456162320754, -34.49284075125586, 23.965703514384103, -80.55957146449478, -147.01720343319965, -209.399367373464, -118.48969597116562, -179.37873446222443, -204.501915268571, 52.2265721664728, 62.41935302205539, -130.663368890554, -90.52348089641164, 5.6859084891775735, -145.671205164, -147.69549639046872, -188.04240946769, -254.49313072918778, -98.25070202703164, -242.28675897527046, -237.00108417109286, -151.35639935439178, -86.45067854532942, -91.18625065678039, -94.48450751537051, 171.07885075925435, -104.49761249848572, -196.5125022796154, -83.32909197958016, -121.63341287541684, -189.0631556349238, -165.845307857422, 56.205131740021756, -157.74584799044516, -216.30040299874784, -155.40484277266117, -174.26536181188405, -169.28208627300978, -79.87975126523864, -133.70500124000205, -140.67313219629187, -163.14657342514124, -97.75512828507681, -79.59717523278684, -189.81325463202634, -138.1703279486009, -57.59420900654878, -146.94677835578497, -98.78006094922777, 6.350151330108047, -48.52659305739738, -83.24408857997423, -98.81600667783601, -119.93192334377358, -145.89665917886148, -102.03140055680373, -124.02809267679436, -232.93896314830243, -169.7286214315145, -213.56115962063254, -292.25644704423235, -281.31810481516476, -89.88857139282328, -5.22700043174075, -156.13047162377305, 13.035959195238231, -182.40538567353423, -146.9854591313266, -124.36113870882149]",20.19459628192832,0.7112004603434824,0.9868701071974764,9745.314,615.68,10.088,594737.086,37179.34,161.38,11.758,474000,474000,41.253846153846155,15.31076923076923,2.842170985392048e-15,4.999999873689376e-05,3571.5667,-0.0024870727,3571.569,0.113792896,0.004182346,0.0962265,0.0
1171.3461124285634,-1401.3714941797273,-492.288702698861,100.0,60,15,480000,False,4800,80,212f51d07e9840f9afce8433e261ebfd,2020-07-14_17-01-04,1594746064,46.91793155670166,3752.642412662506,62816,tango5,131.234.250.245,3752.642412662506,0,80,d74d5_00000,0,-308.1506665593729,497.8694528506236,-82.04811711647682,"[-1154.534418135996, -654.128945496719, -1222.9919346849595, -910.5383317368145, -303.0333146148997, -834.7689804674669, -861.4374645220478, -353.32432854544817, -483.08478542223844, -867.9723661289639, 762.8607899477344, -735.2656548892978, 154.20835016981087, -237.25756368515388, -559.9640606582568, -224.63840686569463, -279.89002935659255, -841.228787137614, 410.1157421397463, 537.4910928019077, -832.120926901296, -851.455760760471, -263.6399222143537, 844.262901777415, -292.2829435570041, -443.4993293747177, -10.542399660350663, -1134.534340514704, -1138.5470598563745, -736.9971462489655, -477.671373267655, -553.0077913308274, 76.2325470036716, -738.2257240097647, -847.2915656298466, -384.02692440848364, -1401.3714941797273, -326.7892115071033, -1143.4413267758434, -291.2674713299413, -490.47524664205855, -899.4023896992419, -576.805852952513, -1192.3552004245744, -494.9321257268648, -676.2569789960614, -168.01078192364443, -224.65106518985112, 419.30211609120227, -555.9519184273087, -796.3688182657733, -1103.031374388021, -796.6533199117977, -137.82363668642265, -1078.4330747792842, -894.7404926211001, -358.92338217913004, -573.0225221437747, -1024.0576096696416, -1128.9736290814174, -83.5991371545617, 170.07243472136443, -868.6498410731159, -784.2081706704929, -343.1877889888113, -254.53995357258535, 156.41634619005117, -427.37513310565004, -987.7584049392976, -535.5157323338503, -532.5102078194674, -815.6304552311778, -1211.0760640322449, 371.8891767244791, -1038.9357788761788, -1072.088377223674, 347.2962995279213, -990.4602608873972, -514.8818484827157, 457.7255310074719, -1305.4617261933925, 489.48241830463036, 110.85495308395286, -481.85538298061505, -368.0099597088856, 316.02634303475196, 38.351443328525995, -920.4102937510457, -993.4999760593871, 168.51351367367727, -815.3274233779506, -424.28261696898664, -1129.1150366755423, -708.3414784597607, -353.6065734307772, -896.6966517592288, 1171.3461124285634, -483.9971016041241, -515.8302875022819, -812.8252153956985]","[100, 100, 100, 100, 100, 100, 100, 100, 100, 100, 100, 100, 100, 100, 100, 100, 100, 100, 100, 100, 100, 100, 100, 100, 100, 100, 100, 100, 100, 100, 100, 100, 100, 100, 100, 100, 100, 100, 100, 100, 100, 100, 100, 100, 100, 100, 100, 100, 100, 100, 100, 100, 100, 100, 100, 100, 100, 100, 100, 100, 100, 100, 100, 100, 100, 100, 100, 100, 100, 100, 100, 100, 100, 100, 100, 100, 100, 100, 100, 100, 100, 100, 100, 100, 100, 100, 100, 100, 100, 100, 100, 100, 100, 100, 100, 100, 100, 100, 100, 100]","[-199.30421504168905, -160.7702072105877, -242.04960953561252, -256.527177416498, -222.22220681058766, -73.66100212102337, -177.7138588842617, -2.5189467971080473, -123.0156561372247, -78.06223116597698, -122.08957469478621, -150.72867781736034, -192.00013344368426, -205.7299288028048, -188.64469264332382, -197.02544334402734, -251.0177320831191, -188.5740043680008, -85.59866710118068, -154.08935404740097, -126.40076122537764, -204.32247918289298, -190.16376602374106, -149.96330415621986, -90.45307222715577, -68.43144341224624, -46.61963206953748, -103.55332509870165, 23.840102210823563, -17.815944018081815, -131.6845095849243, -219.42909080729532, -91.5733447719947, -132.234835960557, -124.53800542408844, -135.30919391860712, -277.5746385437737, -126.10425097061203, -141.78074718205062, -27.551866078012242, -140.51116985142832, -147.91479189617098, -86.48301688848173, -128.2834932828151, -116.96766976716181, -67.91101123932826, 98.82114531908653, -52.50028268674755, -183.2134031022576, -98.37310388424926, 54.88621665890468, -122.99454196048355, -95.3465923648943, -38.04336076925889, -146.49869119655932, -168.57409737637676, -220.03969323376276, -111.03580638259459, -106.1855177699958, -115.63856016967459, 12.99375374655106, 221.50941034049174, 24.47907068009474, 222.42711911929447, -5.01217780418276, 286.4636138654856, -87.49647674730767, -168.82847523461314, -181.46073918459874, -184.65375026505262, 74.29520702457992, -187.12142048230396, 138.58440945607907, -79.23757613934404, 118.40933045494812, -17.4202994542335, 56.14633096127277, -62.273845108911544, -72.91927310909213, -112.4113398617601, -6.24227027501057, 4.612262059375864, 23.546549303251137, -73.84349180191765, -78.34933354654981, -37.50789564728603, -93.29302090527476, -119.03936445842237, -95.84911564517124, -135.92533045555277, -65.03102180513996, -34.60557671701708, -96.14900415245093, -201.23076759751257, 83.5119185009852, 88.86604490544099, -118.84144047805437, -20.937529805641475, 44.47273224065401, -85.9041428026858, 48.79024164581401, -147.46989015667893, -92.99504847262517, -97.95229389706967, -91.40690334450707, -172.32734885935017, -209.15801624447892, -177.38917631958182, 145.8010748910757, 123.84061985992254, 57.53731219059878, -8.758995971484755, 92.30108703114246, -0.6053558615080421, -120.23325396646155, 497.8694528506236, 50.29225650693754, -68.80576526840304, 101.78099324394877, 76.58740943526291, -53.84736682845478, -68.95391629722072, -179.75717168552387, -244.14870196440907, -95.89254871285927, -189.52122141282814, -197.32476855518797, -123.91528787666266, -154.38806613028444, -179.8276027612267, -66.41776257901623, -129.58227285809338, -90.10455766983564, -33.648270306504344, -67.19874572241308, 63.3796951347644, 32.307038442953065, -168.37508209331793, 134.34510026420557, 53.31558639959696, 107.15977945234705, 367.30042998514926, 67.93865714702201, 114.2033485290956, 17.687765715904266, -57.861682536851774, -8.147247328724372, -32.42520773663068, -80.06543205341622, -131.4711396172855, -27.096416513221726, -23.79866655456221, -81.95940157902845, -138.34338025660335, -103.18765948658039, -69.11380498472136, -83.0873131792481, -52.573795166538346, -38.07705452277141, -167.04471934010527, 382.5690797518888, -52.32859720357701, -158.15047936820142, -213.89292531605457, -162.68658035415902, -228.14976583516207, -174.94552362477785, -196.70906601635036, -237.50366873221506, -219.01900640395078, -165.75075999857214, -129.74898669425576, -219.33567378774956, -167.1889642396324, -57.335446673807596, -255.7292015090545, -189.30652934774227, -108.71973734959923, 6.354157245606169, -132.26038861436714, -71.5079999706509, -161.31580165622992, 5.3294422309619005, 82.22529117597058, -86.42353639790929, -245.9787686497972, -37.06997006992861, -149.20828737451194, -38.35661439329495, 8.25551695570908, -130.62781229142246, -206.0006241573784, 48.166147538495025, -121.96052220692228, 342.39763140009126, -68.15238986306824, -58.000767654855835, -66.21755221006877, -190.94834218416239, -100.9472970051925, -106.77609314080786, -120.3020761671414, -148.7182588083463, -70.53365670411422, -117.2039589369099, -124.39352008074876, -29.421833823686313, -161.28284810109258, -108.80074476929055, -306.18865991811845, -147.84332066910116, 21.070775103229714, -67.38965296140447, -117.23391668615929, 38.46746227106074, -111.09827146610941, -199.32615910367645, -260.1802069343912, -241.1682022063298, -240.01442133506032, -245.49327091822758, -215.18923368204156, -97.11785635327273, -161.79582996015844, 82.9475150526588, 84.7880803849242, -104.23658098038253, -131.37453965087172, -169.9367608493165, -233.33916009409828, -158.52865964815823, -199.2493446378932, -215.87852306784018, -166.50887847853693, 10.336841513013864, -46.57544682741877, 35.16090626125167, -18.251250347303028, -175.97016469993656, -95.9683572295495, 39.10637783823088, -123.86205573765557, -117.91862017595388, -54.29896746543529, -83.0822387990205, -150.41974230222453, -162.52211323120878, -237.36319020156887, -184.97658516854395, -221.24293396798117, -76.69379727134726, -16.603769858591864, 180.23446810654153, -128.47653250318942, -196.31437831016427, -184.56866942483182, -125.4019021755586, -122.27883864531013, -114.83494120965396, -215.22888423839973, -184.39698248903952, -260.43697750111664, -205.9615070363301, -211.4959079500344, -95.3682349373099, -73.37788583444507, -57.68196927721574, -70.5851335333647, -133.69489563882675, -64.2240065057028, -129.8075657915424, -93.3520461746702, -200.69245995496362, -136.50437051525478, -80.19530573375773, -35.70523082587269, -34.53727866994128, 7.00448990067756, -0.31771233397974585, -80.01388878245504, -95.15065403292623, 35.004261994980496, -158.54540912749243, 6.363536024267943, -85.4274255550522, 73.8519288683421, -53.85364232956189, -7.040053070354416, 206.65374687937432, 243.5767572602944, -39.55254427311988, 74.28910871694215, -37.351878263742144, -28.313074228547066, -80.11416274828755, -4.914847129321683, -163.99029492739373, -58.7877192470074, -129.81074445508946, -118.334149920209, -167.64055980852567, -178.36298139781067, -159.90234675787408, -59.33539389142624, -116.59711416270707, -114.53042224743032, -132.33342381967097, -185.5107669612785, -241.69583943644642, -194.2168401034874, -102.5621553149856, -246.71234875215418, -26.07763940472193, -127.36019616466595, -220.48728624506415, -141.51744713767067, -182.08931390552513, -99.1214370541487, -73.05727800109005, -182.30346796076887, -134.73250409708248, 469.0870020956834, -100.86167698818852, -115.95571173497609, -181.93193660590018, -229.37216720686092, -230.63792276321533, -236.19104709724743, -78.89201560669875, -121.4079854993627, -308.1506665593729, -239.78339646529997, -296.8751514720876, 156.20882631628788, -109.3664425424534, -96.77366189817413, -81.62612270176956, -113.5909811523609, -116.47378077240553, -117.59206116559665, -79.63165953893517, 149.99122315193762, -45.98691071597992, -147.5590198058779, -124.52154278186993, -136.1705573144459, -74.13322123640278, -44.65127028919824, -220.7078339480878, -215.3111739897123, -132.7968906553087, -211.6355334004574, -107.91578825622199, -135.6903894198531, -288.3835811671624, -197.55346848431182, -183.8047147111752, -103.9396267548299, -157.3289587257185, -197.96327923822156, -58.97412959509472, -93.2796114280157, 110.92459092714002, -79.54730240871437, 162.88365882317643, -125.60634347305398, -54.73929619174606, 72.23720236580725, 64.25728382454994, 50.403199800489396, 48.4541181379807, -10.540073215716783, -279.99723693669023, -111.43769081370753, -264.19318734832206, -80.261360435336, -104.49532179104335, -28.265043748015582, -16.868651388974566, -25.839586493707124, -250.15576202163743, -266.63728191516634, -6.592012165948847, -218.1148766850584, -10.288821629375846, -25.00911353495799, -84.11372404319538, -98.44494035866902, -104.48399608491586, -20.847193337697565, -132.6113549956585, -31.52164504169989, -53.05525397939059, 75.90954602728802, 21.804122236634377, -135.06536781975885, -151.02335636827502, 492.38766538560077, -57.998662240854266, 55.630177477439354, -81.53187554137497, -101.04760252248438, -69.50436553861525, -77.57418111277931, 148.6924379104004, -156.9666608065256, -75.49465466607194, -196.5277088920584, -145.27572937952195, -20.278766839497372, -261.07297382471575, -172.04044722093457, -225.0900054366231, -164.0004822380045, -114.56644602139241, 78.82790690049411, -93.19882042784556, -125.50784692834588, -119.32980057787812, -161.74072527888188, -81.19007486787413, -85.41159499885343, -18.53989151010641, -86.5714546717344, -180.77237211439692, -80.0248196565023, -123.6029803325878, -92.23812162264547, -161.40629509917986, -125.92739347208924, -174.2129753698034, -138.24268933487224, -164.69725990533968, -214.4593935372178, -233.50226544397418, -166.9025150928299, -253.2251833203662, -178.28944673251726, -38.453441037171274, -7.320427557892739, 95.5466476285071, 171.90528752508922, -18.994373827875627, 169.205483993822, -77.39612621025259, -202.8489234184506, -264.37918738372196, -141.29018161238412, -223.0199013205097, -130.00145893085988, -202.12932040675537, -238.96084367086817, -197.83850319884564, -110.52546972647254, -131.55923664500466, -191.07500357572627, 189.2305492304537, 7.25591617833308, -42.40802264144692, -43.85150596367709, 53.37727911811367, 183.6920836061448, -170.1959138587404, -188.348934022236, -100.58486918194993, -214.68248417023844, -242.6639844737431, -73.98407518049021, -185.42641011500837, 0.5901263650411841, -46.5180816297614, -164.65021237810518, -108.56650095754118, -10.31076976734132, 78.55121685369217, -48.362343408412876, 7.373999378388455, 107.31238423749761, 150.45396111112436, 162.3963128351811, -198.2566317523573, -229.88714250556353, -292.3458655728097, -288.69883555224436, -161.19014211588927, -135.0831086945282, 91.64811437587178, 35.88921588908858, 85.5420704285194, 26.50242957115924, 188.79872472231534, 61.101863317675196, -62.41607536594587, 128.1136320910857, 94.27269420833221, -84.24311920527299, 49.982521298656344, -14.854699942902368, 16.091815980395694, 19.11374288103515, -88.33373584869985, -40.97049718049143, -123.56006515102678, -264.1966436618279, -56.95577017145526, -108.47890201175451, 65.89938239810016, -72.74227340134497, -81.93053866016709, -113.80185786226545, -13.647205603235518, 219.02758082164166, -48.089546265541756, -72.8283214425089, 211.10276863435513, 20.461066890042268, 21.07654846338371, 35.166381045073905, 50.09769414947993, -91.41246844341302, 29.120499795542106, -5.697211681540946, -168.69340917782984, -154.88679858680962, -125.0490778968919, -236.47427758545814, -123.13095225827698, -112.17577824577948, -135.54258586164903, -202.0554970852358, -206.87361595186763, -149.26640249469034, -183.22263176464844, -116.53924290129399, -11.994645631252332, 30.858380326312695, 85.57999235285664, 38.94719686912705, 40.86892727395755, -15.746337517324733, -74.8717934698764, -118.77727328936817, -265.5219219585062, -75.97454040873208, -200.07328758182234, -80.10860666964584, -35.14125338572672, -206.84194905469354, -145.08878827958648, -32.01625755285652, 25.2456314936145, -30.44000018973779, -231.4046846768235, -113.69164565475442, -255.86446431000624, -173.5086882329878, -164.30038430791095, -190.3451694930584, -212.79329177844357, -102.35460943251378, -117.81441669958691, -9.27362113812153, -149.98200785168194, -116.12353155941267, -45.77094650108265, 33.602819895035104, -68.00705607630915, -123.35596806305726, -75.86475497217981, -74.21066771318308, -165.8590557087785, -41.63571366941757, -192.79013627463897, -170.98431225239543, -137.81290340154305, -187.6145304524556, 245.2021884492287, 234.72520826957296, 196.1329410117752, 264.40330741546086, 86.11108264990773, 144.7713846326189, -144.96798961120467, -156.79059635252148, -198.07479606679948, -5.446622119985396, -76.07740274664681, 97.36030529303352, -96.61508005508269, -70.26030352780151, -69.26321358399915, -123.42412962833515, -55.63150128720466, -100.63605941985823, -170.8616137694294, -203.48942062784138, -141.31633700053538, -50.11956621642611, -151.38861467332816, -95.6496631081391]",20.204501790583855,0.7111791342298862,0.9868749063100063,9766.547,614.342,10.384,577796.799,37170.989,161.416,11.657,480000,480000,41.286153846153844,15.35846153846154,1.421085492696024e-15,4.999999873689376e-05,3658.4458,-0.0013648478,3658.447,0.09937662,0.0015363392,0.096386366,0.0
844.262901777415,-1709.8989138894108,-659.7192429231796,100.0,60,15,486000,False,4860,81,212f51d07e9840f9afce8433e261ebfd,2020-07-14_17-01-51,1594746111,47.37167930603027,3800.0140919685364,62816,tango5,131.234.250.245,3800.0140919685364,0,81,d74d5_00000,0,-368.2083205595057,987.712600624027,-109.95320715386333,"[-808.024515751854, -1177.6262831339807, -1709.8989138894108, 626.0822608469763, -1231.2684499999207, -777.1871892627062, -1062.329307121281, -436.1482230026527, -414.63455587955724, -689.1633970416225, -260.24578229986844, -199.55822309902234, -326.78701588282684, -1398.8290592083374, -1049.0031663149723, -838.8675636895928, -721.6011180929861, -1213.514413818759, -683.4692094286565, -764.695325203459, 802.4655855538319, -607.5218726249367, -831.1324232543245, -483.7013720476674, -753.8376973781697, -99.48588436536126, -284.7186548729399, -407.9435748628389, -988.113327480638, -1192.7630940298948, -762.9216546565426, 461.6229341525952, -1365.1184235937458, 172.23949218756894, -1427.6183277349464, -619.5332836404492, -349.9474711426825, -1098.2039092625255, -574.566755396244, -1275.4018860288477, -122.55463561801382, -754.4089211705916, -592.2718401226194, -723.660059663961, -786.6979533110956, -753.3473321646482, -1224.1223492145175, -28.09991641198935, -710.1667864113934, -895.7404212900478, -503.8642339967246, -751.6664804292805, -291.10042260957897, -792.0849237573964, -1295.5202104073317, -766.9319455740664, -795.7960221665858, -1112.5552234931097, -1473.9873764435347, -1076.5916199446335, -832.120926901296, -851.455760760471, -263.6399222143537, 844.262901777415, -292.2829435570041, -443.4993293747177, -10.542399660350663, -1134.534340514704, -1138.5470598563745, -736.9971462489655, -477.671373267655, -553.0077913308274, 76.2325470036716, -738.2257240097647, -847.2915656298466, -384.02692440848364, -1401.3714941797273, -326.7892115071033, -1143.4413267758434, -291.2674713299413, -490.47524664205855, -899.4023896992419, -576.805852952513, -1192.3552004245744, -494.9321257268648, -676.2569789960614, -168.01078192364443, -224.65106518985112, 419.30211609120227, -555.9519184273087, -796.3688182657733, -1103.031374388021, -796.6533199117977, -137.82363668642265, -1078.4330747792842, -894.7404926211001, -358.92338217913004, -573.0225221437747, -1024.0576096696416, -1128.9736290814174]","[100, 100, 100, 100, 100, 100, 100, 100, 100, 100, 100, 100, 100, 100, 100, 100, 100, 100, 100, 100, 100, 100, 100, 100, 100, 100, 100, 100, 100, 100, 100, 100, 100, 100, 100, 100, 100, 100, 100, 100, 100, 100, 100, 100, 100, 100, 100, 100, 100, 100, 100, 100, 100, 100, 100, 100, 100, 100, 100, 100, 100, 100, 100, 100, 100, 100, 100, 100, 100, 100, 100, 100, 100, 100, 100, 100, 100, 100, 100, 100, 100, 100, 100, 100, 100, 100, 100, 100, 100, 100, 100, 100, 100, 100, 100, 100, 100, 100, 100, 100]","[-159.4966355015731, -141.3439101472444, -137.8474435789638, -142.8167698813155, -147.44961060267337, -79.07014604008268, -218.32790245990253, -257.08211481257933, -150.82926278431896, -183.67837199284165, -165.23379775755024, -202.47483332678797, -248.58651934477209, -252.5041178962674, -296.5710194655632, -337.1391855184352, -288.6862810080622, -286.41179065631076, 131.07016891247943, 96.78110977017086, 81.12396144798394, 83.87558030410696, 179.36264579400827, 53.86879461822768, -167.1591001617602, -164.26790841723317, -172.4361028524853, -275.64796134167227, -183.82384563828785, -267.9335315884807, -139.4190115392656, -71.12186838439305, -68.17992951052943, -223.9264241486296, -114.69527513832067, -159.84468054156685, -160.30492927659253, -289.4835786911422, -196.95236104337204, -184.26046450014195, -128.0618539604783, -103.2661196495534, -86.70081072569702, -99.7015417605653, -111.30213941392405, 127.61782629485961, -144.88968889802746, -121.17186849929898, -33.02715692802676, -104.97269204035925, -82.39905117857127, -48.24023135664499, -139.85573195854647, -6.13969241740791, -94.90629412523238, -7.785952421887017, -46.02985146210843, -220.8652295202265, -150.3057417896179, -169.27032772255095, -49.0069906929593, -66.01302784553981, -167.86005052662983, -33.41610087803834, 58.0353062861572, -1.984918642857375, -76.17710588411629, 19.455684984729807, -45.315715413414274, 6.824316076883521, -82.59291068691324, -21.752492176192128, -52.82615823893321, -10.456215908086852, -133.58271617333284, -30.048029256854175, -85.46509632983538, -14.40879997578433, -248.38954506544852, -161.53921981035435, -177.35502073888986, -269.07558715772217, -236.88902967571667, -305.5806567602075, -166.72355904584518, -156.51953365179912, -88.51988308803823, -315.6090607028612, -155.95893606539715, -165.67219376103057, -264.95235541326747, -97.22234684825918, -92.61203729303543, -181.60649227573077, -81.1185533498357, -121.3557785094649, -134.60085946130096, -52.065889698522575, -110.66801383220181, -155.65151347803715, -116.97486024224065, -151.6399813806829, -239.75429349834948, -307.1506523635672, -68.05838729887986, -126.99927047500368, -217.65985474736243, -253.89195543559381, -87.15959735762135, -37.96050124911214, -77.76131170484467, -192.91945758584774, -66.53510999330332, -221.13323153792763, -160.0807331390074, -165.5882160888093, -158.52784076450618, -73.00820270810279, -73.24608754696479, -134.24424495606925, 198.1474177818882, 138.22240216487216, 119.23198690288952, 89.92025691405246, 123.31032975535021, 133.63319203477806, -46.472647046779514, -87.20056766276869, -105.12543680489715, -126.61923042079297, -8.452673876233295, -233.65131681346423, -129.0994982875854, -330.7665233838058, 197.07818681199205, -155.17729219490025, -209.90999469448946, -203.25730150553628, -54.045142745714806, -95.01587984809815, -34.612093657087335, -73.68303090755994, -70.32298712573231, -156.02223776347537, -17.554829277723517, -179.46493841429657, 15.574414413106066, -187.56470319384178, -257.0606684811483, -127.76697242426627, -69.4583055616369, 78.37128580552411, 51.81936559728118, -88.9556342499862, -32.53638777740617, -38.72620817913683, -27.33787146650097, -4.8578380853183845, -149.61800074727196, -3.5256288984541424, -133.54065197586033, 34.161336300466346, -171.06497488219952, -112.37197815182584, -155.82391226352976, -87.88180573785887, 112.17625808501514, 7.022838087559335, -147.56961912623996, -181.03580765484472, -76.32029423008856, -171.74153927266374, -205.87683739910403, -205.56922979769777, -184.07962858977714, -198.93864967259225, -267.0324234104914, -209.6539650844701, -276.4095167438281, -56.64891052873566, -284.2168513839007, -204.44641610548746, -189.2123047991401, -178.3911060087368, 301.12518315624214, -207.78015951552112, -185.18975450999616, 987.712600624027, -21.10441510851456, -131.1456964877334, -101.33173962278039, -87.3180607424065, -184.49982179883415, -192.20485558211428, -368.2083205595057, -245.8939644913084, -144.3822715449072, -229.92918961707556, -70.85129688668209, -0.09864183396547488, -77.1637207025989, 310.7760019033957, 73.8875929260689, -64.31044321864914, -219.02230396538198, -310.8959960897197, -251.0887328692033, -163.13366908855488, -228.506235106178, -254.9713906159094, -212.41868146051584, 10.749111996268336, 21.83899674133329, 17.174241218437135, -250.46359564785982, -206.41335648811324, -6.133654842711912, -65.99499062339083, 2.1697277688510885, -118.55381895410527, -155.98286576965606, -5.451868721668778, -105.10350605671081, -294.6483305568122, -185.69001333853967, -145.45330563039323, -136.05105480563753, -231.25769887443306, -31.8717156073003, -36.14862863444419, -263.6694664149826, 65.37527727865361, -255.80985635506264, -52.442365663108276, -183.3860259265969, -254.92281203980713, -162.51802276925437, -215.01094160717398, -208.94077589155316, -250.62330779446324, 113.54105538600578, -74.46255215961843, -87.59522804969217, -31.226652786216516, -12.346012773331148, -30.465245235161362, -163.38070970316178, -192.7970514974452, -79.00016430814185, -90.92739504032643, -64.72250820018822, -163.5810924213282, -126.79949743709727, -15.940476636728713, -142.30401599016042, -113.01743046546042, -149.20678177928747, -45.00363781388607, -191.06601038782486, -186.7855180254544, -204.32488563798478, 102.41982236362199, -85.02900213929004, -158.87446583702976, -148.8488316605027, -27.381206483355143, -178.20755676491595, -103.8513345363232, -80.31329225411801, -248.09573161188257, -141.9327958001883, -160.7510971362038, -121.48616145953027, -178.23075776681978, -168.8455114891031, 17.898991487196998, -206.8267115533202, -240.294143612627, -256.0392607923189, -228.51374814588505, -156.8022238914298, -135.64626121893565, -35.889529104253306, 37.93041272553276, 49.65702013888004, -46.96030976516654, -21.83699529487392, -11.000515112108559, -156.40095353334732, -145.83453597942494, -104.92388884411939, -66.34285356359555, -61.563541609063556, -175.10101288184222, -257.70312488227705, -109.15136167614018, -170.08817289864024, -241.72405480074298, -116.60695266596231, -0.466754366284575, -189.82159515561347, -87.1559358872873, -96.85300052159482, -73.58078975697731, 103.59409327840379, -160.04700595365523, -178.24424121330694, -232.92998764721034, -235.51751032405068, -57.532850477582336, -25.680568128214865, -21.76132263891365, -38.11239551733429, -205.79348603030658, -125.47420875338007, 102.74882958446798, -19.40398549784201, -5.065176395184366, -89.04823232087124, -218.0319837038751, -198.45617437912418, -9.276788594717083, -116.6975315931582, -160.57421316565052, -309.9064748554138, -133.81177210613188, -194.5085369421509, -154.31800139538302, -364.98857042320896, -137.98685468504178, -154.25385327175186, -69.590468970655, -248.98719377176604, -175.3934827631708, -4.310940200100054, -114.39600659662361, -77.14738559847093, -168.15975614683552, -26.34425704756434, -181.19224029428494, -178.34064542704888, -164.6117376523812, -244.75257151607016, -195.3351370176855, -143.7714728792587, -225.66272044625813, -134.06029057708324, -168.97303105675113, -226.04364861885884, -181.29949191015484, -184.74703877582414, -339.8810440300268, -366.31744021622205, -175.69871289244762, -218.4785256608554, -205.86185118402673, -151.77597439352215, -114.26484074459121, -197.99913442575613, -188.21129353588225, -53.84736682845478, -68.95391629722072, -179.75717168552387, -244.14870196440907, -95.89254871285927, -189.52122141282814, -197.32476855518797, -123.91528787666266, -154.38806613028444, -179.8276027612267, -66.41776257901623, -129.58227285809338, -90.10455766983564, -33.648270306504344, -67.19874572241308, 63.3796951347644, 32.307038442953065, -168.37508209331793, 134.34510026420557, 53.31558639959696, 107.15977945234705, 367.30042998514926, 67.93865714702201, 114.2033485290956, 17.687765715904266, -57.861682536851774, -8.147247328724372, -32.42520773663068, -80.06543205341622, -131.4711396172855, -27.096416513221726, -23.79866655456221, -81.95940157902845, -138.34338025660335, -103.18765948658039, -69.11380498472136, -83.0873131792481, -52.573795166538346, -38.07705452277141, -167.04471934010527, 382.5690797518888, -52.32859720357701, -158.15047936820142, -213.89292531605457, -162.68658035415902, -228.14976583516207, -174.94552362477785, -196.70906601635036, -237.50366873221506, -219.01900640395078, -165.75075999857214, -129.74898669425576, -219.33567378774956, -167.1889642396324, -57.335446673807596, -255.7292015090545, -189.30652934774227, -108.71973734959923, 6.354157245606169, -132.26038861436714, -71.5079999706509, -161.31580165622992, 5.3294422309619005, 82.22529117597058, -86.42353639790929, -245.9787686497972, -37.06997006992861, -149.20828737451194, -38.35661439329495, 8.25551695570908, -130.62781229142246, -206.0006241573784, 48.166147538495025, -121.96052220692228, 342.39763140009126, -68.15238986306824, -58.000767654855835, -66.21755221006877, -190.94834218416239, -100.9472970051925, -106.77609314080786, -120.3020761671414, -148.7182588083463, -70.53365670411422, -117.2039589369099, -124.39352008074876, -29.421833823686313, -161.28284810109258, -108.80074476929055, -306.18865991811845, -147.84332066910116, 21.070775103229714, -67.38965296140447, -117.23391668615929, 38.46746227106074, -111.09827146610941, -199.32615910367645, -260.1802069343912, -241.1682022063298, -240.01442133506032, -245.49327091822758, -215.18923368204156, -97.11785635327273, -161.79582996015844, 82.9475150526588, 84.7880803849242, -104.23658098038253, -131.37453965087172, -169.9367608493165, -233.33916009409828, -158.52865964815823, -199.2493446378932, -215.87852306784018, -166.50887847853693, 10.336841513013864, -46.57544682741877, 35.16090626125167, -18.251250347303028, -175.97016469993656, -95.9683572295495, 39.10637783823088, -123.86205573765557, -117.91862017595388, -54.29896746543529, -83.0822387990205, -150.41974230222453, -162.52211323120878, -237.36319020156887, -184.97658516854395, -221.24293396798117, -76.69379727134726, -16.603769858591864, 180.23446810654153, -128.47653250318942, -196.31437831016427, -184.56866942483182, -125.4019021755586, -122.27883864531013, -114.83494120965396, -215.22888423839973, -184.39698248903952, -260.43697750111664, -205.9615070363301, -211.4959079500344, -95.3682349373099, -73.37788583444507, -57.68196927721574, -70.5851335333647, -133.69489563882675, -64.2240065057028, -129.8075657915424, -93.3520461746702, -200.69245995496362, -136.50437051525478, -80.19530573375773, -35.70523082587269, -34.53727866994128, 7.00448990067756, -0.31771233397974585, -80.01388878245504, -95.15065403292623, 35.004261994980496, -158.54540912749243, 6.363536024267943, -85.4274255550522, 73.8519288683421, -53.85364232956189, -7.040053070354416, 206.65374687937432, 243.5767572602944, -39.55254427311988, 74.28910871694215, -37.351878263742144, -28.313074228547066, -80.11416274828755, -4.914847129321683, -163.99029492739373, -58.7877192470074, -129.81074445508946, -118.334149920209, -167.64055980852567, -178.36298139781067, -159.90234675787408, -59.33539389142624, -116.59711416270707, -114.53042224743032, -132.33342381967097, -185.5107669612785, -241.69583943644642, -194.2168401034874, -102.5621553149856, -246.71234875215418, -26.07763940472193, -127.36019616466595, -220.48728624506415, -141.51744713767067, -182.08931390552513, -99.1214370541487, -73.05727800109005, -182.30346796076887, -134.73250409708248, 469.0870020956834, -100.86167698818852, -115.95571173497609, -181.93193660590018, -229.37216720686092, -230.63792276321533, -236.19104709724743, -78.89201560669875, -121.4079854993627, -308.1506665593729, -239.78339646529997, -296.8751514720876, 156.20882631628788, -109.3664425424534, -96.77366189817413, -81.62612270176956, -113.5909811523609, -116.47378077240553, -117.59206116559665, -79.63165953893517, 149.99122315193762, -45.98691071597992, -147.5590198058779, -124.52154278186993, -136.1705573144459, -74.13322123640278, -44.65127028919824, -220.7078339480878, -215.3111739897123, -132.7968906553087, -211.6355334004574, -107.91578825622199, -135.6903894198531, -288.3835811671624, -197.55346848431182, -183.8047147111752, -103.9396267548299, -157.3289587257185, -197.96327923822156]",20.217871252486965,0.7111382223245548,0.9868560440899884,9787.357,613.036,10.368,578726.911,37174.396,161.401,11.708,486000,486000,41.10151515151515,15.380303030303033,7.10542746348012e-16,4.999999873689376e-05,4274.857,-0.0019586799,4274.8584,0.09403333,0.0029989893,0.09042022,0.0
802.4655855538319,-1524.0985027008005,-617.3643905820833,100.0,60,15,492000,False,4920,82,212f51d07e9840f9afce8433e261ebfd,2020-07-14_17-02-38,1594746158,47.004876136779785,3847.018968105316,62816,tango5,131.234.250.245,3847.018968105316,0,82,d74d5_00000,0,-396.3316307408888,987.712600624027,-102.89406509701391,"[-739.8325090439909, -313.61360214297457, -520.3657066904027, -857.9790078216473, -1156.7867015030843, -726.283252768647, 607.3590128440976, -952.6010811122978, -1127.3188390966334, 426.2447001011968, -1524.0985027008005, -103.21823443530724, -878.8940092048489, -1134.3584710214568, -80.98856966909837, -1013.3524288806699, -768.6365267032368, -830.8995613521347, -1276.2212453836319, -622.1010351502864, -1029.0731311584193, 259.0499810088935, 270.4741700547877, -862.518571435078, -819.29532350303, -1046.9540268695253, -657.0532002575578, -935.4785443034423, -249.39722462605707, -138.89835352762722, -874.7526442216664, -766.355773720199, -496.2662716049434, -1324.192078508988, -383.76234438712544, -893.9700274822729, -888.8302949832743, -1018.1664300174992, -643.9111433225379, 203.19269791345073, -214.09565504698995, -1331.0431548884526, 24.461085730606193, -433.00145523476897, -290.9002849603982, -957.6728089753368, -61.941985957176236, -288.64529421868775, -263.67581477225497, -177.0985130301849, 176.43785575549214, 35.96632945212252, -1406.3068658759735, 267.18548989764275, -1262.3963074415062, -665.6118706672602, -33.47689398126419, -1029.8810319395109, -413.2220072917196, -384.0454933948602, 802.4655855538319, -607.5218726249367, -831.1324232543245, -483.7013720476674, -753.8376973781697, -99.48588436536126, -284.7186548729399, -407.9435748628389, -988.113327480638, -1192.7630940298948, -762.9216546565426, 461.6229341525952, -1365.1184235937458, 172.23949218756894, -1427.6183277349464, -619.5332836404492, -349.9474711426825, -1098.2039092625255, -574.566755396244, -1275.4018860288477, -122.55463561801382, -754.4089211705916, -592.2718401226194, -723.660059663961, -786.6979533110956, -753.3473321646482, -1224.1223492145175, -28.09991641198935, -710.1667864113934, -895.7404212900478, -503.8642339967246, -751.6664804292805, -291.10042260957897, -792.0849237573964, -1295.5202104073317, -766.9319455740664, -795.7960221665858, -1112.5552234931097, -1473.9873764435347, -1076.5916199446335]","[100, 100, 100, 100, 100, 100, 100, 100, 100, 100, 100, 100, 100, 100, 100, 100, 100, 100, 100, 100, 100, 100, 100, 100, 100, 100, 100, 100, 100, 100, 100, 100, 100, 100, 100, 100, 100, 100, 100, 100, 100, 100, 100, 100, 100, 100, 100, 100, 100, 100, 100, 100, 100, 100, 100, 100, 100, 100, 100, 100, 100, 100, 100, 100, 100, 100, 100, 100, 100, 100, 100, 100, 100, 100, 100, 100, 100, 100, 100, 100, 100, 100, 100, 100, 100, 100, 100, 100, 100, 100, 100, 100, 100, 100, 100, 100, 100, 100, 100, 100]","[-77.81532583120067, -285.9390537112235, 13.32458430378875, -233.83374532115624, -55.1593473938419, -100.40962109035668, -108.47832268432161, -110.04589081030316, -1.7015672284492207, -13.111850421751758, -90.54671691531045, 10.27074591716175, -117.70236274727631, -98.89460739438452, -102.54163160796675, -119.58481637733918, 45.144321420867435, -126.78660998430335, -243.05627804209527, -144.05288483195162, -166.93666114053175, -178.40137682880464, -87.72709676343892, -37.80471021482409, -139.82184586702493, -123.48820985317857, -228.40786611737482, -278.0280709205346, -230.17490027508885, -156.86580846988252, -60.75689526109413, -99.17673576680106, -127.30736858443007, -167.29100528019555, -117.73027669542756, -154.02097118069855, 113.46430421034553, 29.010042966069406, 112.40359865165085, 63.45264585343007, 153.31554991532053, 135.71287124727846, -136.19798625480684, -146.8612155647747, -184.51944121000665, -216.76167321240789, -132.64927314995597, -135.61149172034578, -169.42279381641924, -190.87593682246336, -201.61394962281486, -157.28383183978806, -180.74625616580158, -227.37607082934667, 70.17683748430659, 168.87036971646424, 79.48711073128418, -60.42975483528597, -29.443268552887833, 197.58340555731652, -224.86195214666117, -321.9681819943368, -210.04266343630013, -367.7547501228493, -241.27525216355514, -158.19570283709845, -42.154241628003426, -48.09766042862586, -82.59812038278085, -89.58532689019563, 45.921467170285275, 113.29564772401311, -54.53202510151218, -169.25122647333046, -173.8435773842421, -206.63836425948293, -142.3758684430019, -132.25294754327854, -309.4858069573838, -82.87330702977384, -182.8093611158936, -154.18402329363565, -216.4982389444838, -188.50773368028604, 61.752388819486235, -70.87049219495697, -47.31597266220535, 109.46168135275825, -99.01757285118023, -34.998602133000226, -109.33235661524276, -145.31132187462205, -179.9024244613678, -147.47255071328453, -225.02128792568124, -206.312487290472, -180.9671150441205, -102.76330336249978, -89.40196513001128, -193.58518779363072, -144.37819268653084, -57.5407626864433, -195.45943901374864, -188.82109926343355, -98.10211587280119, -177.40520717727222, -116.92466172851131, -54.18703829636753, -255.8690737811089, -212.40066652268598, -184.14083183100388, -173.3293936044666, -236.85069149606795, -213.63058814829805, -117.6534781977373, -24.014465021031867, -151.29970767540618, -117.57432851769899, -166.46594588772174, -45.09310985069196, -149.96427399356008, -162.50258437621355, -199.33503956166132, -263.15594353957374, -224.19721627396922, -29.918073413442066, 82.84317352940195, 25.637789572563076, 99.42096340842268, 82.27971099314396, -19.452099827770105, -11.679556666867523, 135.62430550070857, -86.53041920363253, 65.78524310227789, 7.067917783769295, -108.59242722387052, 257.1195500955345, -145.0118217250937, -117.98799335434136, -252.31453069687714, -106.82746638425792, -124.80096389691033, -115.57579537759848, -15.981845964117984, -83.6894346122699, -255.6333320204134, -41.42623645967499, -251.49863514517398, -171.0658393013792, -160.87532772814689, -194.37006650218575, -146.05543496307087, -229.12289178525796, -161.7456470555511, -154.7846588353126, -139.63576987287752, -197.1823709877124, -209.95179624453098, -47.623579534454976, -102.31995498757793, 39.66027136959499, -79.338028602292, -178.0135484826303, -176.14296460395448, -240.79887293149508, -192.91366759016998, -68.27146209289933, -37.66013152828273, 21.85599061536122, -24.48165342712795, -83.3822150177768, -87.28641486515427, -38.442800403076625, 63.21815380157438, -42.31153725126337, -55.396486045921776, 98.19324535706993, -62.4178496979447, -140.1838796911415, -203.3390443302605, -117.66135943532272, -55.86339367205297, -210.686569569541, -69.92108149911445, -217.28119571537488, -88.20803871643054, -122.75345622860257, -233.16047291634766, -192.82946922997533, -79.41365886317969, -49.99067776566215, -129.3869396888917, -208.27108753955136, -188.95531437386487, 203.30409547330783, -137.99269698303107, -34.964328492911534, -156.0580191260442, -268.70494113728574, -146.1336003314511, -273.4318732740854, -248.24788307270327, -231.61576156741978, 46.30277724963374, -163.64667927070155, -39.669600022095445, -189.73471900525095, -99.20548667719736, 62.19136333848602, -98.35771932426371, -123.87008337226885, -117.50672870730546, -106.0467955182606, -238.44193889086625, -209.74676166930715, -189.2694801046158, -60.141703562722164, -196.41720470018547, -134.1474760143384, -129.32974229582248, -179.524688305591, -204.67126280809217, -132.71801369248368, -207.38151225573915, -42.31194986200801, -248.79497973814256, -182.2887116610337, -31.72868040251336, -123.83717060194306, -121.77081006406861, -137.79079756303827, -102.96336838831122, -125.82031630266296, -44.9167380519754, 87.67834931402494, 44.00875069270356, -9.1334525832018, 50.19398370205074, 75.36180483984873, 4.5835236655308, -43.05015274717104, -101.45812511312832, -9.144301812638007, -60.64878411877705, -4.377814920806258, -157.59967993102873, -204.04442392952927, -247.81561858516008, -215.8094964007996, -334.6279693255558, -171.14596671638003, -90.29762909565557, -15.828773607714313, 113.13694841199377, 28.594217831678982, -14.023502719684254, 2.8798249099876587, -140.64763704848968, 102.12188209163367, -182.7627367590378, -131.0645657268528, 95.23486129606464, -175.88325908808707, -65.69970317375184, -37.20068121962094, -51.22075080771623, -102.65424854890546, -34.77266544575044, 0.647764235347168, 66.83700389130357, -280.8395898299013, -147.3459609706286, -220.04467196376578, -177.88710441078413, -198.39248569156226, -30.604995526899593, -30.185466298453353, 23.37975087177192, 63.644170470090884, -5.512951282083288, -82.66249419160305, 16.254651961997638, 41.290859710781504, -57.48642998708482, -38.53646919639939, -36.52191808472034, -213.64598862326378, -118.5837287935116, -72.42136951786235, -103.70591492037715, -145.45153079146257, 76.12835487334941, 100.35837437760826, 20.80428989490591, -32.01867188693279, -45.78144324973508, -126.84109314525631, 61.57496806274109, -54.836562705907596, 225.0852748993879, 117.43478296847917, -44.63352264084558, -56.919179680485136, 15.058072434850416, -79.58757222589453, -106.88104482130566, -61.81952413147478, -79.91071590240885, -18.801194259833014, 157.61127496900565, 145.76753359813915, -279.6145077254084, -247.8309861968273, -396.3316307408888, -173.1517227823574, -50.980612620534195, -258.3974058099584, -17.766114371241056, -56.42385397093426, 25.4344675042796, 62.42834707954803, 146.2557069476581, 107.25693670833233, -161.50843218736102, -288.04522419039324, -260.3082263633521, -214.80977295008557, -183.27465097884954, -154.4500007714637, -97.57739883465348, -112.43309322960276, -100.09637793060001, -153.62968068461416, -146.06690057782893, -55.8084194099611, -78.25742161122602, -61.031845150371396, -179.6002838279803, -130.59398556598998, 214.18166182101606, 201.82498035328703, -67.18699046702974, -261.57933764010875, -162.46554599130326, -196.7542486864025, -254.90765465870686, -86.98725449596094, -132.19588234707712, 63.1471698694935, -135.82254553407276, -175.24006114395561, -118.80032296447028, 85.6896348283632, -75.01721697524266, -74.79067951987061, -44.15663260560365, -61.10091611618575, -6.894014071334841, -122.08603410662244, 198.1474177818882, 138.22240216487216, 119.23198690288952, 89.92025691405246, 123.31032975535021, 133.63319203477806, -46.472647046779514, -87.20056766276869, -105.12543680489715, -126.61923042079297, -8.452673876233295, -233.65131681346423, -129.0994982875854, -330.7665233838058, 197.07818681199205, -155.17729219490025, -209.90999469448946, -203.25730150553628, -54.045142745714806, -95.01587984809815, -34.612093657087335, -73.68303090755994, -70.32298712573231, -156.02223776347537, -17.554829277723517, -179.46493841429657, 15.574414413106066, -187.56470319384178, -257.0606684811483, -127.76697242426627, -69.4583055616369, 78.37128580552411, 51.81936559728118, -88.9556342499862, -32.53638777740617, -38.72620817913683, -27.33787146650097, -4.8578380853183845, -149.61800074727196, -3.5256288984541424, -133.54065197586033, 34.161336300466346, -171.06497488219952, -112.37197815182584, -155.82391226352976, -87.88180573785887, 112.17625808501514, 7.022838087559335, -147.56961912623996, -181.03580765484472, -76.32029423008856, -171.74153927266374, -205.87683739910403, -205.56922979769777, -184.07962858977714, -198.93864967259225, -267.0324234104914, -209.6539650844701, -276.4095167438281, -56.64891052873566, -284.2168513839007, -204.44641610548746, -189.2123047991401, -178.3911060087368, 301.12518315624214, -207.78015951552112, -185.18975450999616, 987.712600624027, -21.10441510851456, -131.1456964877334, -101.33173962278039, -87.3180607424065, -184.49982179883415, -192.20485558211428, -368.2083205595057, -245.8939644913084, -144.3822715449072, -229.92918961707556, -70.85129688668209, -0.09864183396547488, -77.1637207025989, 310.7760019033957, 73.8875929260689, -64.31044321864914, -219.02230396538198, -310.8959960897197, -251.0887328692033, -163.13366908855488, -228.506235106178, -254.9713906159094, -212.41868146051584, 10.749111996268336, 21.83899674133329, 17.174241218437135, -250.46359564785982, -206.41335648811324, -6.133654842711912, -65.99499062339083, 2.1697277688510885, -118.55381895410527, -155.98286576965606, -5.451868721668778, -105.10350605671081, -294.6483305568122, -185.69001333853967, -145.45330563039323, -136.05105480563753, -231.25769887443306, -31.8717156073003, -36.14862863444419, -263.6694664149826, 65.37527727865361, -255.80985635506264, -52.442365663108276, -183.3860259265969, -254.92281203980713, -162.51802276925437, -215.01094160717398, -208.94077589155316, -250.62330779446324, 113.54105538600578, -74.46255215961843, -87.59522804969217, -31.226652786216516, -12.346012773331148, -30.465245235161362, -163.38070970316178, -192.7970514974452, -79.00016430814185, -90.92739504032643, -64.72250820018822, -163.5810924213282, -126.79949743709727, -15.940476636728713, -142.30401599016042, -113.01743046546042, -149.20678177928747, -45.00363781388607, -191.06601038782486, -186.7855180254544, -204.32488563798478, 102.41982236362199, -85.02900213929004, -158.87446583702976, -148.8488316605027, -27.381206483355143, -178.20755676491595, -103.8513345363232, -80.31329225411801, -248.09573161188257, -141.9327958001883, -160.7510971362038, -121.48616145953027, -178.23075776681978, -168.8455114891031, 17.898991487196998, -206.8267115533202, -240.294143612627, -256.0392607923189, -228.51374814588505, -156.8022238914298, -135.64626121893565, -35.889529104253306, 37.93041272553276, 49.65702013888004, -46.96030976516654, -21.83699529487392, -11.000515112108559, -156.40095353334732, -145.83453597942494, -104.92388884411939, -66.34285356359555, -61.563541609063556, -175.10101288184222, -257.70312488227705, -109.15136167614018, -170.08817289864024, -241.72405480074298, -116.60695266596231, -0.466754366284575, -189.82159515561347, -87.1559358872873, -96.85300052159482, -73.58078975697731, 103.59409327840379, -160.04700595365523, -178.24424121330694, -232.92998764721034, -235.51751032405068, -57.532850477582336, -25.680568128214865, -21.76132263891365, -38.11239551733429, -205.79348603030658, -125.47420875338007, 102.74882958446798, -19.40398549784201, -5.065176395184366, -89.04823232087124, -218.0319837038751, -198.45617437912418, -9.276788594717083, -116.6975315931582, -160.57421316565052, -309.9064748554138, -133.81177210613188, -194.5085369421509, -154.31800139538302, -364.98857042320896, -137.98685468504178, -154.25385327175186, -69.590468970655, -248.98719377176604, -175.3934827631708, -4.310940200100054, -114.39600659662361, -77.14738559847093, -168.15975614683552, -26.34425704756434, -181.19224029428494, -178.34064542704888, -164.6117376523812, -244.75257151607016, -195.3351370176855, -143.7714728792587, -225.66272044625813, -134.06029057708324, -168.97303105675113, -226.04364861885884, -181.29949191015484, -184.74703877582414, -339.8810440300268, -366.31744021622205, -175.69871289244762, -218.4785256608554, -205.86185118402673, -151.77597439352215, -114.26484074459121, -197.99913442575613, -188.21129353588225]",20.228332754432184,0.7111205019759916,0.9868332703017473,9779.151,613.55,11.445,524251.958,37171.431,161.414,11.634,492000,492000,41.35846153846154,15.367692307692307,3.55271373174006e-16,4.999999873689376e-05,2969.2917,-0.0020104144,2969.2937,0.11366191,0.002241514,0.093026266,0.0
979.0409851585054,-1410.6498798464654,-519.9368218037854,100.0,60,15,498000,False,4980,83,212f51d07e9840f9afce8433e261ebfd,2020-07-14_17-03-25,1594746205,46.863327741622925,3893.882295846939,62816,tango5,131.234.250.245,3893.882295846939,0,83,d74d5_00000,0,-396.3316307408888,609.9622617008895,-86.6561369672976,"[-146.3831976873425, -299.7761851318268, -657.6145348752274, -1410.6498798464654, -396.09074949230575, -668.9927939862524, -3.9798497596549245, -90.81443078371143, -974.9729130803709, -1090.939449206134, 592.7598453909577, -620.3713315147609, -77.53084580669267, -361.32956625323067, -510.147224976326, -506.5554212087509, -260.88792674809525, -149.58378033621193, -932.0082807508103, -401.36494517437694, -657.8588422627587, -254.42225215960823, -886.6941141478361, -825.5230909298738, -916.5385380641284, 397.9068971358731, -650.4986686381866, -689.9632433650293, -379.5970965401016, -520.469086450514, -873.8096549637294, -956.0940976721989, -52.76797086425815, -1123.3574574010797, -435.0803734665912, -446.43995515029064, -1039.8067524436035, -821.3621298425812, -698.2635894607117, -24.609869167785845, 979.0409851585054, -611.8457430840145, -393.4910249330127, -504.0568307124162, -248.88187479804705, 137.80930852217296, -600.2716527323093, -300.1472458307808, -619.7454560079208, -1138.300140149852, -462.8602066468919, -732.7058852327142, -1117.7739495211358, -955.6801081580949, -734.0984104982203, -1188.976392111096, -473.2767085632568, -1337.7868425745066, -134.85668300213786, 271.8292393723629, -1029.0731311584193, 259.0499810088935, 270.4741700547877, -862.518571435078, -819.29532350303, -1046.9540268695253, -657.0532002575578, -935.4785443034423, -249.39722462605707, -138.89835352762722, -874.7526442216664, -766.355773720199, -496.2662716049434, -1324.192078508988, -383.76234438712544, -893.9700274822729, -888.8302949832743, -1018.1664300174992, -643.9111433225379, 203.19269791345073, -214.09565504698995, -1331.0431548884526, 24.461085730606193, -433.00145523476897, -290.9002849603982, -957.6728089753368, -61.941985957176236, -288.64529421868775, -263.67581477225497, -177.0985130301849, 176.43785575549214, 35.96632945212252, -1406.3068658759735, 267.18548989764275, -1262.3963074415062, -665.6118706672602, -33.47689398126419, -1029.8810319395109, -413.2220072917196, -384.0454933948602]","[100, 100, 100, 100, 100, 100, 100, 100, 100, 100, 100, 100, 100, 100, 100, 100, 100, 100, 100, 100, 100, 100, 100, 100, 100, 100, 100, 100, 100, 100, 100, 100, 100, 100, 100, 100, 100, 100, 100, 100, 100, 100, 100, 100, 100, 100, 100, 100, 100, 100, 100, 100, 100, 100, 100, 100, 100, 100, 100, 100, 100, 100, 100, 100, 100, 100, 100, 100, 100, 100, 100, 100, 100, 100, 100, 100, 100, 100, 100, 100, 100, 100, 100, 100, 100, 100, 100, 100, 100, 100, 100, 100, 100, 100, 100, 100, 100, 100, 100, 100]","[305.8133419150839, -163.3267778513336, -132.0073911105668, -209.611681479749, 217.24100204061824, -164.49169120139535, 214.10577397957618, -122.67850183391232, -117.93990769701968, -30.98077416974185, -123.03650119647602, -119.24627421425382, -64.36851719376469, -72.28943700723445, -210.19217417829205, -63.97549085289452, -95.36627305156661, -151.42264259147498, -306.0282027214477, -271.1195209831312, -209.09613755970648, -253.73281710937184, -208.8942985970463, -161.7789028757608, 10.865457276919638, -15.392659683530175, -39.56354154287025, -41.805945856475304, -178.76330541722288, -131.43075426912895, -128.25157581308426, -57.095816707402854, -133.01693289077232, -196.06308347995449, -90.71008799547907, -63.85529709955828, -1.2482521702337765, 0.04615742281218416, 17.932733758515976, -20.847961763064973, -106.27317378085047, 106.41064677316606, -72.476602710848, -150.66362709004125, 577.9192720643249, -226.29593920643828, -123.84417630494298, -95.45335753576569, -168.73323682197267, -204.6786443498893, -190.57876597508857, -151.13445639141014, -116.59257836495387, -143.25523117705828, -284.095430374711, -183.63054198694982, -115.80902710250476, -234.27187224388578, -162.1998830044606, -110.93269449362174, 16.04479832564381, 149.88761247824414, 138.8517610971408, 44.27151594023611, 132.5672674356183, 111.13689011407268, -109.17757305635476, -134.41601633514225, -130.28516451166837, 17.911414714786886, -200.82687325081574, -63.57711907556681, -176.28739257413858, -97.24586924397731, -159.3066581297551, -133.54736485902183, 609.9622617008895, -121.10582270069048, -147.38918650328148, -129.60906259894034, -35.099970233107896, -70.3639613502827, -33.60691045961541, 54.73952489199677, -20.62540717448672, -125.4670335678768, 17.704836769275747, -235.1701787157884, -105.04794273151992, -41.541499555929484, -80.5267983067511, 57.49516125972039, 3.828131797480381, -212.56411638326955, -128.4494352923844, -146.33836428354707, -31.642072162187958, -41.4371740560821, -90.84191057127674, -65.59566283360022, -29.061546742809405, -2.309560382138385, 54.73725250385974, -70.4243108517903, 68.21837639813634, -26.74884966078845, -76.9837392198975, -98.38250950573155, -194.99390144492293, -60.75851840112719, -110.73454458413923, 28.250297029571037, -349.8438310618247, -243.92778228836903, -158.2439413605382, 105.04334539271836, -130.54599441684442, -104.3604441077757, 37.02481657448715, -150.2827272564245, -126.18550542399873, -131.3824266327164, -134.96830546138, -50.816744308675126, -40.12316616020023, -174.38269427578936, -99.23131916680882, -59.78652827675044, -157.61181193015403, -130.5478160027683, -97.10030813536468, 289.85553135223785, -106.01726055786189, -179.88483750290314, -217.0832365244172, -151.54419714261215, -303.91525010444525, 71.75066768440375, -135.7219144082222, -191.45906557038018, -155.4259193797273, -178.29819360852605, -83.47356281893059, -81.14443514408792, -4.933136305140936, -114.8172278943897, -241.36458607878575, -201.12984221159974, -276.6351276020355, -77.6586179721758, 170.37557755408343, -4.8638104391132675, 41.96866538128734, -6.897611892132229, 8.710079468466173, 188.6139970632816, -135.68550904130726, -122.87096461184666, -61.43582981973598, -127.63750801052107, -101.59944147403841, -101.26941568073737, -201.28212236922653, -72.57967492706045, -120.14957098222168, -141.45907404762394, -102.74530533502103, -51.74749570387601, -24.724068431367897, -44.60922194603414, -68.04506843522068, -151.48494877407137, 39.97647994373145, -130.71026889713866, -28.548245333640306, -56.25615169506766, -135.40381270734224, -115.2325599279739, -71.12861533988992, -113.89970144660121, -42.936168991396436, -25.642062924245835, -160.42079904152345, -304.3933378389129, -209.03251969543442, -131.38476647221665, -177.09581831145644, -160.92588791004277, -126.70479905552844, -92.26774642478496, -234.92707285742645, -164.1727731129637, -60.35518320254749, 31.76035923795139, -46.02490630339336, 80.90739307273444, -11.014955526886661, -48.040678142116455, -260.3956243815541, -171.98518035953026, -135.40256564067326, -185.21356275012033, -247.04687736639033, -123.31364690281237, -166.6680439942752, -139.11687688007808, -30.091367154161876, 37.76311479517191, -16.633545367929123, -120.33365486531805, -39.809914990060605, -172.34815326850622, -136.59308171617946, -39.429083422868594, -102.01174958568079, 43.75202783300385, -226.95720558284225, -129.50248664800435, -159.9429371812423, -206.11730500008179, -145.81070542863117, -171.4761126028007, -200.5930648405429, -213.6694805658215, -158.467083957751, -197.87243854768977, -228.26557236756526, 177.5055104367879, -71.00290403202823, -194.80474844054137, -166.14234050415013, -21.419522155452167, -246.35937601968382, 1.4653016911442562, -112.72356605305897, 82.61930503601302, -117.96720130625448, -125.08974975119072, 173.58703298802686, 74.9643099186784, 307.54703707005075, 308.19498437381867, 84.8875813563352, 37.127772430612765, 62.15575519605833, 179.12785473163083, -123.92273329974796, -52.730640351301204, -95.06301579459556, -120.680478188717, -159.47337683924448, -59.97549861040772, -54.70380931506968, -51.836544590341234, 21.21139509382497, -132.01598278501294, -26.688479600673393, -149.4576037357398, -80.14020436019476, -152.47228992528898, 105.58128993770414, -2.920730242957011, -149.61917013214497, -224.48572598953368, -96.88892508129399, 26.70385785655756, -48.032703125545744, 41.031469520064476, -81.01278482168232, -90.6827891461472, 81.30250757410009, -31.136360374997494, 78.01955009393198, 28.91614329982916, -23.876447562715786, 4.583915492025105, -198.62453498453075, -19.716545064204986, -136.42513865333237, 47.57844388336031, -228.07664965457815, -65.00722825902382, -31.310543662297587, -94.82245299439263, -96.69672536742969, -26.207021094995184, -18.153322893008465, -32.95717981865729, -55.59180830755671, -98.8289130180799, -100.24139325918135, -183.11860617293823, -97.45345261889298, -84.51128263127111, -324.7099219219387, -159.74039066586803, -240.34562292565715, -138.05427755965084, -136.16083494835001, -139.28909212838678, -21.908292414858312, -4.003384766222474, -206.51779792563227, -68.65973847251442, -124.30065820726034, -37.47033486040448, -74.19953589059814, -144.74469212928423, -122.56028492242984, -205.08260670478649, 5.750913163959602, -191.86967874957466, -164.2656496254577, -339.21502433797303, -211.6274883029664, -141.6540812428279, -136.4782230609293, -124.53348295098107, -197.2972438896553, -224.17218430435702, -60.475754683752214, -132.86476516677348, -203.35382425420312, -137.51633585935508, -122.37743806238083, -101.44617637795206, -90.044875390148, -75.99630523421644, -218.31100824212382, -125.92260719139918, -182.68239110578693, -200.81364230037545, -194.25026207098892, -183.48973892559738, -182.5713487172431, -245.16900899110536, -168.68268680233606, -187.43927533067045, -103.5420356242733, 256.0146953261386, -83.53057009516532, -186.0968360369501, -184.4631999899688, -223.47526186865883, -233.90846165842757, -296.63450326759664, -205.52081170871517, -193.78460408114, 3.34172518324109, -89.53204232883526, 23.883724947145506, 61.67520767267569, -137.86400162733224, 3.6387031509673253, -27.090755999766724, -8.619988277128265, -20.307513245581486, 377.5745833355778, -33.397121388746484, -16.329965051992083, -149.96427399356008, -162.50258437621355, -199.33503956166132, -263.15594353957374, -224.19721627396922, -29.918073413442066, 82.84317352940195, 25.637789572563076, 99.42096340842268, 82.27971099314396, -19.452099827770105, -11.679556666867523, 135.62430550070857, -86.53041920363253, 65.78524310227789, 7.067917783769295, -108.59242722387052, 257.1195500955345, -145.0118217250937, -117.98799335434136, -252.31453069687714, -106.82746638425792, -124.80096389691033, -115.57579537759848, -15.981845964117984, -83.6894346122699, -255.6333320204134, -41.42623645967499, -251.49863514517398, -171.0658393013792, -160.87532772814689, -194.37006650218575, -146.05543496307087, -229.12289178525796, -161.7456470555511, -154.7846588353126, -139.63576987287752, -197.1823709877124, -209.95179624453098, -47.623579534454976, -102.31995498757793, 39.66027136959499, -79.338028602292, -178.0135484826303, -176.14296460395448, -240.79887293149508, -192.91366759016998, -68.27146209289933, -37.66013152828273, 21.85599061536122, -24.48165342712795, -83.3822150177768, -87.28641486515427, -38.442800403076625, 63.21815380157438, -42.31153725126337, -55.396486045921776, 98.19324535706993, -62.4178496979447, -140.1838796911415, -203.3390443302605, -117.66135943532272, -55.86339367205297, -210.686569569541, -69.92108149911445, -217.28119571537488, -88.20803871643054, -122.75345622860257, -233.16047291634766, -192.82946922997533, -79.41365886317969, -49.99067776566215, -129.3869396888917, -208.27108753955136, -188.95531437386487, 203.30409547330783, -137.99269698303107, -34.964328492911534, -156.0580191260442, -268.70494113728574, -146.1336003314511, -273.4318732740854, -248.24788307270327, -231.61576156741978, 46.30277724963374, -163.64667927070155, -39.669600022095445, -189.73471900525095, -99.20548667719736, 62.19136333848602, -98.35771932426371, -123.87008337226885, -117.50672870730546, -106.0467955182606, -238.44193889086625, -209.74676166930715, -189.2694801046158, -60.141703562722164, -196.41720470018547, -134.1474760143384, -129.32974229582248, -179.524688305591, -204.67126280809217, -132.71801369248368, -207.38151225573915, -42.31194986200801, -248.79497973814256, -182.2887116610337, -31.72868040251336, -123.83717060194306, -121.77081006406861, -137.79079756303827, -102.96336838831122, -125.82031630266296, -44.9167380519754, 87.67834931402494, 44.00875069270356, -9.1334525832018, 50.19398370205074, 75.36180483984873, 4.5835236655308, -43.05015274717104, -101.45812511312832, -9.144301812638007, -60.64878411877705, -4.377814920806258, -157.59967993102873, -204.04442392952927, -247.81561858516008, -215.8094964007996, -334.6279693255558, -171.14596671638003, -90.29762909565557, -15.828773607714313, 113.13694841199377, 28.594217831678982, -14.023502719684254, 2.8798249099876587, -140.64763704848968, 102.12188209163367, -182.7627367590378, -131.0645657268528, 95.23486129606464, -175.88325908808707, -65.69970317375184, -37.20068121962094, -51.22075080771623, -102.65424854890546, -34.77266544575044, 0.647764235347168, 66.83700389130357, -280.8395898299013, -147.3459609706286, -220.04467196376578, -177.88710441078413, -198.39248569156226, -30.604995526899593, -30.185466298453353, 23.37975087177192, 63.644170470090884, -5.512951282083288, -82.66249419160305, 16.254651961997638, 41.290859710781504, -57.48642998708482, -38.53646919639939, -36.52191808472034, -213.64598862326378, -118.5837287935116, -72.42136951786235, -103.70591492037715, -145.45153079146257, 76.12835487334941, 100.35837437760826, 20.80428989490591, -32.01867188693279, -45.78144324973508, -126.84109314525631, 61.57496806274109, -54.836562705907596, 225.0852748993879, 117.43478296847917, -44.63352264084558, -56.919179680485136, 15.058072434850416, -79.58757222589453, -106.88104482130566, -61.81952413147478, -79.91071590240885, -18.801194259833014, 157.61127496900565, 145.76753359813915, -279.6145077254084, -247.8309861968273, -396.3316307408888, -173.1517227823574, -50.980612620534195, -258.3974058099584, -17.766114371241056, -56.42385397093426, 25.4344675042796, 62.42834707954803, 146.2557069476581, 107.25693670833233, -161.50843218736102, -288.04522419039324, -260.3082263633521, -214.80977295008557, -183.27465097884954, -154.4500007714637, -97.57739883465348, -112.43309322960276, -100.09637793060001, -153.62968068461416, -146.06690057782893, -55.8084194099611, -78.25742161122602, -61.031845150371396, -179.6002838279803, -130.59398556598998, 214.18166182101606, 201.82498035328703, -67.18699046702974, -261.57933764010875, -162.46554599130326, -196.7542486864025, -254.90765465870686, -86.98725449596094, -132.19588234707712, 63.1471698694935, -135.82254553407276, -175.24006114395561, -118.80032296447028, 85.6896348283632, -75.01721697524266, -74.79067951987061, -44.15663260560365, -61.10091611618575, -6.894014071334841, -122.08603410662244]",20.236133872871985,0.7110947946577295,0.9868005600481404,9792.018,612.744,11.471,523062.073,37174.418,161.401,13.475,498000,498000,41.22461538461538,15.392307692307694,1.77635686587003e-16,4.999999873689376e-05,3458.005,-0.0009901373,3458.0059,0.12667,0.0017275822,0.093330085,0.0
979.0409851585054,-1500.7449128877213,-567.8905620325452,100.0,60,15,504000,False,5040,84,212f51d07e9840f9afce8433e261ebfd,2020-07-14_17-04-12,1594746252,46.90099239349365,3940.7832882404327,62816,tango5,131.234.250.245,3940.7832882404327,0,84,d74d5_00000,0,-347.69479339375334,990.6579381170873,-94.64842700542418,"[-718.2749944969652, -1225.37158252605, -97.86827616169226, -774.7437783007716, -46.49560028757789, -946.3632850015861, -17.47302914306242, -808.1395638373541, -783.8450049896924, -1110.2219447817133, -1181.5461862410816, -26.554481603962618, -1337.9601143419832, -1345.8983547010182, -253.66896546744005, -1140.8619928875742, -1044.7725258377338, -1030.259059460564, -1215.3977220631546, -1102.7734549438637, -730.7136044005623, -283.4850627277886, -704.3548940941316, -854.6300023568306, -787.89800722957, 40.89610360579588, 275.0990041040751, 393.84941336992944, -685.4027937306275, 286.47689488572024, -1024.5305866786864, -1460.7678029742335, -535.1771294539299, -315.94913221585404, -381.7240855805442, -547.7587256456284, -35.46011614408155, -754.286020865983, -316.68733243480744, -978.5140516383601, -991.6571737427975, -391.32762639849346, -681.7810750824314, -249.5764730888102, -333.78898742735356, -756.3511207440562, -463.23756279094727, -387.17392327976535, -390.79173082899064, -1053.0881028794904, -349.245751404303, -907.7382433914792, -57.326350244152536, 486.74947206503373, 801.7828327791229, 203.8135637397015, -293.17316155497656, -784.1700366701945, -1059.3964827831057, -1500.7449128877213, -657.8588422627587, -254.42225215960823, -886.6941141478361, -825.5230909298738, -916.5385380641284, 397.9068971358731, -650.4986686381866, -689.9632433650293, -379.5970965401016, -520.469086450514, -873.8096549637294, -956.0940976721989, -52.76797086425815, -1123.3574574010797, -435.0803734665912, -446.43995515029064, -1039.8067524436035, -821.3621298425812, -698.2635894607117, -24.609869167785845, 979.0409851585054, -611.8457430840145, -393.4910249330127, -504.0568307124162, -248.88187479804705, 137.80930852217296, -600.2716527323093, -300.1472458307808, -619.7454560079208, -1138.300140149852, -462.8602066468919, -732.7058852327142, -1117.7739495211358, -955.6801081580949, -734.0984104982203, -1188.976392111096, -473.2767085632568, -1337.7868425745066, -134.85668300213786, 271.8292393723629]","[100, 100, 100, 100, 100, 100, 100, 100, 100, 100, 100, 100, 100, 100, 100, 100, 100, 100, 100, 100, 100, 100, 100, 100, 100, 100, 100, 100, 100, 100, 100, 100, 100, 100, 100, 100, 100, 100, 100, 100, 100, 100, 100, 100, 100, 100, 100, 100, 100, 100, 100, 100, 100, 100, 100, 100, 100, 100, 100, 100, 100, 100, 100, 100, 100, 100, 100, 100, 100, 100, 100, 100, 100, 100, 100, 100, 100, 100, 100, 100, 100, 100, 100, 100, 100, 100, 100, 100, 100, 100, 100, 100, 100, 100, 100, 100, 100, 100, 100, 100]","[-66.11222699089251, -81.38861472152901, -175.11412160658205, -171.75176605150074, -103.77224736381147, -120.13601776264998, -245.7537583964683, -53.7150281942898, -233.28550649807357, -264.2894019115286, -197.50674746123786, -230.82114006445084, -80.30467374715444, -36.688063635595526, -8.06515220189637, 44.74497406461799, 19.871823681329616, -37.42718432299371, -133.99699258930903, -4.776063596958416, -168.7496331109461, -194.40689501869858, -47.77186165954537, -225.04233232531425, 106.57595658478685, -108.87759125015612, -147.27898912582066, 137.85557004857156, -80.8179082024958, 46.047361657536584, -80.41921837019073, -131.41983172272248, -121.71095663219302, -157.2315655614089, -304.07163294194726, -151.5100797731229, 84.02143617228971, -150.0173699053917, 69.9064461954426, 124.24689982734091, -14.776955963021338, -130.85348546972193, -72.3570645789249, -173.2738751813543, -97.63503519682656, -174.29386126929558, -169.15048901484565, -121.42923859610626, -108.99251254989609, -157.87372715790949, -166.31624347714575, -172.42659423557842, -120.35616830287752, -57.879759266285255, -215.6021829794579, -138.72823921237318, -73.55062518906223, -164.90510307343487, -300.80546764947644, -216.63032667790864, -183.87788549116382, -221.27498208408082, -192.99903435289434, -196.48546807301042, -263.0441072369138, -123.86470900301836, 107.7246588196873, -68.29002707820487, -65.76574065647361, 92.10128053064972, -53.169887527843606, -39.15476569177731, -216.23875923961222, -342.37174342189485, -201.88366482816858, -247.82728114600224, -231.79760950465356, -97.84105620165022, -150.59665889302323, -258.7328109626196, -318.66677059316385, -262.947801527731, -166.9503253067263, -188.0039874177546, -133.92110680604418, -84.84478873814088, 38.376781508210414, -67.32192232734658, -66.15462802488041, 60.19669892076136, -175.82629940042105, -254.8749367191798, -179.43783344611788, -148.16993637590014, -225.66456291051193, -156.88842403544368, -198.04544967356887, -234.63964224452056, -128.04722718108715, -154.0348254053346, -181.88092791754858, -148.12445341567533, -80.45671745606667, -180.92080753143136, -205.32083622657402, -136.17209547804623, -156.0058185018937, -271.3827842665511, -194.00874576298793, -220.93733678417897, -186.73098817640604, -213.5198216533568, -191.16232875409585, -209.03850093212787, -217.8214189939651, -149.8776691090015, -237.27079663085658, -143.4025602862332, -127.31246474529792, -227.0885451785094, -76.0442628551393, -163.05438496398884, -39.68072215735867, -167.85234071114934, -209.66729553376214, -74.41459817916373, -101.20159078512822, -157.13752375905705, 52.625458403624336, -88.74331091444238, -7.135569028790819, 18.107473356005613, -90.14514272926499, -206.61414702007696, -63.82839988362002, -65.84488143845823, -102.76679710298852, -175.1555259197238, -259.6548073400871, -117.3799080910769, -15.32450273683243, -294.50032731890076, -160.95682309928293, -6.8136337706509655, -129.13562840798332, -216.22242486933848, -205.40934809971466, -97.7162894021077, -124.34124097454554, -15.073075475880902, -27.816669542834603, 136.70866493836928, -17.90612969793729, 25.39222497402173, -25.592422314878057, -49.88956475094647, -89.35982682034279, -88.97837468889405, -108.48042632524272, 91.03266667625056, -65.71679644065232, 536.6017617029563, -4.5271772832166, 78.66148974341124, 39.60770896333358, 86.55496774413427, 159.62681153631502, 33.925612665951775, -157.60005825548518, -63.83762693017134, -130.41545067126808, -109.16524948273437, -51.201266277543695, -173.18314211342516, 35.381678927954866, 58.296320314639296, 131.12960738557203, -1.5553982113357891, -26.207708388423832, 89.43239485731348, -152.72579560862454, -197.10824449764044, -82.58610883716693, -212.12413965838743, -184.4089984163481, -195.57729966051804, -187.05642111672526, -347.69479339375334, -273.77674020151653, -270.93514391939607, -172.00473741309744, -209.299966929745, -99.37843123384144, -16.64898053864531, -237.16258524506955, -128.1400796379271, -120.4864959977596, 66.6394431993142, -11.688056794532592, -69.8188904216708, -55.33659037570895, -64.92549908856091, -71.70863328708121, -42.471462248299105, -146.592998041614, -111.48443068216736, -33.94157663186399, -6.3693915730709625, -94.87383210884965, 11.538143457021276, -67.86024503051895, -141.56608403559426, -74.38805122195149, -94.99247328467729, -82.86979071927334, -86.08208135361295, 150.08282689901924, 129.50744008564124, -120.73912461183652, -87.47425571583615, -77.25700496244, -29.579997838629293, -101.4420326622828, -127.57016521833059, -122.41043517138877, -141.4617757420144, -132.69097361974949, -128.71063845221707, -83.01062927280502, 322.57697074637144, -172.26791967877315, -134.35056470587278, -133.76633774566693, -115.8688517780608, -237.62515353585226, -106.59322623235191, -127.66393359470696, -138.69027638554778, -182.34328014938387, -185.59818174051762, -175.88105897942853, -121.28269713593272, -187.4198365084716, -163.31701119613788, -120.87837636017323, -222.87819356265518, -137.21524315029956, -49.993420367100285, 19.402863394402768, -123.26134317893394, -122.47317451817455, 22.21269142161158, -155.8644362080171, -175.68093461236194, -156.38181806590563, -60.71604466738911, -101.64293304288763, -31.494908485869296, -131.67848426673186, 69.13109061614506, -235.33897666237183, 13.03352849069314, 74.57094813796695, -39.294579404511566, -86.15645060199206, 53.49816697832835, -115.8095499818426, -51.25816098795058, -186.61509112333147, 52.55209828943472, -247.35999050115197, -196.79501768122668, -127.29400095247476, -169.94133413214524, -92.4330152222869, 77.47223774522897, -139.71543414407523, -95.13923781796636, -26.689297808481186, 6.489876159227187, 17.893745106676395, -226.07721428632752, -112.643957503112, 66.48366573688003, -75.30578932914044, -89.06832031676278, -24.149235268771182, -152.49028659885917, -70.82303149965482, -36.423564358199215, -10.551831484952352, -224.19013937680242, -33.88424240917161, -14.918921700210255, -126.79579389501826, -187.3070050367877, -201.85949716146635, -227.62220723375174, -130.4552538761227, -179.0483456763445, 92.08785492982483, -107.45836491929391, -85.68510095560384, -115.29683252201146, -77.26274791621205, -55.63056002100619, -172.54377076315072, -130.2657600460103, -129.2820108132788, -212.51646600696986, -192.11626249333582, -71.01397326873227, 49.4643227185351, 8.395578000773181, -33.131142197984964, -66.17725184980897, -20.356541882064832, 4.478684966397924, 22.16187590372562, 313.80407601749135, -30.53663562845879, 147.78291459097932, 43.9544585964104, -10.417217415114322, 120.58812466893313, 1.592348719491714, 670.0921714631975, 16.12050878580756, -0.30051644480815565, -6.309804413498623, -148.17549502618678, -176.428267939872, -181.4394208839371, -162.58656061559546, -118.21462991179435, 990.6579381170873, -124.06631598354225, -121.02088172478875, -9.224500566418076, 31.22186330729761, -99.67853852878137, 29.59521194125663, -148.16387297141486, -134.86397191713425, -170.1189318720816, -165.88782123174352, -44.513861214779794, -120.62157746304072, -155.4400743030671, -148.7868036107328, -254.85261985133027, -74.23314270710917, -228.12826927441108, -197.95557303645518, -159.75051387023194, -279.1321865685309, -268.77849143418445, -319.16747657081066, -239.21651447324575, -234.69972997071966, -126.18550542399873, -131.3824266327164, -134.96830546138, -50.816744308675126, -40.12316616020023, -174.38269427578936, -99.23131916680882, -59.78652827675044, -157.61181193015403, -130.5478160027683, -97.10030813536468, 289.85553135223785, -106.01726055786189, -179.88483750290314, -217.0832365244172, -151.54419714261215, -303.91525010444525, 71.75066768440375, -135.7219144082222, -191.45906557038018, -155.4259193797273, -178.29819360852605, -83.47356281893059, -81.14443514408792, -4.933136305140936, -114.8172278943897, -241.36458607878575, -201.12984221159974, -276.6351276020355, -77.6586179721758, 170.37557755408343, -4.8638104391132675, 41.96866538128734, -6.897611892132229, 8.710079468466173, 188.6139970632816, -135.68550904130726, -122.87096461184666, -61.43582981973598, -127.63750801052107, -101.59944147403841, -101.26941568073737, -201.28212236922653, -72.57967492706045, -120.14957098222168, -141.45907404762394, -102.74530533502103, -51.74749570387601, -24.724068431367897, -44.60922194603414, -68.04506843522068, -151.48494877407137, 39.97647994373145, -130.71026889713866, -28.548245333640306, -56.25615169506766, -135.40381270734224, -115.2325599279739, -71.12861533988992, -113.89970144660121, -42.936168991396436, -25.642062924245835, -160.42079904152345, -304.3933378389129, -209.03251969543442, -131.38476647221665, -177.09581831145644, -160.92588791004277, -126.70479905552844, -92.26774642478496, -234.92707285742645, -164.1727731129637, -60.35518320254749, 31.76035923795139, -46.02490630339336, 80.90739307273444, -11.014955526886661, -48.040678142116455, -260.3956243815541, -171.98518035953026, -135.40256564067326, -185.21356275012033, -247.04687736639033, -123.31364690281237, -166.6680439942752, -139.11687688007808, -30.091367154161876, 37.76311479517191, -16.633545367929123, -120.33365486531805, -39.809914990060605, -172.34815326850622, -136.59308171617946, -39.429083422868594, -102.01174958568079, 43.75202783300385, -226.95720558284225, -129.50248664800435, -159.9429371812423, -206.11730500008179, -145.81070542863117, -171.4761126028007, -200.5930648405429, -213.6694805658215, -158.467083957751, -197.87243854768977, -228.26557236756526, 177.5055104367879, -71.00290403202823, -194.80474844054137, -166.14234050415013, -21.419522155452167, -246.35937601968382, 1.4653016911442562, -112.72356605305897, 82.61930503601302, -117.96720130625448, -125.08974975119072, 173.58703298802686, 74.9643099186784, 307.54703707005075, 308.19498437381867, 84.8875813563352, 37.127772430612765, 62.15575519605833, 179.12785473163083, -123.92273329974796, -52.730640351301204, -95.06301579459556, -120.680478188717, -159.47337683924448, -59.97549861040772, -54.70380931506968, -51.836544590341234, 21.21139509382497, -132.01598278501294, -26.688479600673393, -149.4576037357398, -80.14020436019476, -152.47228992528898, 105.58128993770414, -2.920730242957011, -149.61917013214497, -224.48572598953368, -96.88892508129399, 26.70385785655756, -48.032703125545744, 41.031469520064476, -81.01278482168232, -90.6827891461472, 81.30250757410009, -31.136360374997494, 78.01955009393198, 28.91614329982916, -23.876447562715786, 4.583915492025105, -198.62453498453075, -19.716545064204986, -136.42513865333237, 47.57844388336031, -228.07664965457815, -65.00722825902382, -31.310543662297587, -94.82245299439263, -96.69672536742969, -26.207021094995184, -18.153322893008465, -32.95717981865729, -55.59180830755671, -98.8289130180799, -100.24139325918135, -183.11860617293823, -97.45345261889298, -84.51128263127111, -324.7099219219387, -159.74039066586803, -240.34562292565715, -138.05427755965084, -136.16083494835001, -139.28909212838678, -21.908292414858312, -4.003384766222474, -206.51779792563227, -68.65973847251442, -124.30065820726034, -37.47033486040448, -74.19953589059814, -144.74469212928423, -122.56028492242984, -205.08260670478649, 5.750913163959602, -191.86967874957466, -164.2656496254577, -339.21502433797303, -211.6274883029664, -141.6540812428279, -136.4782230609293, -124.53348295098107, -197.2972438896553, -224.17218430435702, -60.475754683752214, -132.86476516677348, -203.35382425420312, -137.51633585935508, -122.37743806238083, -101.44617637795206, -90.044875390148, -75.99630523421644, -218.31100824212382, -125.92260719139918, -182.68239110578693, -200.81364230037545, -194.25026207098892, -183.48973892559738, -182.5713487172431, -245.16900899110536, -168.68268680233606, -187.43927533067045, -103.5420356242733, 256.0146953261386, -83.53057009516532, -186.0968360369501, -184.4631999899688, -223.47526186865883, -233.90846165842757, -296.63450326759664, -205.52081170871517, -193.78460408114, 3.34172518324109, -89.53204232883526, 23.883724947145506, 61.67520767267569, -137.86400162733224, 3.6387031509673253, -27.090755999766724, -8.619988277128265, -20.307513245581486, 377.5745833355778, -33.397121388746484, -16.329965051992083]",20.242117343179967,0.711037553981993,0.986716710056244,9787.434,613.031,11.522,520760.93,37173.045,161.407,13.488,504000,504000,41.046875,15.364062500000003,8.88178432935015e-17,4.999999873689376e-05,4244.8096,-0.001954831,4244.8115,0.093525216,0.008035368,0.10384103,0.0
801.7828327791229,-1514.0459701358177,-502.8477669593287,100.0,60,15,510000,False,5100,85,212f51d07e9840f9afce8433e261ebfd,2020-07-14_17-04-59,1594746299,46.78139328956604,3987.564681529999,62816,tango5,131.234.250.245,3987.564681529999,0,85,d74d5_00000,0,-372.4167627541416,990.6579381170873,-83.80796115988812,"[139.52848961425144, -220.59635907544305, -121.93183831294628, -182.17222348495554, -747.5230052821805, -239.958255916602, -1422.8293262865345, 735.3641024784088, -581.4282816003945, -558.2657281817474, -123.89817868925648, -1367.1869307593506, -227.5715483698435, -155.4257484402637, 33.89913758363002, 27.183632894638066, -67.64715966639521, -507.1587062762386, 214.07567880812303, -676.7859937227978, 115.25577388503693, -624.3444585034539, -1043.8208472585627, -679.6200085758621, -678.9729821307892, -203.34470045694715, -513.9319679621931, -1126.1753973289647, -955.0743680496878, -789.3782548275948, -513.0022089415996, -646.8495758827456, -675.2067468417353, 44.89348763249463, -467.2877915280721, -474.0974605139333, -1037.386861523937, -548.0679741074639, -459.21582853794746, -929.2344374644518, -1344.4669326508993, -1514.0459701358177, 6.401119602442248, -522.6124030001978, -918.7158711364874, -785.0038710406795, -531.0293897650185, -1083.7980752132087, -341.4526601875551, -548.2377412241183, -859.7684078442895, 87.41393680776069, -84.09387301250366, -611.6274450781058, -1049.7224967082354, -731.0790448393367, -802.8398557341699, -270.28529187920134, -552.7779107755517, -1012.6028816920727, -730.7136044005623, -283.4850627277886, -704.3548940941316, -854.6300023568306, -787.89800722957, 40.89610360579588, 275.0990041040751, 393.84941336992944, -685.4027937306275, 286.47689488572024, -1024.5305866786864, -1460.7678029742335, -535.1771294539299, -315.94913221585404, -381.7240855805442, -547.7587256456284, -35.46011614408155, -754.286020865983, -316.68733243480744, -978.5140516383601, -991.6571737427975, -391.32762639849346, -681.7810750824314, -249.5764730888102, -333.78898742735356, -756.3511207440562, -463.23756279094727, -387.17392327976535, -390.79173082899064, -1053.0881028794904, -349.245751404303, -907.7382433914792, -57.326350244152536, 486.74947206503373, 801.7828327791229, 203.8135637397015, -293.17316155497656, -784.1700366701945, -1059.3964827831057, -1500.7449128877213]","[100, 100, 100, 100, 100, 100, 100, 100, 100, 100, 100, 100, 100, 100, 100, 100, 100, 100, 100, 100, 100, 100, 100, 100, 100, 100, 100, 100, 100, 100, 100, 100, 100, 100, 100, 100, 100, 100, 100, 100, 100, 100, 100, 100, 100, 100, 100, 100, 100, 100, 100, 100, 100, 100, 100, 100, 100, 100, 100, 100, 100, 100, 100, 100, 100, 100, 100, 100, 100, 100, 100, 100, 100, 100, 100, 100, 100, 100, 100, 100, 100, 100, 100, 100, 100, 100, 100, 100, 100, 100, 100, 100, 100, 100, 100, 100, 100, 100, 100, 100]","[-34.6968148165184, -8.943301448544643, -0.2566200177430972, 13.883324845923596, 121.78687715504827, 47.75502389608506, 52.93719897226241, 7.999137585049741, -125.9298491303891, -128.3757897841163, -101.65084008062172, 74.42378336237152, 106.06431634218188, -66.28916063392869, -73.66725028567662, -81.22729582945482, 94.36184741632067, -101.17429532238846, -196.08334438905285, 104.960487337377, -43.11793812051482, -23.158087323913385, -133.66119133758764, 108.88785034873601, -99.47658369213376, -140.8598725670963, -8.771407382593376, -153.45966941568824, -112.71933021365561, -232.2361420110143, -79.93631744785237, -19.696192761557644, -90.12953912466652, 21.95624649343222, -40.38711068125015, -31.76534239470723, -350.75485861122354, -264.91978692755345, -236.62654269135174, -166.42319034827875, -179.21770630023028, -224.88724140789745, 102.0324611880202, 214.88132265390252, 100.80353063343634, 37.92507284663207, 119.57959821648468, 160.1421169399315, -156.07426485475767, -85.10281888148913, -216.9977154389335, -202.63240119762898, -121.00064609879843, 200.3795648712121, -192.71921325372233, -103.29807923820034, -124.42607547169477, -204.10645932605453, 29.37079166661207, 36.913307441311495, 13.34661750361458, -104.97965233092744, 102.78375125465334, -61.32646244779793, -15.526216709092868, -58.1962159597062, -191.0429310322707, -299.1147441117492, -168.3968644517527, -239.73029493561958, -211.9068412131127, -256.9952550148461, 280.22420763586973, -227.76899590396246, -124.36489599450573, -139.67349949394554, 64.69557659058395, -80.68394120388345, 57.06231671387018, -25.143606759460692, -107.35008592542123, -142.47266525254943, 53.79684172060414, 8.681451062693604, -95.49062928852335, -119.15041205506272, 449.5519821878173, -167.97431073221523, 10.315756555486326, -43.35324908387222, 89.48792033403264, -145.38115282486413, -128.71077695209385, 19.53152226250296, 160.70859215106765, 31.547527923992398, -49.033521205559424, 57.30198991339654, -15.767501647416582, -36.6243268560244, 63.07487756631314, -86.59867743710443, -45.85084492844232, -180.31813018263773, -42.48076388881248, -113.28386825214089, -56.96439964764885, -68.26069937655663, 101.65571448675718, 62.44892143310898, 83.95074419220119, 10.559681533120102, 11.689982201972873, -56.229365039037525, -89.6226097555297, -193.46370885813042, 22.77417409835069, -125.61731478993393, -228.50028957483082, -62.35624484272329, 22.193043651341124, -10.753138467566638, 56.13155860726512, 6.264175383128707, 27.869016093935066, 13.551118616933351, -116.08693674088285, -80.19088399690372, -221.9206147672535, -62.27698083488292, -58.14116987606066, -85.72787228746988, -143.54824256985276, -93.68857888940224, -278.0840513350659, -101.62811325557726, -257.6854720647423, -169.18638914392253, -113.5699418041147, -195.69024582604607, -119.29799555124754, 49.23772945697344, -114.09654095407771, -186.20301389735, -83.21160144798817, -196.0966568429456, -93.37056750440256, -10.385099988799908, -143.2205649234505, -152.68849142320116, -172.62922886682637, 57.42546472561162, -80.24648853789444, -36.64476191342877, -9.540221672912146, 38.2905358085031, -45.8555772956848, -162.96443923313896, -64.92746548083291, -96.66030025061308, -7.020292448326334, -136.5038932535961, -181.06696085753214, -181.89050145447877, -186.78361493926437, -110.2232060123096, -278.8927046751933, -187.31840939018718, -191.28295328811507, -205.73983606929448, -83.15076844876859, -123.32983651927013, -294.5134206341188, -57.057553090119114, -161.7393866751939, -101.90777420953657, -50.30885034811938, -108.32222016005275, -93.17794995932161, -273.9220734753698, -104.50226473802422, -92.79316414284267, -59.00740883865117, -49.50612352838215, -93.92944996572754, -113.26379772797212, -78.40586679138461, -106.01962906288358, -35.792466535825575, -151.47832569532244, -127.37790516743499, -147.77538262989324, -135.6626466420784, 49.974220735454125, -151.92881488934657, -156.53429698104333, -186.18889892551238, -94.86631013920865, 13.092125369611498, -61.82361090389634, -3.1552853142949635, 85.82887969165499, 25.566781928608595, -14.615403139189795, -108.6453157052675, -24.243359808059985, -125.37503780173687, -28.32910964821987, -136.99049671170252, -43.70447185308555, -42.375013983817645, -124.38189389269958, -173.2695040365843, -62.09775221424785, -10.876246659990137, -61.097049726592395, -135.5431999208118, -161.5254732358128, -211.439953572779, -181.6636051783185, -4.8607811526005715, -342.353848463615, -80.38862639406513, -25.508882462285147, -73.724538963623, -106.27666789162942, -95.49636155495607, -166.67289684090508, -94.26351042866622, 21.14794516457684, -202.40523072204883, -188.80516769412736, 89.76928995610233, -84.65915481378458, -276.01613040676017, -175.76509525193757, -115.55628816418593, -148.1662719938832, -103.02154923046179, -110.70910241722225, -172.88070517248596, -372.4167627541416, -193.59385413156426, -135.08682281200691, -242.72173884331102, -227.76704893739003, -331.391675374413, -181.94551399992218, -283.79265857427976, -186.2230634791779, -313.1721105440403, -217.5209481639847, 2.0857290333428775, 164.9719752172827, -95.39245379130041, 81.50030413932758, -36.66135798742177, -110.10307700878933, -98.4586596465482, -78.24753475159753, -113.35003874966938, -40.864350844641095, -98.04641218434375, -93.64540682339786, -139.98738426108298, -165.8486979163223, -165.70420507720334, -166.39480603316179, -133.41917785457645, -147.36159999414167, -128.4299062236015, -300.5562428303415, -182.48486392177932, -190.69334893171046, 5.193985318732398, 11.96650554802037, -138.20362838617257, -79.71652210665921, -155.1428608941412, -18.96026301812657, -9.760780929195096, -129.2453344307238, -147.52761690063704, -145.5635687188133, -195.92930505692254, -159.72219450691244, -268.7599464911858, -166.2954435387382, -58.929492281496366, -76.81984838598603, -72.69836930222816, -92.81937754247748, -73.13090855675091, 32.94533588138374, -75.57618670665886, 4.179496303972155, -161.3126669777808, -170.93637853130292, -62.924957502455676, -81.66704780989117, -168.0643278082468, -214.3786959143975, -75.17441591845068, -186.52459495907095, -156.83126829593107, -58.79510494819349, -76.71230968539165, -29.490894004802424, -36.57721145117247, -40.13591829147583, -6.336314810225717, 276.66658505082887, -38.0624929185912, -43.139995039601175, 99.9422698444554, -13.81734910237153, -39.441730936792304, -49.57457485960316, -112.83840859407661, -78.01208243873302, -104.62229964418523, -123.23168548101094, -77.02995834133633, -115.89301057876422, -221.417942482328, -139.3480762261062, -272.4130115161354, -169.50296173048045, -76.68523827970914, -170.35526647347513, -113.38858242939419, -140.23082261745793, -140.12319023404459, -112.57163150901967, -66.99088773406187, -157.7739303153591, -63.24894882286429, -242.7731966040318, -160.0936811082185, -278.1519549173607, 64.75003596232602, -123.3221102440203, -89.5649931219212, 131.14761739154798, -67.5593066132713, -131.73204137366193, -53.656169084471095, -58.92039907742421, 65.2870297822366, -96.14095388651604, -117.43645446655896, -192.79235056891355, -107.0573501578397, -104.63783147795968, -118.9363892843162, -177.87560274832825, -122.15487095108602, -196.2089860223909, -197.20020889078086, -200.22682379517116, -76.0442628551393, -163.05438496398884, -39.68072215735867, -167.85234071114934, -209.66729553376214, -74.41459817916373, -101.20159078512822, -157.13752375905705, 52.625458403624336, -88.74331091444238, -7.135569028790819, 18.107473356005613, -90.14514272926499, -206.61414702007696, -63.82839988362002, -65.84488143845823, -102.76679710298852, -175.1555259197238, -259.6548073400871, -117.3799080910769, -15.32450273683243, -294.50032731890076, -160.95682309928293, -6.8136337706509655, -129.13562840798332, -216.22242486933848, -205.40934809971466, -97.7162894021077, -124.34124097454554, -15.073075475880902, -27.816669542834603, 136.70866493836928, -17.90612969793729, 25.39222497402173, -25.592422314878057, -49.88956475094647, -89.35982682034279, -88.97837468889405, -108.48042632524272, 91.03266667625056, -65.71679644065232, 536.6017617029563, -4.5271772832166, 78.66148974341124, 39.60770896333358, 86.55496774413427, 159.62681153631502, 33.925612665951775, -157.60005825548518, -63.83762693017134, -130.41545067126808, -109.16524948273437, -51.201266277543695, -173.18314211342516, 35.381678927954866, 58.296320314639296, 131.12960738557203, -1.5553982113357891, -26.207708388423832, 89.43239485731348, -152.72579560862454, -197.10824449764044, -82.58610883716693, -212.12413965838743, -184.4089984163481, -195.57729966051804, -187.05642111672526, -347.69479339375334, -273.77674020151653, -270.93514391939607, -172.00473741309744, -209.299966929745, -99.37843123384144, -16.64898053864531, -237.16258524506955, -128.1400796379271, -120.4864959977596, 66.6394431993142, -11.688056794532592, -69.8188904216708, -55.33659037570895, -64.92549908856091, -71.70863328708121, -42.471462248299105, -146.592998041614, -111.48443068216736, -33.94157663186399, -6.3693915730709625, -94.87383210884965, 11.538143457021276, -67.86024503051895, -141.56608403559426, -74.38805122195149, -94.99247328467729, -82.86979071927334, -86.08208135361295, 150.08282689901924, 129.50744008564124, -120.73912461183652, -87.47425571583615, -77.25700496244, -29.579997838629293, -101.4420326622828, -127.57016521833059, -122.41043517138877, -141.4617757420144, -132.69097361974949, -128.71063845221707, -83.01062927280502, 322.57697074637144, -172.26791967877315, -134.35056470587278, -133.76633774566693, -115.8688517780608, -237.62515353585226, -106.59322623235191, -127.66393359470696, -138.69027638554778, -182.34328014938387, -185.59818174051762, -175.88105897942853, -121.28269713593272, -187.4198365084716, -163.31701119613788, -120.87837636017323, -222.87819356265518, -137.21524315029956, -49.993420367100285, 19.402863394402768, -123.26134317893394, -122.47317451817455, 22.21269142161158, -155.8644362080171, -175.68093461236194, -156.38181806590563, -60.71604466738911, -101.64293304288763, -31.494908485869296, -131.67848426673186, 69.13109061614506, -235.33897666237183, 13.03352849069314, 74.57094813796695, -39.294579404511566, -86.15645060199206, 53.49816697832835, -115.8095499818426, -51.25816098795058, -186.61509112333147, 52.55209828943472, -247.35999050115197, -196.79501768122668, -127.29400095247476, -169.94133413214524, -92.4330152222869, 77.47223774522897, -139.71543414407523, -95.13923781796636, -26.689297808481186, 6.489876159227187, 17.893745106676395, -226.07721428632752, -112.643957503112, 66.48366573688003, -75.30578932914044, -89.06832031676278, -24.149235268771182, -152.49028659885917, -70.82303149965482, -36.423564358199215, -10.551831484952352, -224.19013937680242, -33.88424240917161, -14.918921700210255, -126.79579389501826, -187.3070050367877, -201.85949716146635, -227.62220723375174, -130.4552538761227, -179.0483456763445, 92.08785492982483, -107.45836491929391, -85.68510095560384, -115.29683252201146, -77.26274791621205, -55.63056002100619, -172.54377076315072, -130.2657600460103, -129.2820108132788, -212.51646600696986, -192.11626249333582, -71.01397326873227, 49.4643227185351, 8.395578000773181, -33.131142197984964, -66.17725184980897, -20.356541882064832, 4.478684966397924, 22.16187590372562, 313.80407601749135, -30.53663562845879, 147.78291459097932, 43.9544585964104, -10.417217415114322, 120.58812466893313, 1.592348719491714, 670.0921714631975, 16.12050878580756, -0.30051644480815565, -6.309804413498623, -148.17549502618678, -176.428267939872, -181.4394208839371, -162.58656061559546, -118.21462991179435, 990.6579381170873, -124.06631598354225, -121.02088172478875, -9.224500566418076, 31.22186330729761, -99.67853852878137, 29.59521194125663, -148.16387297141486, -134.86397191713425, -170.1189318720816, -165.88782123174352, -44.513861214779794, -120.62157746304072, -155.4400743030671, -148.7868036107328, -254.85261985133027, -74.23314270710917, -228.12826927441108, -197.95557303645518, -159.75051387023194, -279.1321865685309, -268.77849143418445, -319.16747657081066, -239.21651447324575, -234.69972997071966]",20.246126414964145,0.7110982599895544,0.9867001630674153,9773.587,613.899,11.387,526912.684,37160.978,161.46,13.551,510000,510000,40.94,15.400000000000002,8.88178432935015e-17,4.999999873689376e-05,3206.726,-0.0020010548,3206.7283,0.07286618,0.0027392092,0.10175869,0.0
1520.4879463634068,-1514.0459701358177,-616.8553234784072,100.0,60,15,516000,False,5160,86,212f51d07e9840f9afce8433e261ebfd,2020-07-14_17-05-46,1594746346,47.03512263298035,4034.599804162979,62816,tango5,131.234.250.245,4034.599804162979,0,86,d74d5_00000,0,-372.4167627541416,640.688772795184,-102.80922057973453,"[-797.7331025160466, 1520.4879463634068, -398.10178474947804, -612.6792312581788, -989.8218523596436, -245.36980101870134, -452.7280089451217, -823.3699985282435, -1397.0469644566774, -538.4295995797158, -552.6316079853358, -500.4985214471848, -1147.2405011443047, -461.9474152677235, -654.0061704396923, -714.1806712067875, -1098.5105275093129, -895.0756824187556, -1091.4509345511603, -986.9445263314695, 87.39870569873393, -788.4072727178938, -459.6282889367576, 120.55487447585051, -419.418567398414, -543.0368976243901, -614.8209236950199, -662.4600505438267, -929.0519783148569, -77.25694768301916, -700.7836894181901, -561.0314199687514, -953.2422340202974, -1308.0010798059463, -658.3052765977939, -1190.0818940331626, -349.2106760147382, -1216.2817393490632, -1098.426379807845, -1160.912514598391, -218.16427624510618, -68.00281642724681, -328.8597643394905, -599.2650838405701, -927.6313111009434, -43.59914658279019, -992.5203505022254, -1307.870234596096, -466.2509576294404, -135.2409571953494, -985.3430029873994, 24.4704374571154, -1305.8907924139653, -1057.7177809931961, -224.90689255610215, -981.3166661891244, -5.408904752984551, -699.4245431390202, -318.14278040887206, 950.444356731641, 115.25577388503693, -624.3444585034539, -1043.8208472585627, -679.6200085758621, -678.9729821307892, -203.34470045694715, -513.9319679621931, -1126.1753973289647, -955.0743680496878, -789.3782548275948, -513.0022089415996, -646.8495758827456, -675.2067468417353, 44.89348763249463, -467.2877915280721, -474.0974605139333, -1037.386861523937, -548.0679741074639, -459.21582853794746, -929.2344374644518, -1344.4669326508993, -1514.0459701358177, 6.401119602442248, -522.6124030001978, -918.7158711364874, -785.0038710406795, -531.0293897650185, -1083.7980752132087, -341.4526601875551, -548.2377412241183, -859.7684078442895, 87.41393680776069, -84.09387301250366, -611.6274450781058, -1049.7224967082354, -731.0790448393367, -802.8398557341699, -270.28529187920134, -552.7779107755517, -1012.6028816920727]","[100, 100, 100, 100, 100, 100, 100, 100, 100, 100, 100, 100, 100, 100, 100, 100, 100, 100, 100, 100, 100, 100, 100, 100, 100, 100, 100, 100, 100, 100, 100, 100, 100, 100, 100, 100, 100, 100, 100, 100, 100, 100, 100, 100, 100, 100, 100, 100, 100, 100, 100, 100, 100, 100, 100, 100, 100, 100, 100, 100, 100, 100, 100, 100, 100, 100, 100, 100, 100, 100, 100, 100, 100, 100, 100, 100, 100, 100, 100, 100, 100, 100, 100, 100, 100, 100, 100, 100, 100, 100, 100, 100, 100, 100, 100, 100, 100, 100, 100, 100]","[-177.28581767786972, -209.3352117010774, -287.8809973123199, 14.987133359416891, 38.20363100560428, -176.4218401898008, 328.64567052291153, 405.09520413045215, 159.25096629941098, 147.66956355973497, 137.00997020628608, 342.81657164460745, -202.6709822132042, -158.70537631679343, -32.75990284172266, 101.46366677260814, -68.7780413110955, -36.65114883927119, -96.95779766143825, -148.22458915451324, 94.69521868303543, -162.15888373781706, -147.55004643811432, -152.48313294932987, -201.48658624590092, -284.4312560033692, -191.41988176128189, -96.63006057633935, -116.02531742673803, -99.828750346013, -141.35043484156725, -0.2060812683942279, -18.13934681932372, 92.72940683102743, -104.0148589052519, -74.3884860151917, -61.205506057009615, 29.184632285709213, -34.816493311058515, -138.63807559240468, -132.98303422433497, -114.26953204602279, -149.71769210113249, -193.57073464248307, -36.178597260045535, -211.11129699701254, -65.98800001289885, -166.80367751467068, -213.6354441568887, -254.98729450105228, -204.62028243091868, -220.0668490701324, -254.77948023712452, -248.9576140605612, -78.66631263210367, -98.80389125571516, -43.08568769287242, -105.31253842555579, -62.43834977478544, -150.1228197986839, -76.03261451163354, -16.722842744306853, -133.34692557966264, -84.71287812818012, -116.20907706966281, -125.60726995188921, -28.035734207615604, -123.02108807124277, -36.34504844370316, -133.0385460887566, -37.65387123550956, -142.4042334003575, -289.9746397800307, 78.28227202994023, -161.61657568372667, -239.9574972171555, -270.5149911505368, -263.4590693427933, -61.19386835062374, -140.06531806706658, -20.722681217136632, -76.82620945701753, -29.079567709432467, -134.059770466447, -165.4985604882565, -170.29561265652956, -28.962618418374685, -48.563750663106376, -147.56893893021672, -93.11668928320834, -184.24455380746187, -63.91049005822892, -148.027446305298, -89.34459067067799, -86.89087183768024, -141.76271852744011, -95.4704428544519, -217.52162873511395, -164.47745337730245, -139.0575947628765, -228.25350812442127, -253.72989965514694, -258.0133202751464, -100.37695958733647, -103.75714356361105, -88.38973626689096, -135.9690721799868, -208.56945054578475, -143.65065586480662, -221.4658080361762, -89.48931182043152, -240.02032616528763, -184.26108668713022, -212.56374597732682, -176.08783983870754, -241.21202973092338, -174.3656532189517, -165.5092457806816, -111.03274372966051, -118.73701403254393, -37.40821683988722, 113.2347462525527, 12.04845448777805, 59.30806085568018, 7.022571353481118, -66.80691041087093, -196.7496941886514, -18.364551307444454, -194.23787738994076, -19.926734426703792, -195.8952107542376, -163.23320465091757, -114.27993146533161, -82.6618443348269, -75.33918398966816, -28.81179851132243, -89.68797413295906, -68.8475565026485, 14.414202895299766, 3.1386216391954815, 38.7608549475535, 44.92002928577455, 74.68721505102127, -55.36604934299394, -39.43480941841509, -116.03968374630135, -65.71737244523263, -62.59980269219494, -53.328163312680424, -82.2987357835894, -272.6622779029906, -62.30288082933047, 378.01431212745433, -154.73355303685082, -256.9740147051217, -174.37848327755057, -37.51711354236139, -174.22721111542893, -111.25797912992667, -70.89043634903446, -76.51258230163928, -144.4156012566291, -210.49898405222277, -12.578833324346954, -73.93347136327635, -107.29352795165457, -151.82545466983663, -106.3297791824889, -150.96967257886493, -184.24532999379252, -111.70149682848697, -147.50157946947178, -177.72574494020003, -156.9081545040395, 0.6223903666772205, -34.20885903360037, -75.72318257716958, -1.0430880121694943, 33.62091344289591, -0.5251218696532962, -85.48700486138752, -159.23804735487016, -170.0161562838873, -145.45220560475317, -39.90768388659223, -100.68259142669952, -139.05646475346416, -208.0887362525619, -57.09735673387285, -36.51112342394263, 41.47993416873423, -161.75767297364374, -113.22480728163686, -180.18989878053668, -182.04504455441747, -145.43224937398676, -156.79712428159792, -175.55310974812215, -261.81246783422046, -183.98665401222937, -249.8996918603419, -255.63080293509114, -212.18151640156415, -144.48994676250038, -135.057180352686, -51.16697621478379, -213.60570000572253, -171.7202641520867, -59.57169010518482, -27.183465767329004, -137.93522274072862, -300.4938855606492, -234.79103772483333, -147.62317571740098, -115.09586587949534, -254.1427064100551, -43.46766598362612, -91.14784761002429, -152.63595632190908, 117.1110255537569, -105.34317634112266, -73.72705531181323, -211.07326551278868, -245.67054095701639, -167.61741112018603, -227.3351374321952, -155.98586220362196, -208.59952212325567, -137.91118200277697, -187.53511471189051, -213.91362169929863, -140.11522256453938, -143.26249114010477, -275.6887476892338, -293.7835379182475, -219.51871461040687, -237.0590058041556, -136.7737493197616, -117.30508557135563, -156.47242137446318, -179.347638676218, -135.36185459375065, -172.14021849029956, 640.688772795184, -212.56225331916036, -159.44108396086136, 96.75351627848858, 44.58241650276466, -6.383563010579216, -149.78725735120187, -131.4959970495975, 78.32806820287844, -136.36174096235544, -133.77905238893226, 9.534957689287607, -43.45831731561012, -18.729133369621618, -6.066477992258658, -90.25177596049204, -69.34263935522337, -112.07687854669813, -139.5461145309544, -84.09677977264717, -103.95089567455523, -69.70702118527933, -193.81726195238966, -246.136574162036, -173.43620704361203, -79.92013594697416, -164.61411081065214, -5.727192855517879, -1.794873321575161, -29.64232349541583, 53.20234790313126, -50.391918619733076, -9.245186193679256, -140.04931111349154, -244.01909406969207, -192.86045434701984, -151.5417955058573, -128.24079133883146, -135.808904127334, -274.16115056126495, -161.71357754041892, -217.94111135205898, -216.52135197653791, -176.59181751143922, -260.94122565437436, -156.19259425799314, -100.17184035008252, -14.302435359741304, 15.880235711479846, -135.79744737128036, -75.6668760018231, -85.91242002939055, -18.463425890496, -55.225593994230415, -3.3561607134234333, 17.7835415227659, 9.933101909425394, -264.198059272764, -171.8485311133177, -67.02163823863157, -145.52573859204358, -172.74633082529758, -164.002704945344, -67.23889057689324, -204.83706182588494, 410.4060245424484, -28.906206999219922, -47.120154354415334, -37.833273328919255, -196.0374138714911, -180.53808207081002, -240.4860125596541, -281.76454026085867, -232.79004223324114, -174.27470141791056, -153.275763506031, -130.1186471369892, -194.56412944072963, -204.48349021964637, -189.96632389519738, -185.30942679460244, -155.82947960138264, 138.17681080614105, -150.0030897981878, -156.9519151752659, 210.13068837807862, -110.42990716548572, -147.30747047209007, -129.40636439320215, -155.01720047257945, -137.06298083280848, -193.46980304123466, -219.0528469772096, 22.873559880688482, -100.3598123490063, -77.60947138529286, 46.70415520463662, 114.4233180684308, -11.440654172441024, -78.0726491573069, -96.79534714792221, -233.9575829612637, -109.75748750989655, -145.03495011199865, -35.806526250631904, -16.20978422359751, -30.083259264315767, -14.60829977904297, -161.39898141944713, 13.393137909551093, -109.23559363201949, 45.0256389465752, 79.04081240034796, 89.67973252600817, 111.32039584293626, 489.1423079912881, 136.23546902448453, 22.193043651341124, -10.753138467566638, 56.13155860726512, 6.264175383128707, 27.869016093935066, 13.551118616933351, -116.08693674088285, -80.19088399690372, -221.9206147672535, -62.27698083488292, -58.14116987606066, -85.72787228746988, -143.54824256985276, -93.68857888940224, -278.0840513350659, -101.62811325557726, -257.6854720647423, -169.18638914392253, -113.5699418041147, -195.69024582604607, -119.29799555124754, 49.23772945697344, -114.09654095407771, -186.20301389735, -83.21160144798817, -196.0966568429456, -93.37056750440256, -10.385099988799908, -143.2205649234505, -152.68849142320116, -172.62922886682637, 57.42546472561162, -80.24648853789444, -36.64476191342877, -9.540221672912146, 38.2905358085031, -45.8555772956848, -162.96443923313896, -64.92746548083291, -96.66030025061308, -7.020292448326334, -136.5038932535961, -181.06696085753214, -181.89050145447877, -186.78361493926437, -110.2232060123096, -278.8927046751933, -187.31840939018718, -191.28295328811507, -205.73983606929448, -83.15076844876859, -123.32983651927013, -294.5134206341188, -57.057553090119114, -161.7393866751939, -101.90777420953657, -50.30885034811938, -108.32222016005275, -93.17794995932161, -273.9220734753698, -104.50226473802422, -92.79316414284267, -59.00740883865117, -49.50612352838215, -93.92944996572754, -113.26379772797212, -78.40586679138461, -106.01962906288358, -35.792466535825575, -151.47832569532244, -127.37790516743499, -147.77538262989324, -135.6626466420784, 49.974220735454125, -151.92881488934657, -156.53429698104333, -186.18889892551238, -94.86631013920865, 13.092125369611498, -61.82361090389634, -3.1552853142949635, 85.82887969165499, 25.566781928608595, -14.615403139189795, -108.6453157052675, -24.243359808059985, -125.37503780173687, -28.32910964821987, -136.99049671170252, -43.70447185308555, -42.375013983817645, -124.38189389269958, -173.2695040365843, -62.09775221424785, -10.876246659990137, -61.097049726592395, -135.5431999208118, -161.5254732358128, -211.439953572779, -181.6636051783185, -4.8607811526005715, -342.353848463615, -80.38862639406513, -25.508882462285147, -73.724538963623, -106.27666789162942, -95.49636155495607, -166.67289684090508, -94.26351042866622, 21.14794516457684, -202.40523072204883, -188.80516769412736, 89.76928995610233, -84.65915481378458, -276.01613040676017, -175.76509525193757, -115.55628816418593, -148.1662719938832, -103.02154923046179, -110.70910241722225, -172.88070517248596, -372.4167627541416, -193.59385413156426, -135.08682281200691, -242.72173884331102, -227.76704893739003, -331.391675374413, -181.94551399992218, -283.79265857427976, -186.2230634791779, -313.1721105440403, -217.5209481639847, 2.0857290333428775, 164.9719752172827, -95.39245379130041, 81.50030413932758, -36.66135798742177, -110.10307700878933, -98.4586596465482, -78.24753475159753, -113.35003874966938, -40.864350844641095, -98.04641218434375, -93.64540682339786, -139.98738426108298, -165.8486979163223, -165.70420507720334, -166.39480603316179, -133.41917785457645, -147.36159999414167, -128.4299062236015, -300.5562428303415, -182.48486392177932, -190.69334893171046, 5.193985318732398, 11.96650554802037, -138.20362838617257, -79.71652210665921, -155.1428608941412, -18.96026301812657, -9.760780929195096, -129.2453344307238, -147.52761690063704, -145.5635687188133, -195.92930505692254, -159.72219450691244, -268.7599464911858, -166.2954435387382, -58.929492281496366, -76.81984838598603, -72.69836930222816, -92.81937754247748, -73.13090855675091, 32.94533588138374, -75.57618670665886, 4.179496303972155, -161.3126669777808, -170.93637853130292, -62.924957502455676, -81.66704780989117, -168.0643278082468, -214.3786959143975, -75.17441591845068, -186.52459495907095, -156.83126829593107, -58.79510494819349, -76.71230968539165, -29.490894004802424, -36.57721145117247, -40.13591829147583, -6.336314810225717, 276.66658505082887, -38.0624929185912, -43.139995039601175, 99.9422698444554, -13.81734910237153, -39.441730936792304, -49.57457485960316, -112.83840859407661, -78.01208243873302, -104.62229964418523, -123.23168548101094, -77.02995834133633, -115.89301057876422, -221.417942482328, -139.3480762261062, -272.4130115161354, -169.50296173048045, -76.68523827970914, -170.35526647347513, -113.38858242939419, -140.23082261745793, -140.12319023404459, -112.57163150901967, -66.99088773406187, -157.7739303153591, -63.24894882286429, -242.7731966040318, -160.0936811082185, -278.1519549173607, 64.75003596232602, -123.3221102440203, -89.5649931219212, 131.14761739154798, -67.5593066132713, -131.73204137366193, -53.656169084471095, -58.92039907742421, 65.2870297822366, -96.14095388651604, -117.43645446655896, -192.79235056891355, -107.0573501578397, -104.63783147795968, -118.9363892843162, -177.87560274832825, -122.15487095108602, -196.2089860223909, -197.20020889078086, -200.22682379517116]",20.254484549316963,0.7111368338477656,0.9866575418254371,9758.911,614.823,11.361,528134.58,37167.357,161.432,13.577,516000,516000,41.143076923076926,15.400000000000002,4.440892164675075e-17,4.999999873689376e-05,3694.1938,-0.0019503047,3694.1956,0.101651505,0.0022821296,0.09851036,0.0
1433.6523900062023,-1519.3321269705737,-609.3947913007531,100.0,60,15,522000,False,5220,87,212f51d07e9840f9afce8433e261ebfd,2020-07-14_17-06-33,1594746393,47.15996026992798,4081.759764432907,62816,tango5,131.234.250.245,4081.759764432907,0,87,d74d5_00000,0,-347.4917261581602,640.688772795184,-101.5657985501255,"[-614.187265823969, -1079.4719126395084, -222.42791015859348, -223.01690664778525, -460.45321596068504, -146.4933644261833, -1389.1289889077643, -718.2620353959944, -230.52298096728, -502.27349785744417, -694.398830276175, -1142.841540059332, -952.3413191561959, -648.6579111844649, -449.1636584459927, 87.10649167745055, -965.1563899070544, -102.7061510124839, -1298.8757614590627, -976.6168014551248, -1142.9918553230948, -691.8904748180669, -258.81860298609337, -148.7687230987484, -1258.6860619199574, -762.5518506965451, -1074.4224477484913, -273.0521779579251, 1433.6523900062023, -727.4665231601892, -649.9682415535034, -877.820467636849, -446.7810793120297, -893.4472149512067, -941.7646460279537, -711.8213496312741, -1333.1032225373729, -977.8102725936087, -553.9179051394801, -938.4060162217484, -785.6984480087431, -1057.3639847048944, -1253.518967557774, -822.5782898053282, -810.8210186449592, -629.706329807208, 330.5071074688345, -771.2125765474557, -385.38335709927674, 243.02239842489678, -908.0190559706463, -656.6088759997673, 610.0596611510576, -625.4942171477362, -120.35137829995384, -961.3960045377087, -632.7809916778164, -125.64226216312716, -1519.3321269705737, -924.3880007406119, 87.39870569873393, -788.4072727178938, -459.6282889367576, 120.55487447585051, -419.418567398414, -543.0368976243901, -614.8209236950199, -662.4600505438267, -929.0519783148569, -77.25694768301916, -700.7836894181901, -561.0314199687514, -953.2422340202974, -1308.0010798059463, -658.3052765977939, -1190.0818940331626, -349.2106760147382, -1216.2817393490632, -1098.426379807845, -1160.912514598391, -218.16427624510618, -68.00281642724681, -328.8597643394905, -599.2650838405701, -927.6313111009434, -43.59914658279019, -992.5203505022254, -1307.870234596096, -466.2509576294404, -135.2409571953494, -985.3430029873994, 24.4704374571154, -1305.8907924139653, -1057.7177809931961, -224.90689255610215, -981.3166661891244, -5.408904752984551, -699.4245431390202, -318.14278040887206, 950.444356731641]","[100, 100, 100, 100, 100, 100, 100, 100, 100, 100, 100, 100, 100, 100, 100, 100, 100, 100, 100, 100, 100, 100, 100, 100, 100, 100, 100, 100, 100, 100, 100, 100, 100, 100, 100, 100, 100, 100, 100, 100, 100, 100, 100, 100, 100, 100, 100, 100, 100, 100, 100, 100, 100, 100, 100, 100, 100, 100, 100, 100, 100, 100, 100, 100, 100, 100, 100, 100, 100, 100, 100, 100, 100, 100, 100, 100, 100, 100, 100, 100, 100, 100, 100, 100, 100, 100, 100, 100, 100, 100, 100, 100, 100, 100, 100, 100, 100, 100, 100, 100]","[-69.89290254254473, -152.78977081033486, -66.33758424476162, -54.77293800086724, -144.16358536245025, -126.23048486301049, -174.5025933410884, -267.2453018884581, -102.92169251837514, -289.76904976643, -161.78933424848876, -83.2439408766674, 5.072601939566278, -68.5652846302174, -89.12113328752928, 64.40771988062164, -83.85324740287743, -50.36856665815786, -145.466268206265, -76.31194673106799, -116.49893864600062, -180.92412709658572, 148.2465005693182, 147.93787346281607, -110.5610564313628, -145.84776188386326, -20.002355204165156, -113.77849372913974, -27.859646115813018, -42.403902596341375, 10.09696285403335, 0.5387339762966382, -91.59361708348251, -50.05338724513698, 76.44512405912735, -91.92718098702106, -347.4917261581602, -232.42056668178, -257.07027007324945, -231.04765038084017, -79.34344039109007, -241.75533522264317, -242.66180107038196, -108.79939764169488, 3.5206507608952533, -140.40979605990768, -164.47968065355832, -65.43201073134676, -57.853452519203074, -70.32305259554607, -4.261049708150738, 29.92563554819203, -12.146095286639575, -115.8649664059325, -203.7164472429566, -153.48627071504922, -259.6750647669295, -164.19950186124092, -120.39168186364542, 399.19546859237704, -210.06074035990244, 87.77087565523577, -183.53237911385907, -163.91562219195112, -241.0555140984445, 16.394549832746463, -147.20780862039484, -96.09580713008995, -250.9246596394481, -164.88742279741905, -232.6767550159664, -251.04908685601367, -107.33619655137676, -85.50801769319457, -278.675876846016, -184.19197273292014, -127.24062241442383, -169.38863291826576, -62.706178997204674, -62.44212074314537, -176.53102077775253, -127.12233683732987, -30.401276752235983, -189.45497707679473, -180.71362343071215, 25.70742215212183, -122.66955168875023, -7.529089867454571, 3.348516228022508, -167.30733183922035, -61.897220555643145, 37.17701652747992, -15.378683822262424, -11.783190416642288, 73.24692736366958, 65.74164258084876, -162.09501367948855, -202.81560386641186, -9.529554207505406, -146.75503876432322, -249.97709551413837, -193.98408387518685, -73.28959992706652, -54.25180692082582, 270.56036083412477, -75.59067032602398, -103.88086564665909, -66.25356902603325, -107.26532152377678, -258.6216783968401, -182.55966437114694, -272.8419359213252, -268.0492846891831, -209.53787655678903, -136.12893493349313, -159.96355002866517, -184.35974657263208, -205.3135747895013, -213.58813691663718, -77.26285821419542, -131.99372380834825, -251.7496401361778, -96.74447794782114, -231.21072816493535, -257.167164712039, -174.12612055377298, -202.27500912264384, -40.985233840939706, -12.790185178824174, -54.15785732084354, -229.76160067024585, -151.92058868457084, -82.56066665042701, 85.93778823462834, -83.56690022072254, -108.13107478902741, 25.00094540807164, -95.49869496861646, 110.74513293406967, -37.053506596154854, -99.09868579455483, -79.1202051784783, -103.24342182362797, 59.00196335999827, -261.5124297353447, -126.08804981311604, -270.78942407103295, -184.15046815077218, -286.1476677338415, -129.99802241585144, -181.46308986766215, -244.24866560792972, 65.78775591355593, -188.40569980483622, -29.356115644982403, -184.86603568469064, -286.0930753993999, -67.61504136189251, -169.25229580651748, -172.64714520629, -199.74612144823504, -179.06876852615787, 268.0169074790979, -144.76020834166633, -103.98598336013718, -78.25949081226601, -78.26912750099085, -135.79427542196223, 58.492862425049054, 146.01485071450978, 454.3758818528958, 208.4527094243622, 139.45580169173454, 426.8602838976515, -170.19211025510825, -202.44641788641385, -65.19211041741079, -51.48691003771651, -79.21564642921226, -158.93332813432838, -209.05626560600632, -123.64945371699064, -153.5889023696225, 47.76091371302932, -152.5382035012831, -58.89633007262987, -156.78314956835857, -90.418276112381, -125.10717497240144, -178.36174353955673, -208.47491832265524, -118.6752051214955, -60.46546827509032, -63.20203635665648, -141.1966259716534, -64.79976636255029, -53.75458138679869, -63.36260095928073, -203.08305445754633, -219.98871411498268, -181.34644586860853, -144.14996525384464, -16.74995393468058, -128.1290813215442, -202.66490821385827, 95.78556388293599, -206.40324459981215, -231.68887050665305, -217.8496930445236, -178.9434935460464, -45.364656636460744, -202.77391386767277, -119.47215932770607, -93.84789006048275, -144.48976444200179, -105.87296529695094, -188.87772652407764, -186.62975412522158, -293.43626721661366, -232.69133678444925, -235.17040896069113, -196.29772892631837, -152.6414278020033, -119.18555855328626, -90.62218491010154, -179.69781293345784, -265.5204503911766, -170.14283800358416, -3.920535810786427, -167.9407107667287, 91.38281378213381, -132.55694625514278, -204.87258907828453, -136.00993701067227, -313.5321745558239, -203.04481766294995, 10.93840918665646, -248.80558164776633, -99.4036897080462, -84.5581618338187, -194.6456731384668, -195.83160276816207, -55.49791852269565, -61.39666968347291, -140.57386153300848, -137.752722362938, 8.336366125381062, -196.03042276132683, -160.76595604626536, -152.7595084750908, -313.2648625835187, -242.87960096407332, -268.096347534459, -177.1293329361248, -250.12511633876116, -166.74320721238385, -219.02849625824038, -172.39646727780428, -245.60553772996786, -145.63110268495595, -145.7898999164683, -190.10787498516797, -56.39317101011336, -39.05070347865518, -142.16904018823837, -195.5052909606223, -175.4439650048835, -64.86013466699755, -138.5375617016522, -94.30502612256515, -7.762617904752331, -103.72889631533832, -172.1564232477161, -76.19586739560407, -60.657161764337715, -209.20536317945948, 235.6268102811801, 252.15814217488256, -53.01465149263125, 20.950945323559917, -20.605308329093706, -104.60883048906346, -42.15581516186364, -146.95430631279123, -149.57516967845783, -208.8828441720263, -50.94380272778302, -172.7006384945335, 16.849422741032573, -116.03712905587702, -100.00136126692128, -50.552743417857286, -73.16547657133555, -62.476069528317744, 93.68207291106656, -68.73303040363773, 80.67368105513323, -7.95926739163355, 25.94806369215915, 119.4108785618096, -25.21922284193467, -78.5033248574328, -207.62453832953736, -170.25576005416104, -166.82606951006431, -259.5901403775151, -81.82363174069202, 36.58702437336366, -114.09551505145907, -140.99223395203234, -150.57787841371066, -205.70664121523743, 16.19740985868685, -14.617566083432166, 566.8728004120634, 2.1177843172098303, 14.043925821030653, 25.445306825499653, -233.64095148532869, -193.8579462394265, -122.57521463659313, 30.818789628478687, -17.650978801759074, -88.58791561310764, -195.19452253896006, -105.5761352932826, 160.616948948308, 128.28502594460494, -203.86642103243642, 95.38372567181214, -180.79176446299678, -174.52835123437862, -185.02575469216447, -162.9146188691012, -108.9782531010118, -149.1572621780541, -33.72397268200238, -56.74255115793966, -147.7503824086369, -150.0231919047917, -141.2716241069314, -103.26926941751479, -5.23061187359267, 1.0147469943735112, -68.53825494033129, 23.655672045966707, -66.95803916971315, -9.585775219830088, -287.91504488341576, -244.687466428236, -230.1289809449039, -267.77677366237737, -250.66832077475436, -238.15554027688535, -80.5111574024513, -160.21506238608487, -142.79588747182117, -183.64291210486465, -194.59672242457884, -162.62625895080987, -37.40821683988722, 113.2347462525527, 12.04845448777805, 59.30806085568018, 7.022571353481118, -66.80691041087093, -196.7496941886514, -18.364551307444454, -194.23787738994076, -19.926734426703792, -195.8952107542376, -163.23320465091757, -114.27993146533161, -82.6618443348269, -75.33918398966816, -28.81179851132243, -89.68797413295906, -68.8475565026485, 14.414202895299766, 3.1386216391954815, 38.7608549475535, 44.92002928577455, 74.68721505102127, -55.36604934299394, -39.43480941841509, -116.03968374630135, -65.71737244523263, -62.59980269219494, -53.328163312680424, -82.2987357835894, -272.6622779029906, -62.30288082933047, 378.01431212745433, -154.73355303685082, -256.9740147051217, -174.37848327755057, -37.51711354236139, -174.22721111542893, -111.25797912992667, -70.89043634903446, -76.51258230163928, -144.4156012566291, -210.49898405222277, -12.578833324346954, -73.93347136327635, -107.29352795165457, -151.82545466983663, -106.3297791824889, -150.96967257886493, -184.24532999379252, -111.70149682848697, -147.50157946947178, -177.72574494020003, -156.9081545040395, 0.6223903666772205, -34.20885903360037, -75.72318257716958, -1.0430880121694943, 33.62091344289591, -0.5251218696532962, -85.48700486138752, -159.23804735487016, -170.0161562838873, -145.45220560475317, -39.90768388659223, -100.68259142669952, -139.05646475346416, -208.0887362525619, -57.09735673387285, -36.51112342394263, 41.47993416873423, -161.75767297364374, -113.22480728163686, -180.18989878053668, -182.04504455441747, -145.43224937398676, -156.79712428159792, -175.55310974812215, -261.81246783422046, -183.98665401222937, -249.8996918603419, -255.63080293509114, -212.18151640156415, -144.48994676250038, -135.057180352686, -51.16697621478379, -213.60570000572253, -171.7202641520867, -59.57169010518482, -27.183465767329004, -137.93522274072862, -300.4938855606492, -234.79103772483333, -147.62317571740098, -115.09586587949534, -254.1427064100551, -43.46766598362612, -91.14784761002429, -152.63595632190908, 117.1110255537569, -105.34317634112266, -73.72705531181323, -211.07326551278868, -245.67054095701639, -167.61741112018603, -227.3351374321952, -155.98586220362196, -208.59952212325567, -137.91118200277697, -187.53511471189051, -213.91362169929863, -140.11522256453938, -143.26249114010477, -275.6887476892338, -293.7835379182475, -219.51871461040687, -237.0590058041556, -136.7737493197616, -117.30508557135563, -156.47242137446318, -179.347638676218, -135.36185459375065, -172.14021849029956, 640.688772795184, -212.56225331916036, -159.44108396086136, 96.75351627848858, 44.58241650276466, -6.383563010579216, -149.78725735120187, -131.4959970495975, 78.32806820287844, -136.36174096235544, -133.77905238893226, 9.534957689287607, -43.45831731561012, -18.729133369621618, -6.066477992258658, -90.25177596049204, -69.34263935522337, -112.07687854669813, -139.5461145309544, -84.09677977264717, -103.95089567455523, -69.70702118527933, -193.81726195238966, -246.136574162036, -173.43620704361203, -79.92013594697416, -164.61411081065214, -5.727192855517879, -1.794873321575161, -29.64232349541583, 53.20234790313126, -50.391918619733076, -9.245186193679256, -140.04931111349154, -244.01909406969207, -192.86045434701984, -151.5417955058573, -128.24079133883146, -135.808904127334, -274.16115056126495, -161.71357754041892, -217.94111135205898, -216.52135197653791, -176.59181751143922, -260.94122565437436, -156.19259425799314, -100.17184035008252, -14.302435359741304, 15.880235711479846, -135.79744737128036, -75.6668760018231, -85.91242002939055, -18.463425890496, -55.225593994230415, -3.3561607134234333, 17.7835415227659, 9.933101909425394, -264.198059272764, -171.8485311133177, -67.02163823863157, -145.52573859204358, -172.74633082529758, -164.002704945344, -67.23889057689324, -204.83706182588494, 410.4060245424484, -28.906206999219922, -47.120154354415334, -37.833273328919255, -196.0374138714911, -180.53808207081002, -240.4860125596541, -281.76454026085867, -232.79004223324114, -174.27470141791056, -153.275763506031, -130.1186471369892, -194.56412944072963, -204.48349021964637, -189.96632389519738, -185.30942679460244, -155.82947960138264, 138.17681080614105, -150.0030897981878, -156.9519151752659, 210.13068837807862, -110.42990716548572, -147.30747047209007, -129.40636439320215, -155.01720047257945, -137.06298083280848, -193.46980304123466, -219.0528469772096, 22.873559880688482, -100.3598123490063, -77.60947138529286, 46.70415520463662, 114.4233180684308, -11.440654172441024, -78.0726491573069, -96.79534714792221, -233.9575829612637, -109.75748750989655, -145.03495011199865, -35.806526250631904, -16.20978422359751, -30.083259264315767, -14.60829977904297, -161.39898141944713, 13.393137909551093, -109.23559363201949, 45.0256389465752, 79.04081240034796, 89.67973252600817, 111.32039584293626, 489.1423079912881, 136.23546902448453]",20.262488324192873,0.711074136085998,0.9866350589067678,9792.349,612.723,11.297,531124.009,37167.513,161.431,13.696,522000,522000,40.801515151515154,15.392424242424244,2.2204460823375376e-17,4.999999873689376e-05,3717.9685,-0.0013558349,3717.9697,0.11716129,0.0027491986,0.090976216,0.0
1524.1762308775365,-1550.4702140239312,-567.5237746611691,100.0,60,15,528000,False,5280,88,212f51d07e9840f9afce8433e261ebfd,2020-07-14_17-07-20,1594746440,46.987550497055054,4128.747314929962,62816,tango5,131.234.250.245,4128.747314929962,0,88,d74d5_00000,0,-329.78803585929916,566.8728004120634,-94.58729577686155,"[-1007.7056704000756, -1192.8058236840075, -462.50927581822884, 162.03550869338147, -1396.7154561313355, -520.8903825216917, -286.2905509336147, -1550.4702140239312, -376.6261080513771, -470.673181305158, -1095.8616406592407, 45.36657387668089, -769.4485425032635, -498.96194054497244, -283.25525458150975, -131.63172368822185, -91.91635701980826, -882.5056742870652, -23.86919595884681, -709.5181540559187, -207.1725553178932, -645.6362832317159, 259.45063689160503, -151.55478505759783, -988.2907737025442, -1196.101916865581, -240.94569753256755, -1270.3825655672792, -325.8414469589777, -587.0027547372855, 1524.1762308775365, 31.20500759296887, -574.7311232171368, 215.38294347602255, -782.7340431105677, -529.4333866083815, -298.8518598016617, -585.9193958272926, -607.0950399205346, -1367.4284920407354, -66.19365774183946, -756.0916689928584, -209.64392444861176, -670.0004742053277, -2.9516381973289842, -532.7659711811331, 418.2655484740534, -613.7011139034894, -776.5888840964035, -706.4264475931598, -1331.1503104954506, -274.208185015362, -749.1329516469506, -739.0379966384794, -909.8754582590187, -626.5519395837185, -515.8191524346644, -1261.0426119657375, -1032.4245075966842, -487.3322943902036, -1142.9918553230948, -691.8904748180669, -258.81860298609337, -148.7687230987484, -1258.6860619199574, -762.5518506965451, -1074.4224477484913, -273.0521779579251, 1433.6523900062023, -727.4665231601892, -649.9682415535034, -877.820467636849, -446.7810793120297, -893.4472149512067, -941.7646460279537, -711.8213496312741, -1333.1032225373729, -977.8102725936087, -553.9179051394801, -938.4060162217484, -785.6984480087431, -1057.3639847048944, -1253.518967557774, -822.5782898053282, -810.8210186449592, -629.706329807208, 330.5071074688345, -771.2125765474557, -385.38335709927674, 243.02239842489678, -908.0190559706463, -656.6088759997673, 610.0596611510576, -625.4942171477362, -120.35137829995384, -961.3960045377087, -632.7809916778164, -125.64226216312716, -1519.3321269705737, -924.3880007406119]","[100, 100, 100, 100, 100, 100, 100, 100, 100, 100, 100, 100, 100, 100, 100, 100, 100, 100, 100, 100, 100, 100, 100, 100, 100, 100, 100, 100, 100, 100, 100, 100, 100, 100, 100, 100, 100, 100, 100, 100, 100, 100, 100, 100, 100, 100, 100, 100, 100, 100, 100, 100, 100, 100, 100, 100, 100, 100, 100, 100, 100, 100, 100, 100, 100, 100, 100, 100, 100, 100, 100, 100, 100, 100, 100, 100, 100, 100, 100, 100, 100, 100, 100, 100, 100, 100, 100, 100, 100, 100, 100, 100, 100, 100, 100, 100, 100, 100, 100, 100]","[-277.1481594843166, -244.63610703200266, -139.59640706812826, -225.45731052579455, -277.1005411919925, 156.2328549021597, -185.35844499172498, -217.68323664084951, -255.048624663427, -182.5583807817064, -201.81207415781648, -150.34506244848217, -104.6726493765419, -146.67258007161016, 46.77961226625969, -19.31892281521032, -130.6181447532726, -108.006591067854, 148.43219082967505, -24.15319406876357, -26.29994543905457, -0.6105775283662696, -29.06353209210277, 93.7305669919933, -264.2740760756385, -299.74458699114433, -235.32048445578954, -218.30569795625985, -203.96117571062305, -175.10943494188234, -139.6722267810959, -25.20103817302091, -103.42674267725337, -100.69024233091585, -94.40722173344267, -57.4929108259635, -14.386302747308338, -52.120371551207924, -95.15423144733226, -99.8996290309022, -14.967996325859646, -9.76201983100488, -258.3136621668576, -314.67745767210744, -262.06376061975567, -281.3956508537492, -250.7571486177566, -183.2625340937037, -78.49772215451632, -58.734308749013515, -110.4430113323613, -48.24054637706188, -18.692240261903873, -62.018279176519776, -97.96210430769361, -43.34971020277792, -44.00485900966111, -26.09708345272076, -197.82211899446065, -61.43730533784475, -171.79613411205378, -255.17581083565065, -184.72072208120602, -250.34273296701082, -224.91049737586906, -8.915743287450955, -122.87320666867348, -66.7026125585118, -14.520616497388605, -74.26527460440371, -6.454519368632016, 330.18280357429063, 48.52320265268016, -141.37800687455788, -99.30434474875008, -230.84960417579455, -113.878017940376, -232.56177141646492, 13.365465769546157, -187.6406194715167, 2.627141515226045, -152.15563395612378, -135.84920939405933, -39.30908500804457, -79.81091653476301, -39.21877228590995, -49.46719688638621, -10.285219523553588, -39.977916179779335, -64.49523317111746, -3.863205068537492, -3.902450885354206, -7.029511735719399, -63.40478057457664, 33.09869058486786, -86.53046600890157, -126.68651513871743, -146.15132364800925, 235.11128485723594, -136.02727246692078, 124.76580564503473, -42.92833626843198, -71.34138935094391, -30.82819526029305, -195.9733268449021, -110.47354515509126, -235.88777895761547, -238.00143871822067, 0.874141145538113, 40.34744138415916, -33.29126018590597, 20.33197009318878, -48.43921029842036, -3.6922780974065796, -225.65192168728376, -23.94721134470515, -139.1391162036868, -212.00940700388603, -79.73744592284342, -29.033051893513683, -34.32155953587628, -17.567965393587436, -43.2181543726273, -37.40369854071786, -29.931481935496453, -44.72969553958769, -107.07662160915162, 58.67330127894688, -208.0941612604527, -140.2367540397468, -171.25449526817985, -77.64755233313146, 89.72430562740591, 41.046514855495744, 75.4053608083408, 6.106190657430507, 55.844594852792596, -8.676329909860291, -61.96519075536266, -102.49919568328153, 39.53054455311453, -150.16921647468192, -65.52949613793413, 189.07776944054754, -144.98272645632122, -156.63287076936314, -130.1174352493847, -204.07894447392547, -158.9228314221142, -193.55596533143492, -205.74631611574534, -210.92693378327124, -191.25751146232517, -185.12905986014016, -190.4409762678734, -212.60111937622577, -25.078873658096523, -55.4795801712005, -91.84316659410509, -104.67028464346687, 108.3175047149637, -72.19129718066232, -192.38559741536767, -295.0992603228288, -178.32303598584272, -194.65901970221793, -129.5279172607454, -280.38773488027675, -50.56545060840232, -16.041665470294834, -108.57721304612133, -86.22592836267383, -56.99358726104111, -7.437602210444828, -159.5189273941201, -212.3945507089588, -113.99537018957626, 30.908030262901665, -57.03728454814689, -74.96465215938422, 341.13700634698495, 216.90646092364008, 240.1648287155763, 294.3432364997974, 178.15611122937437, 253.46858716216096, 8.288125800676703, -44.53237956897005, 83.85000825161022, 22.227174518939464, -64.0876639035807, 25.459742494293717, -73.16544579506174, -24.62464456099142, -180.54229008430977, -163.11883069494473, -124.66533943796621, -8.614572643863003, 34.781257086423594, -49.05648817911059, 49.280300223307805, 80.75374982974228, 59.30355123122423, 40.32057328443493, -16.619205884875875, -171.67124633753969, -222.43908847773386, -32.48135405015543, -90.85159453357743, -248.67155382668577, -20.69156424172125, -183.82925589494351, -180.56634294400752, -78.15466318924433, -35.211776177850595, -30.979784160613693, -107.67828414649074, 202.44893045873098, -81.89547111872395, -127.59869307471666, -113.86619355507362, -70.2621483653878, 43.39969684542028, -158.94306449832177, -114.97265825704142, -131.436892898661, -71.9857965685959, -151.98068045009197, -118.76468252722177, -7.830759484627004, -66.7050584847099, -163.8105674798921, -150.81815608869286, -99.16581585539095, -280.0388243964632, -290.6031745068231, -289.3939849550699, -196.52040117547486, -254.30565345244347, -56.56645355445905, -86.84057338232317, 266.8253075683467, -78.78609385911227, -39.95303861505963, 6.000714302179798, -133.4399737558707, -128.53740978356242, 27.460248931718866, -137.26203329932753, -118.56860774508674, -148.95740650878767, -250.2264605878132, 5.909898774844519, 1.6158631623393767, 26.02537713344545, -83.6235025547646, -36.799047562881974, -122.77251340159489, -63.59887264101343, -41.24246461448235, -267.19365255062934, -150.83707275233064, -100.37219621602746, -46.75621543084463, -5.159076891422871, 6.223975771926733, 2.6876492173697235, 59.513220717601065, -37.02421152484458, -29.19319548795987, -171.12758097722107, -102.77481225807685, -126.45687832709267, -9.149912416791022, -38.62574492587609, -84.63104227607565, 108.76086931346258, 47.49407958093514, 45.44491571408059, 23.577874468184525, 19.142415037997175, 173.84539435939297, -152.0308260014701, -63.131064443274866, -70.94244411111126, -103.92287976494876, -21.526636419703216, -202.14726316298177, -154.50139758945062, -131.38276931438023, -213.57695401299648, -134.06229107460265, 2.4470978687864693, -145.5125699737594, -148.11120858914782, -106.83689223618616, -114.57873081944624, -71.94082912088169, -119.76060478816656, -145.19818203933096, -254.75715701169548, -182.80994981240454, -227.90127286080795, -191.3979878324468, -266.81144883539037, -207.47249414270593, -155.14256139803533, -111.73885654674152, -131.36274382429852, 135.02422936217866, 37.92220955316215, -48.91046216162707, -119.24592316244387, -73.29318095223347, -172.0105746602526, -120.17469551187025, -211.3682865433987, -53.04029081675161, -73.3863976520118, -153.66605878480158, -154.72421401575002, -174.69402197000863, -138.37959642158307, -44.18770779432428, -88.95784185026459, -216.60302379749044, -156.39543336118828, -176.76157381242336, -101.80258226677473, -169.35500317087664, -85.17540390128674, -124.1951631258834, -100.84254623222623, -120.4301034263809, 6.420653492180133, -202.32937639012096, -190.94377596413102, -153.28299606253506, -45.42671387156556, 0.019964287758320154, -68.43612777033483, -57.749503053856714, -159.13845017700976, -273.8729226686824, -232.18751144342468, -259.86208722333436, -187.2036707374321, -148.77796971585448, -99.38961781936368, -329.78803585929916, -152.51545604260056, -204.03689492655607, -200.7436205312461, -45.95088241761836, -120.64833883761844, -30.19618559043803, -105.74686740331819, -13.17280916006431, -93.97288815438809, -123.59520524437676, -131.99372380834825, -251.7496401361778, -96.74447794782114, -231.21072816493535, -257.167164712039, -174.12612055377298, -202.27500912264384, -40.985233840939706, -12.790185178824174, -54.15785732084354, -229.76160067024585, -151.92058868457084, -82.56066665042701, 85.93778823462834, -83.56690022072254, -108.13107478902741, 25.00094540807164, -95.49869496861646, 110.74513293406967, -37.053506596154854, -99.09868579455483, -79.1202051784783, -103.24342182362797, 59.00196335999827, -261.5124297353447, -126.08804981311604, -270.78942407103295, -184.15046815077218, -286.1476677338415, -129.99802241585144, -181.46308986766215, -244.24866560792972, 65.78775591355593, -188.40569980483622, -29.356115644982403, -184.86603568469064, -286.0930753993999, -67.61504136189251, -169.25229580651748, -172.64714520629, -199.74612144823504, -179.06876852615787, 268.0169074790979, -144.76020834166633, -103.98598336013718, -78.25949081226601, -78.26912750099085, -135.79427542196223, 58.492862425049054, 146.01485071450978, 454.3758818528958, 208.4527094243622, 139.45580169173454, 426.8602838976515, -170.19211025510825, -202.44641788641385, -65.19211041741079, -51.48691003771651, -79.21564642921226, -158.93332813432838, -209.05626560600632, -123.64945371699064, -153.5889023696225, 47.76091371302932, -152.5382035012831, -58.89633007262987, -156.78314956835857, -90.418276112381, -125.10717497240144, -178.36174353955673, -208.47491832265524, -118.6752051214955, -60.46546827509032, -63.20203635665648, -141.1966259716534, -64.79976636255029, -53.75458138679869, -63.36260095928073, -203.08305445754633, -219.98871411498268, -181.34644586860853, -144.14996525384464, -16.74995393468058, -128.1290813215442, -202.66490821385827, 95.78556388293599, -206.40324459981215, -231.68887050665305, -217.8496930445236, -178.9434935460464, -45.364656636460744, -202.77391386767277, -119.47215932770607, -93.84789006048275, -144.48976444200179, -105.87296529695094, -188.87772652407764, -186.62975412522158, -293.43626721661366, -232.69133678444925, -235.17040896069113, -196.29772892631837, -152.6414278020033, -119.18555855328626, -90.62218491010154, -179.69781293345784, -265.5204503911766, -170.14283800358416, -3.920535810786427, -167.9407107667287, 91.38281378213381, -132.55694625514278, -204.87258907828453, -136.00993701067227, -313.5321745558239, -203.04481766294995, 10.93840918665646, -248.80558164776633, -99.4036897080462, -84.5581618338187, -194.6456731384668, -195.83160276816207, -55.49791852269565, -61.39666968347291, -140.57386153300848, -137.752722362938, 8.336366125381062, -196.03042276132683, -160.76595604626536, -152.7595084750908, -313.2648625835187, -242.87960096407332, -268.096347534459, -177.1293329361248, -250.12511633876116, -166.74320721238385, -219.02849625824038, -172.39646727780428, -245.60553772996786, -145.63110268495595, -145.7898999164683, -190.10787498516797, -56.39317101011336, -39.05070347865518, -142.16904018823837, -195.5052909606223, -175.4439650048835, -64.86013466699755, -138.5375617016522, -94.30502612256515, -7.762617904752331, -103.72889631533832, -172.1564232477161, -76.19586739560407, -60.657161764337715, -209.20536317945948, 235.6268102811801, 252.15814217488256, -53.01465149263125, 20.950945323559917, -20.605308329093706, -104.60883048906346, -42.15581516186364, -146.95430631279123, -149.57516967845783, -208.8828441720263, -50.94380272778302, -172.7006384945335, 16.849422741032573, -116.03712905587702, -100.00136126692128, -50.552743417857286, -73.16547657133555, -62.476069528317744, 93.68207291106656, -68.73303040363773, 80.67368105513323, -7.95926739163355, 25.94806369215915, 119.4108785618096, -25.21922284193467, -78.5033248574328, -207.62453832953736, -170.25576005416104, -166.82606951006431, -259.5901403775151, -81.82363174069202, 36.58702437336366, -114.09551505145907, -140.99223395203234, -150.57787841371066, -205.70664121523743, 16.19740985868685, -14.617566083432166, 566.8728004120634, 2.1177843172098303, 14.043925821030653, 25.445306825499653, -233.64095148532869, -193.8579462394265, -122.57521463659313, 30.818789628478687, -17.650978801759074, -88.58791561310764, -195.19452253896006, -105.5761352932826, 160.616948948308, 128.28502594460494, -203.86642103243642, 95.38372567181214, -180.79176446299678, -174.52835123437862, -185.02575469216447, -162.9146188691012, -108.9782531010118, -149.1572621780541, -33.72397268200238, -56.74255115793966, -147.7503824086369, -150.0231919047917, -141.2716241069314, -103.26926941751479, -5.23061187359267, 1.0147469943735112, -68.53825494033129, 23.655672045966707, -66.95803916971315, -9.585775219830088, -287.91504488341576, -244.687466428236, -230.1289809449039, -267.77677366237737, -250.66832077475436, -238.15554027688535, -80.5111574024513, -160.21506238608487, -142.79588747182117, -183.64291210486465, -194.59672242457884, -162.62625895080987]",20.269375993896173,0.7109505630107472,0.986570470218919,9774.953,613.814,11.62,516335.36,37169.983,161.421,15.231,528000,528000,40.94461538461539,15.400000000000002,1.1102230411687688e-17,4.999999873689376e-05,2970.6802,-0.0023463434,2970.6829,0.11598171,0.002966196,0.091483265,0.0
1524.1762308775365,-1367.4284920407354,-497.749032741155,100.0,60,15,534000,False,5340,89,212f51d07e9840f9afce8433e261ebfd,2020-07-14_17-08-07,1594746487,46.91182589530945,4175.659140825272,62816,tango5,131.234.250.245,4175.659140825272,0,89,d74d5_00000,0,-348.84769092468895,538.1413456573706,-82.95817212352586,"[-588.3051527693925, -215.65860885414483, -833.6087147628311, 158.17332698409436, -731.7062013440878, -128.8169898528659, 307.64089661761284, -864.4766975728735, -880.5083392568097, -376.38448171316554, -967.81852393057, -304.71628637667783, -847.8627396301907, -32.70002979288641, -911.799313549186, -431.73518930549466, -1072.3459253202457, -544.2090654291999, -774.0836548719171, -38.72837971539704, -435.1424939561817, 813.8400278410508, -434.4441529909158, 148.13413504093603, -941.4342730451557, -953.1229659941414, -778.2397745649741, -595.7108646160843, -1079.9214073526362, -156.70121486295534, 43.57166540550752, -511.14901015157284, -629.0215096077685, -660.5947697811908, -845.8857464923829, -980.7922041234931, 510.37957633078986, 162.7648664755908, 451.04979965277664, -484.0884558659458, -1115.3380604577744, -289.1568125346283, -578.5167714394594, -739.4291757863921, -851.8740221003435, -1185.3836858302418, -140.1544247473434, -311.65009569223696, -1137.8061290742673, -735.7137442265321, -473.3653214968643, -404.28774660548856, -382.1681586677698, -566.295283878407, -453.3417744546449, -390.167727746329, -755.348034071625, 152.0119953355506, -1353.7569005432226, -455.4216164205218, -207.1725553178932, -645.6362832317159, 259.45063689160503, -151.55478505759783, -988.2907737025442, -1196.101916865581, -240.94569753256755, -1270.3825655672792, -325.8414469589777, -587.0027547372855, 1524.1762308775365, 31.20500759296887, -574.7311232171368, 215.38294347602255, -782.7340431105677, -529.4333866083815, -298.8518598016617, -585.9193958272926, -607.0950399205346, -1367.4284920407354, -66.19365774183946, -756.0916689928584, -209.64392444861176, -670.0004742053277, -2.9516381973289842, -532.7659711811331, 418.2655484740534, -613.7011139034894, -776.5888840964035, -706.4264475931598, -1331.1503104954506, -274.208185015362, -749.1329516469506, -739.0379966384794, -909.8754582590187, -626.5519395837185, -515.8191524346644, -1261.0426119657375, -1032.4245075966842, -487.3322943902036]","[100, 100, 100, 100, 100, 100, 100, 100, 100, 100, 100, 100, 100, 100, 100, 100, 100, 100, 100, 100, 100, 100, 100, 100, 100, 100, 100, 100, 100, 100, 100, 100, 100, 100, 100, 100, 100, 100, 100, 100, 100, 100, 100, 100, 100, 100, 100, 100, 100, 100, 100, 100, 100, 100, 100, 100, 100, 100, 100, 100, 100, 100, 100, 100, 100, 100, 100, 100, 100, 100, 100, 100, 100, 100, 100, 100, 100, 100, 100, 100, 100, 100, 100, 100, 100, 100, 100, 100, 100, 100, 100, 100, 100, 100, 100, 100, 100, 100, 100, 100]","[-187.7406846997326, -103.16273659034377, -13.348449583757674, -52.17082201900267, -125.56564459189372, -106.31681528466277, -68.68854024678558, -97.61003400521427, -40.74578093220617, -14.89193864719968, -32.9894214641807, 39.267106441441925, -126.20024786741888, -142.1547341619399, -166.48098062033293, -94.41949488842755, -165.33398040906914, -139.01927681564334, 8.513610660420284, -87.67048556144714, 132.66492270849653, -112.88768907703998, 10.304996547487288, 207.24797170617745, -70.13703419982772, -103.10643545693725, -158.9182746765393, -74.03753190668665, -197.9153440217757, -127.5915810823215, -25.904094873193053, -121.97157354011226, -72.08669536993494, 85.26090442440098, 84.11216697383259, -78.22769746785926, 260.11849547464516, 34.598884997776956, -22.648132822046726, 17.44581424771764, 24.5838042215836, -6.457969502063834, -148.04890595564325, -6.131994934645182, -149.7528287505525, -182.64291375865378, -194.8621099297202, -183.0379442436568, -67.3952093498331, -140.99156609457592, -182.89352323570145, -90.09818877580126, -212.20216628839574, -186.92768551250165, -59.4561681701014, -1.5028438303152187, -182.62513111153856, -12.013086327368686, -158.9671659311558, 38.17991365731426, -227.26152679362428, -250.6376057636694, -146.03705201031943, -173.35170239525476, -214.99707734963854, 44.46644038193643, -5.657929170598594, -30.050855354925393, 28.345810741166414, -164.75218767881063, -7.726642518638202, -124.87448239487186, -169.1316437994651, -122.36650398410913, -68.96004773476149, -116.52301221285178, -227.66035043647537, -143.22118146252754, -124.12566479683437, 474.3987934650281, -90.94372036948258, -30.381462810133772, -166.31530802804238, -95.33266725342165, -113.865190655537, -280.32823694680627, -233.1237434923752, -51.59998905870686, -136.72760231780185, -96.15455107795901, -9.155914467862434, -0.5692728733492145, -129.08276069009366, -146.5259759686637, -132.35490610467357, -14.0463592008524, -246.43853161886727, -174.34717977727752, -143.66357206792136, -182.85069199583637, -137.96997918737964, -187.07597067296336, -102.35798637191829, -122.601023075602, -42.33952945262843, -94.32563919508677, 1.670753748433595, -184.25564108239763, -125.45535882159274, -77.89398136907701, -110.56168493514338, -159.8453501685877, -137.91115820084474, -162.416121376672, -77.11749939846874, -32.66532525937359, 37.47289362329459, -48.11444190182004, 23.019969471776577, 58.67602374919423, -41.694439857937354, -99.88139747086949, 8.251195864436053, -40.81954232950905, -133.67420611360785, -127.32410404869422, 99.27885566449486, 226.28532255335693, 85.20594951567362, 66.1070121121255, 94.35924840732353, 242.60363958807466, -6.626130907307838, -113.8008221641426, -114.81457298786087, -117.4535996641302, -79.3593510155235, -2.3896762519510655, -87.18210431339598, -62.73136295811906, -46.09063937337886, -48.55891220448678, 244.862535723022, 147.8346181672952, -187.68080054288103, -110.2697824799848, -256.1812992464223, -136.45887549724432, -67.45326585217167, -183.390249426452, -275.57312879797206, -145.66856475076312, -77.2010431040448, -254.40960827162309, -53.35278311114947, -146.9178379585891, -156.11700620953405, -136.48137386931234, -169.4963761320821, -116.13326323229447, -92.21938753973845, -107.79236758201291, -172.97748873468316, -210.25278312972898, 33.590201359531214, -192.8503896808599, -136.3491138754349, 83.12870944509075, -146.28201071059038, -164.66769321005543, -210.08660351861076, -225.1976896104773, -191.2894343959561, -142.39797590694556, -142.6336802800597, 128.64514550921854, 230.522873596629, -104.7805983818969, -74.23782241828366, -194.2171328885632, -16.564096879015075, 23.6332859210763, -12.569695479392815, 78.97200561334763, 43.332614412355575, -73.23244818286409, -250.82411312432689, -209.16767162367233, -62.30138256383977, -206.28876410087582, 338.6838378080882, -121.25091654694648, -128.76097690265945, -18.4964314591522, -129.027559628024, 1.7233592786178353, -183.43598851495722, -171.0239123815935, -80.67116757274773, -131.32936740758262, -134.90086362425097, -108.38462119297007, -217.85618165559765, 12.547431671958723, -191.944296192406, -196.19919563987852, -182.74895618271083, -142.64857136011614, -196.34707531106974, 64.0023481937987, -125.90070428786936, -125.45857587622386, -237.1743323739619, -227.21378514896537, -211.7180204568159, -53.326785979655234, -71.28796467582484, -106.10107558621615, -120.43059101187461, 458.6739874124582, 453.8092882351167, -104.28406804287323, 45.84783715702944, 57.64588726186179, 77.52169261068103, -45.18266510802848, -28.933987016320764, 55.86610157036772, 110.544944410873, 206.9575613738386, -40.79171165974183, 8.362589200723033, 80.13013673243455, 85.84627959464923, 46.52210128899371, -82.7999756512153, -106.03792750494374, -100.14834299441554, -113.13470599196155, -128.48960501240353, -174.43801738266114, -176.15817964159643, -306.6581722451547, -97.47397630982321, -222.89547078648576, -137.71424409205383, -97.46528629612227, -82.71559703801745, -15.615691567157654, -54.009592399106964, -89.89837675963055, 50.54773152540732, -70.88276125308278, -294.43751608156106, -113.2332102762969, -57.514466974985005, -89.94363181878948, 47.49481496525537, -132.56468752430374, -102.31462572960218, -114.2130113792035, -65.09036357802636, -164.12462176648665, -161.12186580876923, -283.24621185638046, -225.35130292110492, -101.24451166294972, -24.519244700439025, -126.34593947974668, -91.1668114797232, -256.4431904470332, -213.03791034917342, -165.90035682391755, -214.44255191543562, -179.85395324174803, -155.70572305293328, -179.2338284265471, -112.42472400981117, -125.10426421381402, 84.33777951814507, 61.61541446620614, 130.655197918477, -110.2118621434341, -46.58933750607476, 148.96438601916816, -53.65779864602575, -96.40937089261823, -153.74611252325207, -166.68849219889705, -155.8972104361286, -200.317602351935, -201.10319639862502, -219.81377903358643, -193.98584865509147, -129.2062881975041, -88.57384744900308, -155.14241633910632, -90.24321941010867, -140.4505738685435, -132.09739896226574, -95.76102577648454, -62.3644325900795, 81.21643539208975, -117.35827829990072, -194.20785957471392, -84.8901606477753, 41.172431365640456, -77.3432802968868, -77.4852449291366, -9.665313256260367, -129.0225806853473, -151.9437588034984, -90.89798326674871, -6.610093005761713, -181.5456662256231, -80.59136169104862, -83.00187586587006, 60.478821387281215, -168.87735527861034, -174.59218840631397, -145.61061107605593, -110.53627637615187, -137.4644647623787, 170.78561202110433, -79.27328399317095, -10.682066535203303, -91.9904105726815, -91.25296466300156, -171.44303130367132, -8.700017386916016, -175.54340127541872, 538.1413456573706, -227.1513036313665, -186.6492770892136, -152.20372503384255, -186.76136637385878, -132.9476556759509, -147.64912212301465, -70.02133748758824, -187.8740822939544, -57.48876396096783, -159.36707253014885, -6.5087685426857815, 9.261712022645908, 102.52947838114417, -12.351951952221691, 25.11521974885116, 33.966305677817, -184.645435821078, -196.74041334856523, -248.95572443946094, -186.27678768619145, -188.29084832323832, -348.84769092468895, -67.17381636952648, -76.38133862725317, -108.76903620964129, -95.7545345040088, -59.055881520994525, -48.287009189097034, -34.32155953587628, -17.567965393587436, -43.2181543726273, -37.40369854071786, -29.931481935496453, -44.72969553958769, -107.07662160915162, 58.67330127894688, -208.0941612604527, -140.2367540397468, -171.25449526817985, -77.64755233313146, 89.72430562740591, 41.046514855495744, 75.4053608083408, 6.106190657430507, 55.844594852792596, -8.676329909860291, -61.96519075536266, -102.49919568328153, 39.53054455311453, -150.16921647468192, -65.52949613793413, 189.07776944054754, -144.98272645632122, -156.63287076936314, -130.1174352493847, -204.07894447392547, -158.9228314221142, -193.55596533143492, -205.74631611574534, -210.92693378327124, -191.25751146232517, -185.12905986014016, -190.4409762678734, -212.60111937622577, -25.078873658096523, -55.4795801712005, -91.84316659410509, -104.67028464346687, 108.3175047149637, -72.19129718066232, -192.38559741536767, -295.0992603228288, -178.32303598584272, -194.65901970221793, -129.5279172607454, -280.38773488027675, -50.56545060840232, -16.041665470294834, -108.57721304612133, -86.22592836267383, -56.99358726104111, -7.437602210444828, -159.5189273941201, -212.3945507089588, -113.99537018957626, 30.908030262901665, -57.03728454814689, -74.96465215938422, 341.13700634698495, 216.90646092364008, 240.1648287155763, 294.3432364997974, 178.15611122937437, 253.46858716216096, 8.288125800676703, -44.53237956897005, 83.85000825161022, 22.227174518939464, -64.0876639035807, 25.459742494293717, -73.16544579506174, -24.62464456099142, -180.54229008430977, -163.11883069494473, -124.66533943796621, -8.614572643863003, 34.781257086423594, -49.05648817911059, 49.280300223307805, 80.75374982974228, 59.30355123122423, 40.32057328443493, -16.619205884875875, -171.67124633753969, -222.43908847773386, -32.48135405015543, -90.85159453357743, -248.67155382668577, -20.69156424172125, -183.82925589494351, -180.56634294400752, -78.15466318924433, -35.211776177850595, -30.979784160613693, -107.67828414649074, 202.44893045873098, -81.89547111872395, -127.59869307471666, -113.86619355507362, -70.2621483653878, 43.39969684542028, -158.94306449832177, -114.97265825704142, -131.436892898661, -71.9857965685959, -151.98068045009197, -118.76468252722177, -7.830759484627004, -66.7050584847099, -163.8105674798921, -150.81815608869286, -99.16581585539095, -280.0388243964632, -290.6031745068231, -289.3939849550699, -196.52040117547486, -254.30565345244347, -56.56645355445905, -86.84057338232317, 266.8253075683467, -78.78609385911227, -39.95303861505963, 6.000714302179798, -133.4399737558707, -128.53740978356242, 27.460248931718866, -137.26203329932753, -118.56860774508674, -148.95740650878767, -250.2264605878132, 5.909898774844519, 1.6158631623393767, 26.02537713344545, -83.6235025547646, -36.799047562881974, -122.77251340159489, -63.59887264101343, -41.24246461448235, -267.19365255062934, -150.83707275233064, -100.37219621602746, -46.75621543084463, -5.159076891422871, 6.223975771926733, 2.6876492173697235, 59.513220717601065, -37.02421152484458, -29.19319548795987, -171.12758097722107, -102.77481225807685, -126.45687832709267, -9.149912416791022, -38.62574492587609, -84.63104227607565, 108.76086931346258, 47.49407958093514, 45.44491571408059, 23.577874468184525, 19.142415037997175, 173.84539435939297, -152.0308260014701, -63.131064443274866, -70.94244411111126, -103.92287976494876, -21.526636419703216, -202.14726316298177, -154.50139758945062, -131.38276931438023, -213.57695401299648, -134.06229107460265, 2.4470978687864693, -145.5125699737594, -148.11120858914782, -106.83689223618616, -114.57873081944624, -71.94082912088169, -119.76060478816656, -145.19818203933096, -254.75715701169548, -182.80994981240454, -227.90127286080795, -191.3979878324468, -266.81144883539037, -207.47249414270593, -155.14256139803533, -111.73885654674152, -131.36274382429852, 135.02422936217866, 37.92220955316215, -48.91046216162707, -119.24592316244387, -73.29318095223347, -172.0105746602526, -120.17469551187025, -211.3682865433987, -53.04029081675161, -73.3863976520118, -153.66605878480158, -154.72421401575002, -174.69402197000863, -138.37959642158307, -44.18770779432428, -88.95784185026459, -216.60302379749044, -156.39543336118828, -176.76157381242336, -101.80258226677473, -169.35500317087664, -85.17540390128674, -124.1951631258834, -100.84254623222623, -120.4301034263809, 6.420653492180133, -202.32937639012096, -190.94377596413102, -153.28299606253506, -45.42671387156556, 0.019964287758320154, -68.43612777033483, -57.749503053856714, -159.13845017700976, -273.8729226686824, -232.18751144342468, -259.86208722333436, -187.2036707374321, -148.77796971585448, -99.38961781936368, -329.78803585929916, -152.51545604260056, -204.03689492655607, -200.7436205312461, -45.95088241761836, -120.64833883761844, -30.19618559043803, -105.74686740331819, -13.17280916006431, -93.97288815438809, -123.59520524437676]",20.27359017822086,0.710984506080565,0.9865134334474243,9772.655,613.958,11.699,512852.459,37173.37,161.406,15.089,534000,534000,41.168749999999996,15.400000000000002,5.551115205843844e-18,4.999999873689376e-05,3314.8225,-0.001441238,3314.824,0.10651642,0.002063887,0.09480865,0.0
1281.6114247736539,-1353.7569005432226,-466.3563680482402,100.0,60,15,540000,False,5400,90,212f51d07e9840f9afce8433e261ebfd,2020-07-14_17-08-54,1594746534,46.78789186477661,4222.447032690048,62816,tango5,131.234.250.245,4222.447032690048,0,90,d74d5_00000,0,-348.84769092468895,538.1413456573706,-77.72606134137337,"[-111.48329286527802, -754.3837019640029, -671.2600376591006, -508.7649336914539, -1238.6132262412366, -172.59182372869017, -213.67401816125573, -622.2831251952739, -1241.7481421094253, -1264.1735245388422, -69.7221822588134, -544.5463284056881, 281.7907776467695, -449.9787146260934, -88.67178429356204, -806.6053717529608, -655.5997051656879, -417.97210254210046, -603.528887675462, 60.840359449810975, 1281.6114247736539, -415.6057612426638, -806.3681180959492, -210.936634425394, -896.3909844573494, -941.2541062943234, -1093.5932923017735, -656.9232861166091, 66.83839640237846, -212.295989378439, -136.20466321666171, 1133.70565561401, -1124.8130054471364, -256.68312670634026, -497.4357990361452, -1011.5891272183675, -85.54263082325082, -743.7618057924628, -345.4903990477215, -705.4246027884697, -911.0649614724691, -1118.1933604878514, -688.9425310353408, -701.9107839959314, -555.8398700426122, -296.0990300317174, 296.46439129521144, -650.9336596915622, -820.7369715882111, -298.54295914429383, -497.053307197134, -730.7965416617789, -348.3692120947482, -1009.5245845052467, -231.57952530432053, -749.2866430384335, 343.16290350404387, 198.40415919922617, -799.4312243079411, 209.43679125173827, -435.1424939561817, 813.8400278410508, -434.4441529909158, 148.13413504093603, -941.4342730451557, -953.1229659941414, -778.2397745649741, -595.7108646160843, -1079.9214073526362, -156.70121486295534, 43.57166540550752, -511.14901015157284, -629.0215096077685, -660.5947697811908, -845.8857464923829, -980.7922041234931, 510.37957633078986, 162.7648664755908, 451.04979965277664, -484.0884558659458, -1115.3380604577744, -289.1568125346283, -578.5167714394594, -739.4291757863921, -851.8740221003435, -1185.3836858302418, -140.1544247473434, -311.65009569223696, -1137.8061290742673, -735.7137442265321, -473.3653214968643, -404.28774660548856, -382.1681586677698, -566.295283878407, -453.3417744546449, -390.167727746329, -755.348034071625, 152.0119953355506, -1353.7569005432226, -455.4216164205218]","[100, 100, 100, 100, 100, 100, 100, 100, 100, 100, 100, 100, 100, 100, 100, 100, 100, 100, 100, 100, 100, 100, 100, 100, 100, 100, 100, 100, 100, 100, 100, 100, 100, 100, 100, 100, 100, 100, 100, 100, 100, 100, 100, 100, 100, 100, 100, 100, 100, 100, 100, 100, 100, 100, 100, 100, 100, 100, 100, 100, 100, 100, 100, 100, 100, 100, 100, 100, 100, 100, 100, 100, 100, 100, 100, 100, 100, 100, 100, 100, 100, 100, 100, 100, 100, 100, 100, 100, 100, 100, 100, 100, 100, 100, 100, 100, 100, 100, 100, 100]","[-118.18860015785499, 27.309815480272363, -74.99037551985398, -46.908771655008444, 104.82819892553727, -3.533559938368131, -37.11687963634117, -294.4708188979662, -163.60323785592055, -99.91554133405172, 51.840358744511875, -211.11758298423504, -119.0232985427724, -103.8760371592251, -146.84176302912945, -83.67363772741545, -116.61836996987131, -101.22693123068875, -111.8046218690133, 58.64180541452064, -137.55072762825066, -89.35949033109955, -119.243912682908, -109.44798659470273, -170.30328875056327, -276.2372765817954, -215.63940143324666, -221.22945642970808, -109.04841830083032, -246.15538474509341, -72.83371929545089, 23.86401453766976, -114.20030228674094, -20.07508331945455, 9.138029477549807, 1.5152371577361037, 494.09650433492436, -147.02581181942008, -208.06435553153403, -141.81811265485422, -109.65568734441536, -101.20655514595646, -176.9288361484728, -182.44689306089717, -147.09198383752542, 262.55804138467477, -223.71833966858418, -154.65511386446912, -304.24354818863225, -174.76336850988315, -107.58143612786925, -269.4395092269563, -266.6163815597876, -119.1038984962964, -176.75357409672935, -157.74546090814795, -178.84540583867215, -283.5609421817048, -257.3978169254096, -209.8703245881782, 16.939102320944258, 32.48641502586002, 71.99877241277422, -5.753276365245567, -73.58594526181913, -111.80725039132699, -72.85583708296082, -99.68518976160959, -77.37178814656315, -76.66366622921826, -69.89224133064434, -148.0776058546917, 29.49074403248331, 29.444593434132184, -14.681591040497269, -48.65237532974662, 27.512926583255176, 258.67647996714123, -50.18549675264077, -40.83344882280342, -184.74807823773088, -80.37434947562053, -119.06464747627251, 25.227306138974868, -62.18345222236697, -107.59632858976232, -122.6177741565831, -99.34267230674844, 410.0915846932098, -107.02314171131107, -80.43212250036835, -140.46899358922028, -142.88880292907757, -207.21467033053602, -66.90701451339227, -168.69376789036608, -81.09307993264476, -159.79683296851852, 75.78796372634535, -207.8897359114866, -231.09522133586722, -51.51279874351657, -24.406329178624514, -129.88994129909284, -48.76795878541881, -108.04093055344447, -21.63986205887641, -85.22708066664438, -49.42486870873613, -133.872542376186, -147.6992995987116, -88.94709517757956, -88.03267228766451, -95.55240952658372, -81.7612062523323, 523.7400880012127, -136.06277260972232, -101.14695197292758, -60.617252326781916, -83.31154538963847, 392.10306792919306, 122.75164349955656, 390.56352588277804, 169.00410959032618, 99.1340031686865, 108.05507470311395, -83.76176209278074, -168.57935991361418, -18.459553173555676, -136.52216118413165, 0.4714677562009859, -8.7543926347821, -109.27868707194908, -239.28980534491168, -87.96790416840265, -172.0112880249836, -118.07501444318532, -79.74541904251622, -150.5876180077527, 104.67754183021128, -133.12028176740534, 126.23367847853089, 76.74193156731478, -234.8818865262925, -170.9563264531016, -121.98853860210059, -152.9765573879996, -109.09658450402623, -228.45075071944643, -112.92222679067538, -250.8018045761491, -97.18037313195416, -262.692017584781, -54.27769686215246, -147.72187829281665, -128.58033584646893, -133.3804623659706, -209.59419235018535, -191.48063208492036, -136.8713450684262, -166.89003875386607, -255.37662167840597, -53.61864338002931, -168.87766931937892, -88.39000520579019, -153.89539442735725, -97.21734289707025, -94.92423088698325, -7.839189569666482, 1.7360000645392022, -52.074059513271465, 103.32663789863932, -85.74815076443969, 107.43715828657785, -27.115775393907697, -136.89983765349547, 147.51882768140865, 109.75293856833773, -181.51619802685786, -124.03594455392427, -28.927760813842852, 1.665027349701023, -174.36452973438284, -60.91550586491471, 56.79592579188986, 69.5421800548882, 272.46336391514564, 98.32838608662033, 238.1934367255233, 183.7472677255272, 226.50420325097787, 114.46899791021507, -167.6464589854109, -214.44480824968616, -218.91583885052842, -167.84737343874707, -207.28552232947249, -148.67300359329258, 13.751697886644246, -104.25674093875774, -76.15908713344521, -83.86716995252057, -53.15661785838243, 47.004791290122206, -56.60082728382513, -57.63192565079924, -127.93018050454829, -15.807982081873147, -124.95668993014175, -114.50819358495812, -226.06653143201322, -182.6609190989547, -230.21938303607416, -51.51069336108739, -124.92704892314123, -196.20455136709552, -110.10328229864618, 4.117584221345441, 64.19804616783902, -100.51492861955131, 36.21045579774593, 20.5494939080159, -131.87227923010096, -42.69316877522724, -153.19647300562812, -245.26433930407026, -50.81127162630285, -119.92427385113282, -74.92549424480809, -91.18249442372789, 33.968698335741315, -46.92490579161671, -58.649897017061214, -107.77630590624894, -139.39912628443435, -170.24765725459824, 20.284722326982603, -195.94445120258496, -187.85290815348984, -32.265182220343895, -119.5602852886411, -164.61403868365045, -121.22538487881936, -139.00310138825853, -244.18109205897048, -122.48105917412946, -199.75623524198934, -129.32826167249704, -222.2332443037706, -218.1679244662644, -169.21576527612612, -179.49192952720554, 118.5749124717436, -209.80671731319887, 101.89491908474135, -223.23530090666804, -256.1009441059484, -220.26940026600948, -95.21774462371157, -145.5423287794771, -17.50760774701319, -221.21090482141813, -167.67464664541157, -54.75755137889996, -137.70401715266672, -19.73443761438778, -94.7453146614201, -79.91271848207577, -70.42878509140641, -153.31459704065554, -101.82870863896657, 296.8928992120063, -88.22778457261371, -173.5525880923415, -118.66572621922333, -110.71712172057879, -30.615829941532752, 38.38465209967261, 162.31677869349883, 66.90683962384001, 63.92115847557921, -4.449207655845985, -27.755087370964393, -131.67463316259702, -164.5885574036691, -215.55462329033261, -124.29073881743173, 12.929980353432825, -125.94507480998372, 8.267701910059156, -202.7987117023816, -149.0392647223791, -164.9692992477931, -186.2523230157333, -97.8169328452571, -0.1942032917068145, -62.012351060005905, -64.95885285631826, -21.998102499090482, -51.562516591915276, -140.62290587559954, 12.814309574720756, 15.202210359172458, -137.76859511061275, -133.69251221808088, -112.9858139267356, -105.41965958777574, -114.76721038863359, -76.5704290899019, -161.70003665026383, -63.82176906240708, -208.51743688279717, -19.712036683767852, 85.12945696654093, 76.74605501353513, -163.03927166521683, -168.68356019111226, -158.80985553472775, -170.91763421910477, -206.7899328355428, -128.09706346658456, -115.84976171722403, -249.16577935787677, -138.7044129089129, -102.27521538722992, 31.516946957966034, -58.1087949243237, -40.962594456695385, 12.97239357136317, -74.72226106540064, 35.90816773424639, -257.78635161268085, -80.78848550229137, -146.553058014717, -231.37501206736025, -68.69190357563085, 225.06209239089998, -36.92544452639935, 2.2145047673442995, 298.8153798015476, -7.508840940017226, -138.4947879893317, 66.50434185443584, -24.50814882389009, 97.04378546072725, -24.75519817837955, 152.01635568104237, -67.89697679470933, -218.57946005340813, -210.91818840422948, -128.57525229266562, -28.264780474854856, -44.99764236746867, -168.0959007153139, 48.35246816739742, 77.96812944543841, -60.206397299413084, -14.954386355744914, 72.0414926419466, 86.23548465211542, -41.694439857937354, -99.88139747086949, 8.251195864436053, -40.81954232950905, -133.67420611360785, -127.32410404869422, 99.27885566449486, 226.28532255335693, 85.20594951567362, 66.1070121121255, 94.35924840732353, 242.60363958807466, -6.626130907307838, -113.8008221641426, -114.81457298786087, -117.4535996641302, -79.3593510155235, -2.3896762519510655, -87.18210431339598, -62.73136295811906, -46.09063937337886, -48.55891220448678, 244.862535723022, 147.8346181672952, -187.68080054288103, -110.2697824799848, -256.1812992464223, -136.45887549724432, -67.45326585217167, -183.390249426452, -275.57312879797206, -145.66856475076312, -77.2010431040448, -254.40960827162309, -53.35278311114947, -146.9178379585891, -156.11700620953405, -136.48137386931234, -169.4963761320821, -116.13326323229447, -92.21938753973845, -107.79236758201291, -172.97748873468316, -210.25278312972898, 33.590201359531214, -192.8503896808599, -136.3491138754349, 83.12870944509075, -146.28201071059038, -164.66769321005543, -210.08660351861076, -225.1976896104773, -191.2894343959561, -142.39797590694556, -142.6336802800597, 128.64514550921854, 230.522873596629, -104.7805983818969, -74.23782241828366, -194.2171328885632, -16.564096879015075, 23.6332859210763, -12.569695479392815, 78.97200561334763, 43.332614412355575, -73.23244818286409, -250.82411312432689, -209.16767162367233, -62.30138256383977, -206.28876410087582, 338.6838378080882, -121.25091654694648, -128.76097690265945, -18.4964314591522, -129.027559628024, 1.7233592786178353, -183.43598851495722, -171.0239123815935, -80.67116757274773, -131.32936740758262, -134.90086362425097, -108.38462119297007, -217.85618165559765, 12.547431671958723, -191.944296192406, -196.19919563987852, -182.74895618271083, -142.64857136011614, -196.34707531106974, 64.0023481937987, -125.90070428786936, -125.45857587622386, -237.1743323739619, -227.21378514896537, -211.7180204568159, -53.326785979655234, -71.28796467582484, -106.10107558621615, -120.43059101187461, 458.6739874124582, 453.8092882351167, -104.28406804287323, 45.84783715702944, 57.64588726186179, 77.52169261068103, -45.18266510802848, -28.933987016320764, 55.86610157036772, 110.544944410873, 206.9575613738386, -40.79171165974183, 8.362589200723033, 80.13013673243455, 85.84627959464923, 46.52210128899371, -82.7999756512153, -106.03792750494374, -100.14834299441554, -113.13470599196155, -128.48960501240353, -174.43801738266114, -176.15817964159643, -306.6581722451547, -97.47397630982321, -222.89547078648576, -137.71424409205383, -97.46528629612227, -82.71559703801745, -15.615691567157654, -54.009592399106964, -89.89837675963055, 50.54773152540732, -70.88276125308278, -294.43751608156106, -113.2332102762969, -57.514466974985005, -89.94363181878948, 47.49481496525537, -132.56468752430374, -102.31462572960218, -114.2130113792035, -65.09036357802636, -164.12462176648665, -161.12186580876923, -283.24621185638046, -225.35130292110492, -101.24451166294972, -24.519244700439025, -126.34593947974668, -91.1668114797232, -256.4431904470332, -213.03791034917342, -165.90035682391755, -214.44255191543562, -179.85395324174803, -155.70572305293328, -179.2338284265471, -112.42472400981117, -125.10426421381402, 84.33777951814507, 61.61541446620614, 130.655197918477, -110.2118621434341, -46.58933750607476, 148.96438601916816, -53.65779864602575, -96.40937089261823, -153.74611252325207, -166.68849219889705, -155.8972104361286, -200.317602351935, -201.10319639862502, -219.81377903358643, -193.98584865509147, -129.2062881975041, -88.57384744900308, -155.14241633910632, -90.24321941010867, -140.4505738685435, -132.09739896226574, -95.76102577648454, -62.3644325900795, 81.21643539208975, -117.35827829990072, -194.20785957471392, -84.8901606477753, 41.172431365640456, -77.3432802968868, -77.4852449291366, -9.665313256260367, -129.0225806853473, -151.9437588034984, -90.89798326674871, -6.610093005761713, -181.5456662256231, -80.59136169104862, -83.00187586587006, 60.478821387281215, -168.87735527861034, -174.59218840631397, -145.61061107605593, -110.53627637615187, -137.4644647623787, 170.78561202110433, -79.27328399317095, -10.682066535203303, -91.9904105726815, -91.25296466300156, -171.44303130367132, -8.700017386916016, -175.54340127541872, 538.1413456573706, -227.1513036313665, -186.6492770892136, -152.20372503384255, -186.76136637385878, -132.9476556759509, -147.64912212301465, -70.02133748758824, -187.8740822939544, -57.48876396096783, -159.36707253014885, -6.5087685426857815, 9.261712022645908, 102.52947838114417, -12.351951952221691, 25.11521974885116, 33.966305677817, -184.645435821078, -196.74041334856523, -248.95572443946094, -186.27678768619145, -188.29084832323832, -348.84769092468895, -67.17381636952648, -76.38133862725317, -108.76903620964129, -95.7545345040088, -59.055881520994525, -48.287009189097034]",20.276911424510562,0.7109526714378679,0.9864183401926667,9753.439,615.168,11.715,512152.129,37179.444,161.379,15.143,540000,540000,40.78153846153847,15.400000000000002,2.775557602921922e-18,4.999999873689376e-05,4284.468,-0.001653127,4284.4697,0.0931241,0.0020507392,0.09999438,0.0
1281.6114247736539,-1594.926924058007,-459.9283380006838,100.0,60,15,546000,False,5460,91,212f51d07e9840f9afce8433e261ebfd,2020-07-14_17-09-41,1594746581,46.84694170951843,4269.293974399567,62816,tango5,131.234.250.245,4269.293974399567,0,91,d74d5_00000,0,-396.4399427635207,727.541143698772,-76.65472300011398,"[-431.36284796749027, -626.7211056141308, -1264.4239734231944, -919.1851671706962, -642.618382108068, -97.94446346762965, -733.0252335324376, -1594.926924058007, 58.536043807482436, 504.3067961560302, -696.276744690517, -808.3357060527636, -934.2511991149142, -188.0213388812241, -872.0312885638608, -339.2082323979207, -377.8405434052515, -178.0610998707283, 545.5522394700107, -864.628041234876, -940.8805422346065, -308.93548141171243, 46.51765207990068, 328.2714006269989, 231.44396585992473, -551.4248809092688, -791.9916273706135, -569.5609111709799, 351.7066839214985, -140.21166199305824, -1439.8126398513973, -764.4105354943899, -1274.1884671484577, -1114.3942996031558, -952.1949164749797, -152.6869055869307, 19.115846515054614, -927.9091291420071, -357.62257513000674, -448.97471716243473, -616.8815772088332, -276.30428178504656, -608.8838270021772, 427.70360307029176, -718.4362733727493, 324.72648781397373, 294.1158174579249, -662.0324752961493, -948.7220758997533, -764.5312725595548, -298.2571886120966, -769.8010986192941, -630.2239029012384, -265.5332704372954, -299.2966479222531, -533.6501033170255, -1112.6802370397374, -517.086149652378, -847.5559602521741, 68.1023632163688, 1281.6114247736539, -415.6057612426638, -806.3681180959492, -210.936634425394, -896.3909844573494, -941.2541062943234, -1093.5932923017735, -656.9232861166091, 66.83839640237846, -212.295989378439, -136.20466321666171, 1133.70565561401, -1124.8130054471364, -256.68312670634026, -497.4357990361452, -1011.5891272183675, -85.54263082325082, -743.7618057924628, -345.4903990477215, -705.4246027884697, -911.0649614724691, -1118.1933604878514, -688.9425310353408, -701.9107839959314, -555.8398700426122, -296.0990300317174, 296.46439129521144, -650.9336596915622, -820.7369715882111, -298.54295914429383, -497.053307197134, -730.7965416617789, -348.3692120947482, -1009.5245845052467, -231.57952530432053, -749.2866430384335, 343.16290350404387, 198.40415919922617, -799.4312243079411, 209.43679125173827]","[100, 100, 100, 100, 100, 100, 100, 100, 100, 100, 100, 100, 100, 100, 100, 100, 100, 100, 100, 100, 100, 100, 100, 100, 100, 100, 100, 100, 100, 100, 100, 100, 100, 100, 100, 100, 100, 100, 100, 100, 100, 100, 100, 100, 100, 100, 100, 100, 100, 100, 100, 100, 100, 100, 100, 100, 100, 100, 100, 100, 100, 100, 100, 100, 100, 100, 100, 100, 100, 100, 100, 100, 100, 100, 100, 100, 100, 100, 100, 100, 100, 100, 100, 100, 100, 100, 100, 100, 100, 100, 100, 100, 100, 100, 100, 100, 100, 100, 100, 100]","[-112.73795732672393, -91.37245354800282, -22.131563314552505, -101.76320443040481, -97.50420044126435, -5.853468906541094, -88.29616564943667, -71.1295201061316, -150.59939628993757, -86.46162324149313, -142.4842867044661, -87.75011362266557, -152.17797621899467, -281.1767009991746, -182.2486830725491, -205.90593785982318, -256.4212162982073, -186.49345897444786, -255.01285894267383, -103.08398728665159, -158.56910910206147, -134.98319518909597, -69.65266876927329, -197.88334788094014, -89.46462149807095, -79.41849876315916, -59.23846422092383, -145.35974454302365, -149.38617530426768, -119.75087777862275, -20.374866599008083, -75.11572254582498, -54.58797706651553, -33.18860474451522, 77.17167204427845, 8.151035443955928, -21.60532181719914, -194.0312086394735, -209.948563241114, 17.173939892102567, -166.10119133394358, -158.51288839281082, -209.75353144181275, -304.7290600595012, -280.45994118196086, -285.82560622386893, -270.81077055920093, -243.34801459166144, 3.0144283923874617, 100.01941787532094, -142.55331173035157, -133.78391330792533, 54.025366325030234, 177.81405625302176, -106.90636777330525, -27.42074478518429, -68.3910246079902, 727.541143698772, -78.52847364327015, 58.012263267008414, -91.19853803313951, -57.65723247903959, -156.0701894373405, -96.80321561144795, -171.1356387992533, -123.41193033029624, -192.64936361757418, -102.77581102537206, -116.5931754908445, -83.37408673938147, -241.8202782774081, -71.12299090218323, -122.14654102009573, -178.38523301048343, -114.92212158990331, -197.86533139046054, -167.7276000542874, -153.20437204968374, -13.109996729681589, -129.95622591868235, 34.55959658095884, -4.619714159714623, 39.401274279091254, -114.2962729331955, -188.91617433682745, -166.2188995698955, -176.17153036000283, -123.60215301721487, -172.65355187814544, -44.46897940177539, -68.99415226944619, -65.72906813155224, 50.81490201723527, -148.8561770085604, -90.74737654720685, -15.696360458390172, -67.8232452598431, -109.41637996441324, -97.49122902786148, 3.6605419462986477, -123.10919910299755, 16.33896800356466, -5.601206040294392, -39.438423641731404, 75.28722412727575, -15.408733367104336, -20.992673704443593, -171.90728724443002, 169.35358744129684, 81.100071960089, -68.69459468682689, 118.92922078590118, 15.614897374307896, 229.2490565952431, -195.09713842628543, -171.68931457369334, -125.48809579700807, -132.85183362969178, -145.02904259192746, -94.47261621626944, -281.3683914158014, -175.96687050530005, -87.2714366658091, -104.87155116843591, -147.50205139317353, -143.9002410860868, -148.63572648243678, -116.55796359712006, -57.40616716301692, 31.379216591257148, 3.47906118110424, -21.193901941500158, 79.6247271342338, 39.58977397632936, -127.24920828578924, -55.11214395439058, 68.83572124292112, 40.82878196659637, 36.53177554393726, 96.18734188875622, 85.32680579893936, -80.50971125651365, 75.18765969595577, 115.54752895592415, 321.108844184528, -71.04457676123275, 127.7406310893392, -56.076620327114696, -17.3619467045195, -72.92236562107655, 81.89213781976387, -229.95052242012727, -54.49063037554582, -174.96019312482264, -90.32532820192917, -83.59034460660716, -82.41357909369789, -135.6090530407125, -41.64534182815813, -93.8497096232598, -240.56328525241375, -197.91065853237134, -60.42837730714485, -43.67712651765746, -127.88674614160534, -142.65475786224252, -46.814113040666626, -148.09979030166278, -28.763417846476415, 93.68147157284761, 26.069747674312396, 105.1198574562343, 40.432550396973284, 115.16647466760672, 222.89355825639, 30.31933216649781, -88.85535681488875, -161.08366215980035, -176.1671659752851, 32.68163253402789, -230.70529254074577, -308.1111236092098, -292.7367096415444, -256.9193145788571, -191.17893171279403, -160.16126776824814, -218.88680607327112, -72.37177963617572, -110.32237067144492, -169.6953433873088, -22.13658805627733, -170.99764766991154, -183.8877497343882, -306.13832014998724, -194.20465024270666, -182.58221669355822, -226.69103963264834, -180.68449069516646, -154.81570833119858, -247.67507356456932, -48.65389242844802, -221.10110532034398, -178.1631938896626, -263.9853260689337, -184.10412688917478, -107.66620094997351, -155.24727210431138, -134.58100229709584, -187.49771657397278, -183.09859766045264, 98.53766920454183, -138.72073796006418, -32.32442832861187, -87.8198742990507, -69.77742790204717, 77.41789369830113, 0.4408758700532932, -77.92162004733571, -55.734892703053546, -40.68595651975044, 191.8980678113788, 1.1193721037622062, 1.4195160664756612, -315.9072563634565, -183.52392535767518, -160.11942427485235, -229.64262441033853, -40.13541480216097, -54.86898371910001, -111.10774440190265, -22.400358907184334, -45.4617923270473, -46.74707290631415, -77.03662286845872, -107.1576741972444, 8.38409412994417, -64.63322869748228, -157.81225476364995, 7.303133409646216, -135.05878704364875, -120.50096772100058, -81.10354987379401, -99.99235526804075, -99.28751442703029, -125.17080462221736, -90.82638529675067, -233.65461516621022, -192.34894942965028, -204.21158445766818, 90.02485172346428, 116.81534152994927, 147.07067401506922, -220.77947512159196, -164.71717080084647, -66.44587089114906, -26.38436171234666, -80.0227001860933, -50.53424829014981, -57.64676113292472, -41.384340030858226, 184.02542044363665, -42.67053629388827, 199.5730268255393, 185.80679325878882, -133.28772909455554, -174.79543170436892, -163.72426475774785, -73.96121270406108, -56.967122484221015, -115.70051262779589, -7.218321838480131, -47.95609980840324, -82.81757344718278, -61.644843952201796, 92.24200639039574, 432.1213204698459, -13.944264171662766, -30.4515914326781, 189.14020234222235, -2.2619538242217736, 253.13779995487369, -101.50437541060865, -161.4595699130283, -150.77643260644587, -142.84252148352996, -27.645150424476434, -16.256770544420256, -163.05203032424828, -79.11042110761733, -48.131027661146334, -53.89646792311773, -237.75803678229786, -133.38617966205288, -396.4399427635207, -201.6430642985099, -41.54547011613594, -132.54495376476103, -135.8707731805864, -143.70286544248796, -109.22414575707231, 5.801176488160827, -56.083497167454304, -130.47506896633215, 47.67719791698383, -100.05162502072046, -65.12537186273443, -107.76324660903491, -211.28707591004533, -21.885872570226777, -122.21903300868117, -115.85291697144918, -190.7929535498565, -67.09795584447477, -79.6973533818893, -69.7382841025506, -67.36705412492165, -158.60439287735394, -187.71886257004786, 147.26592725098197, -123.22733193084046, -180.81474795833188, -202.0047722096885, 322.6702230367642, -229.42256862617967, -51.94737842098403, -37.87681573283716, -143.22925784202596, -137.0413404165643, -60.98307971093036, 131.7812242010888, -118.27815131070564, 13.856971227623148, -120.8456712190501, -102.95477217675298, -141.1400214515717, -64.2884583865693, -178.22296284094892, -145.47854034722928, -239.03914165595566, -157.22256826371574, -151.60016259707325, -241.11686133481348, -57.824811934862076, -168.37897655084706, -156.4186769307145, 298.4762024619026, -183.35648285712537, -249.58340384073173, -119.19322500717888, -87.38789089276409, -135.05606349583246, -163.64119977207432, -135.88648095801756, -206.39110012630633, -13.858954701814948, 4.934417437438277, 57.72107235054699, 43.115816515352385, -13.883339788917091, -9.926648596235427, 392.10306792919306, 122.75164349955656, 390.56352588277804, 169.00410959032618, 99.1340031686865, 108.05507470311395, -83.76176209278074, -168.57935991361418, -18.459553173555676, -136.52216118413165, 0.4714677562009859, -8.7543926347821, -109.27868707194908, -239.28980534491168, -87.96790416840265, -172.0112880249836, -118.07501444318532, -79.74541904251622, -150.5876180077527, 104.67754183021128, -133.12028176740534, 126.23367847853089, 76.74193156731478, -234.8818865262925, -170.9563264531016, -121.98853860210059, -152.9765573879996, -109.09658450402623, -228.45075071944643, -112.92222679067538, -250.8018045761491, -97.18037313195416, -262.692017584781, -54.27769686215246, -147.72187829281665, -128.58033584646893, -133.3804623659706, -209.59419235018535, -191.48063208492036, -136.8713450684262, -166.89003875386607, -255.37662167840597, -53.61864338002931, -168.87766931937892, -88.39000520579019, -153.89539442735725, -97.21734289707025, -94.92423088698325, -7.839189569666482, 1.7360000645392022, -52.074059513271465, 103.32663789863932, -85.74815076443969, 107.43715828657785, -27.115775393907697, -136.89983765349547, 147.51882768140865, 109.75293856833773, -181.51619802685786, -124.03594455392427, -28.927760813842852, 1.665027349701023, -174.36452973438284, -60.91550586491471, 56.79592579188986, 69.5421800548882, 272.46336391514564, 98.32838608662033, 238.1934367255233, 183.7472677255272, 226.50420325097787, 114.46899791021507, -167.6464589854109, -214.44480824968616, -218.91583885052842, -167.84737343874707, -207.28552232947249, -148.67300359329258, 13.751697886644246, -104.25674093875774, -76.15908713344521, -83.86716995252057, -53.15661785838243, 47.004791290122206, -56.60082728382513, -57.63192565079924, -127.93018050454829, -15.807982081873147, -124.95668993014175, -114.50819358495812, -226.06653143201322, -182.6609190989547, -230.21938303607416, -51.51069336108739, -124.92704892314123, -196.20455136709552, -110.10328229864618, 4.117584221345441, 64.19804616783902, -100.51492861955131, 36.21045579774593, 20.5494939080159, -131.87227923010096, -42.69316877522724, -153.19647300562812, -245.26433930407026, -50.81127162630285, -119.92427385113282, -74.92549424480809, -91.18249442372789, 33.968698335741315, -46.92490579161671, -58.649897017061214, -107.77630590624894, -139.39912628443435, -170.24765725459824, 20.284722326982603, -195.94445120258496, -187.85290815348984, -32.265182220343895, -119.5602852886411, -164.61403868365045, -121.22538487881936, -139.00310138825853, -244.18109205897048, -122.48105917412946, -199.75623524198934, -129.32826167249704, -222.2332443037706, -218.1679244662644, -169.21576527612612, -179.49192952720554, 118.5749124717436, -209.80671731319887, 101.89491908474135, -223.23530090666804, -256.1009441059484, -220.26940026600948, -95.21774462371157, -145.5423287794771, -17.50760774701319, -221.21090482141813, -167.67464664541157, -54.75755137889996, -137.70401715266672, -19.73443761438778, -94.7453146614201, -79.91271848207577, -70.42878509140641, -153.31459704065554, -101.82870863896657, 296.8928992120063, -88.22778457261371, -173.5525880923415, -118.66572621922333, -110.71712172057879, -30.615829941532752, 38.38465209967261, 162.31677869349883, 66.90683962384001, 63.92115847557921, -4.449207655845985, -27.755087370964393, -131.67463316259702, -164.5885574036691, -215.55462329033261, -124.29073881743173, 12.929980353432825, -125.94507480998372, 8.267701910059156, -202.7987117023816, -149.0392647223791, -164.9692992477931, -186.2523230157333, -97.8169328452571, -0.1942032917068145, -62.012351060005905, -64.95885285631826, -21.998102499090482, -51.562516591915276, -140.62290587559954, 12.814309574720756, 15.202210359172458, -137.76859511061275, -133.69251221808088, -112.9858139267356, -105.41965958777574, -114.76721038863359, -76.5704290899019, -161.70003665026383, -63.82176906240708, -208.51743688279717, -19.712036683767852, 85.12945696654093, 76.74605501353513, -163.03927166521683, -168.68356019111226, -158.80985553472775, -170.91763421910477, -206.7899328355428, -128.09706346658456, -115.84976171722403, -249.16577935787677, -138.7044129089129, -102.27521538722992, 31.516946957966034, -58.1087949243237, -40.962594456695385, 12.97239357136317, -74.72226106540064, 35.90816773424639, -257.78635161268085, -80.78848550229137, -146.553058014717, -231.37501206736025, -68.69190357563085, 225.06209239089998, -36.92544452639935, 2.2145047673442995, 298.8153798015476, -7.508840940017226, -138.4947879893317, 66.50434185443584, -24.50814882389009, 97.04378546072725, -24.75519817837955, 152.01635568104237, -67.89697679470933, -218.57946005340813, -210.91818840422948, -128.57525229266562, -28.264780474854856, -44.99764236746867, -168.0959007153139, 48.35246816739742, 77.96812944543841, -60.206397299413084, -14.954386355744914, 72.0414926419466, 86.23548465211542]",20.281578339654573,0.710981772976833,0.9863956524387565,9709.367,617.96,11.625,516140.507,37171.337,161.415,15.137,546000,546000,40.98615384615385,15.400000000000002,1.387778801460961e-18,4.999999873689376e-05,4046.2175,-0.0019448304,4046.2197,0.107820995,0.002555765,0.088506326,0.0
1829.8137394268365,-1439.8126398513973,-479.69098024268476,100.0,60,15,552000,False,5520,92,212f51d07e9840f9afce8433e261ebfd,2020-07-14_17-10-28,1594746628,46.85852289199829,4316.152497291565,62816,tango5,131.234.250.245,4316.152497291565,0,92,d74d5_00000,0,-396.4399427635207,527.2611293277167,-79.94849670711413,"[173.91974490132617, -633.8253552934633, -1143.3243652375068, -891.9091576885128, -530.3309409769473, -625.0701986518872, -946.5824034281184, -606.4412870332882, -241.766135778789, -515.2572988974154, -848.9054564011338, -977.6678305919141, -265.5543385183113, -1155.4542149067747, -1139.8732324900168, -970.6432640552715, -883.011711756807, -606.3635488587948, -149.2947859891895, -947.052129756293, -663.3278997077687, -539.6220463554912, -1003.8955253444378, -1220.4783471594503, 363.9059237647875, -745.229795572039, -357.3454936297499, 660.3120408215816, -536.8424437262329, 26.742043030455054, -371.6643502241532, -264.8748409718615, -1121.7603753207375, -721.5182227958359, -246.1294549355002, -320.11899793660166, -832.8002841715889, 277.27032949677306, -567.4736410462524, -296.77901329687893, -803.6759913426615, -627.0271442955493, 871.1214653026409, 1829.8137394268365, -1260.1460021167761, -505.00601831097504, -880.1394969916511, 281.7256203962481, -482.4344033052749, -586.3788776221961, 532.2494515436892, -674.4831032726867, -841.9902603964896, -1312.4686929410482, -243.3120829013131, -707.6937395176609, -239.3671720983117, -946.1946813668944, -1004.0024056215606, 529.721889653061, -940.8805422346065, -308.93548141171243, 46.51765207990068, 328.2714006269989, 231.44396585992473, -551.4248809092688, -791.9916273706135, -569.5609111709799, 351.7066839214985, -140.21166199305824, -1439.8126398513973, -764.4105354943899, -1274.1884671484577, -1114.3942996031558, -952.1949164749797, -152.6869055869307, 19.115846515054614, -927.9091291420071, -357.62257513000674, -448.97471716243473, -616.8815772088332, -276.30428178504656, -608.8838270021772, 427.70360307029176, -718.4362733727493, 324.72648781397373, 294.1158174579249, -662.0324752961493, -948.7220758997533, -764.5312725595548, -298.2571886120966, -769.8010986192941, -630.2239029012384, -265.5332704372954, -299.2966479222531, -533.6501033170255, -1112.6802370397374, -517.086149652378, -847.5559602521741, 68.1023632163688]","[100, 100, 100, 100, 100, 100, 100, 100, 100, 100, 100, 100, 100, 100, 100, 100, 100, 100, 100, 100, 100, 100, 100, 100, 100, 100, 100, 100, 100, 100, 100, 100, 100, 100, 100, 100, 100, 100, 100, 100, 100, 100, 100, 100, 100, 100, 100, 100, 100, 100, 100, 100, 100, 100, 100, 100, 100, 100, 100, 100, 100, 100, 100, 100, 100, 100, 100, 100, 100, 100, 100, 100, 100, 100, 100, 100, 100, 100, 100, 100, 100, 100, 100, 100, 100, 100, 100, 100, 100, 100, 100, 100, 100, 100, 100, 100, 100, 100, 100, 100]","[7.741528528818142, 46.69489682659142, 12.916582583721711, 101.30836436123379, -59.73557265257247, 64.99394525353345, -19.861266833209008, -148.76404757456763, -125.66952962279734, -33.420128391636126, -181.46219900932132, -124.64818386193281, -180.39305211511356, -209.17200277240664, -163.29277626559107, -168.70855980848154, -317.0926379016153, -104.6653363742981, -125.62737567160428, -181.44316328704272, -131.30996352992648, -151.06772207748327, -122.62026801228797, -179.84066511016857, 16.441976985844963, -225.4211227337725, -142.09299316267501, -92.47309119548257, -51.25385193941945, -35.5318589314427, -86.48877409113254, -172.83752859122828, -53.13729889808129, -37.01781858685477, -135.05075038955778, -140.53802809503196, -129.38027226227427, -128.54463603430776, -99.89088611603415, -204.23201965634286, -163.87192790631482, -220.66266145284368, -32.000032518887195, -108.06502009566294, -140.53323887307786, -224.24155914211775, -29.578782018664487, -72.0226543848775, -131.73107935784904, -109.99112065175076, -89.15384344536616, 58.161290647266426, -60.31880124656554, 91.26741827547643, -51.89567180645921, -56.43954747223319, -9.358693574979188, -119.79931596501935, -192.18609331598864, -85.57797676273574, -96.15087912043872, -107.82012921155747, -152.80398115210053, -177.04222461480987, -115.1009952055868, -199.98724709664106, -196.02597647972812, -158.55942720993002, -167.41681091729632, -124.90771083103326, -206.3747144932018, -124.3831906607251, -87.56849441135392, -33.94815371014188, -14.475749527087363, -42.98435830962778, -31.17966616699264, -55.39791639310828, -124.75345618844328, -152.48439793624905, -328.3797205880732, -235.3923381335806, -152.59006964008697, -161.8542324203429, -170.1560741827414, -179.6378978796069, -144.52544337736572, -185.95819723539228, -271.93849146695584, -187.65712834795454, -62.546353756417524, -230.73106973407334, -65.65136123539284, -184.6389484065649, -248.3787254447236, -178.6968054780992, -210.50841650061886, -110.89115272083554, -117.86471397286155, -169.10598953312032, -193.3389470476033, -81.30249198176686, -212.3044564622013, -82.29429171060248, 2.2075235779925135, -118.33676308213933, -175.1999557981635, -20.43560538368141, -122.94364644491152, 18.12136067149337, 10.515214175937604, -27.53734032814496, -18.699070846388242, -8.751303217176075, -141.67127206021286, -198.94417410461386, -170.63189608785856, -116.48162874149607, -171.85128328220733, -147.47187547990376, -87.142987981912, -141.34864434307678, -51.31137225174433, -67.47892429425907, -124.96343792995711, -191.0825329068181, -119.11741914582011, -114.55504151404651, -175.7256392013843, 90.90902438759016, -193.94959207091614, -27.183378810914974, -159.04422825868312, -149.73408503690527, -127.92495186877703, -215.01694402623943, -169.17458131704268, -183.00073483679108, -255.52192244916674, -168.18887203597183, -233.4719165788208, -228.77249218855206, -167.23447905937806, -167.28866484755937, 46.4596016145038, 24.80707965865442, 43.295867860057356, 96.00654683204706, 96.23706834632976, 57.09975945319433, -122.19551430120195, -112.96229885926503, -163.95053336702108, -106.3773077763216, -110.73621295631037, -129.00792831191845, 137.56639917260853, -104.98650510323903, -99.58958787087639, -41.83061455435924, -7.256343584167823, -241.24884168971622, -16.418248319663906, 12.175519743436604, 48.64691061881253, 42.7511396235929, 277.0592913401257, 296.09742781527797, -100.42432345932711, 37.45218207992336, -27.883508310558604, -132.99348750361415, -172.445514012639, -140.54779252001748, 22.963019917257427, -81.46019861115455, -26.89689100907018, 62.124365609094724, 48.526832266557655, 1.4849148577698053, -144.2972947468951, -118.08379394383697, -95.30537738453944, 168.04480769207757, -105.73395676460153, -76.28873507635693, -95.38981270257544, -174.37520596484802, -94.83538001459789, 0.8234279285606325, 97.1372199458948, 1.7649098357038424, -288.4863342718998, -170.07613469590297, -154.3207169900493, -283.4971019564893, -64.78761348556642, -160.5924739208308, -167.95210481248375, -101.1617622692813, -112.69645428238493, -148.40791803935556, -89.91014425899142, -101.38983913333998, 34.10147776799561, -53.66056008754905, -74.29044897314222, -59.5962068666832, -15.257073968310976, -77.4266428078103, -90.12806704450091, -56.53692911454292, -43.7111287802687, -41.072342512793526, -25.33644978603952, -63.33408069845644, -101.31677403268364, -168.8114327585461, -248.7274776533269, -73.67108937507248, -82.90580364065175, -157.3677067113069, 39.44463869815328, -9.607013213909983, 98.76059164105114, -31.38102797768922, 108.53234180798968, 71.52079854117831, -232.33279434566631, -163.9209280908265, -165.65530738385814, 234.78199981324653, -85.22022243139716, -155.12638860775024, 107.53995842926423, -91.75454342227964, -95.94777198100617, -160.21665719577626, -144.46891551067733, 88.06891638359674, -175.7739323604723, -129.54480742228327, -182.82744601613823, -100.49953686209894, -144.76393264545203, -70.26633603621691, -143.61858863479287, -70.91417901566051, -103.40977085567124, -155.64398635398064, -91.90388861418555, -61.536730821258544, 142.91771142946425, 107.8201501093361, 122.7478953921873, 135.11902973166386, 196.74980153089, 165.76687710910085, 302.7726776090447, 527.2611293277167, 155.546909203273, 295.5585182870817, 307.1302538466967, 241.544251153026, -206.7515568953503, -255.86811113322068, -189.5320949981005, -231.81007731217983, -178.04586240155032, -198.13829937637217, -141.42605734147108, 12.35583441716695, -76.44474221803445, -81.31008219128731, -100.75847835984446, -117.42249261750462, -176.56475139750066, -233.17249582359736, -193.42331221602836, 13.734836428316875, -118.85149906312114, -171.8622749197192, -74.71600389689071, -148.25782261857526, -89.78394483384774, 249.19461105804552, -26.857497049465586, 372.146277736981, -50.20599362214459, -79.49197762135934, -84.36969449266883, -60.538621574924065, -105.6728251966965, -102.15529079748183, -117.29492178256804, -110.97771558320264, -108.92439870412764, -179.1497041998657, -40.464055707210974, -29.56808164522145, 26.526014019016703, 12.839525966167994, 255.51304085502323, 13.597254420342878, 115.08871370142744, 108.68490258170951, -95.87066890233329, -187.96224436438075, -123.7342961778787, -150.99756371433875, -104.64792363254004, -11.270406481215002, -90.64771070956118, -234.15123300804544, 55.14895055022931, -115.7061355248062, -332.3055985170582, -124.32853318724773, -351.5235832763528, -149.1300170673191, -226.418340612583, -272.8963464140728, -114.01051149705728, -198.4898940736622, -44.71223264198572, -1.709067300961613, -16.97128505522982, 21.606168143805597, -116.91529852293273, -84.61036752400906, -156.88020943366604, -105.68383853593723, -146.57400716333035, -68.58690785574635, -139.7936949661776, -90.17508156280246, -96.14744258888864, -50.07273780717325, -87.52992751218639, -63.94819028904727, 17.472730097804735, 40.858396001178804, -158.6725426467675, -119.00882457638619, -60.78808392583723, -86.8784050304449, -206.23384539289768, -314.6129797945617, -164.36890464746955, -151.57587414807816, -214.8062403820737, -155.08033940920066, -204.15658615570854, -114.01446087902985, -11.698483699675823, 34.32121546416215, 41.824998228681004, 0.8345591235411804, 462.3984403628056, 2.04116017354652, -281.3683914158014, -175.96687050530005, -87.2714366658091, -104.87155116843591, -147.50205139317353, -143.9002410860868, -148.63572648243678, -116.55796359712006, -57.40616716301692, 31.379216591257148, 3.47906118110424, -21.193901941500158, 79.6247271342338, 39.58977397632936, -127.24920828578924, -55.11214395439058, 68.83572124292112, 40.82878196659637, 36.53177554393726, 96.18734188875622, 85.32680579893936, -80.50971125651365, 75.18765969595577, 115.54752895592415, 321.108844184528, -71.04457676123275, 127.7406310893392, -56.076620327114696, -17.3619467045195, -72.92236562107655, 81.89213781976387, -229.95052242012727, -54.49063037554582, -174.96019312482264, -90.32532820192917, -83.59034460660716, -82.41357909369789, -135.6090530407125, -41.64534182815813, -93.8497096232598, -240.56328525241375, -197.91065853237134, -60.42837730714485, -43.67712651765746, -127.88674614160534, -142.65475786224252, -46.814113040666626, -148.09979030166278, -28.763417846476415, 93.68147157284761, 26.069747674312396, 105.1198574562343, 40.432550396973284, 115.16647466760672, 222.89355825639, 30.31933216649781, -88.85535681488875, -161.08366215980035, -176.1671659752851, 32.68163253402789, -230.70529254074577, -308.1111236092098, -292.7367096415444, -256.9193145788571, -191.17893171279403, -160.16126776824814, -218.88680607327112, -72.37177963617572, -110.32237067144492, -169.6953433873088, -22.13658805627733, -170.99764766991154, -183.8877497343882, -306.13832014998724, -194.20465024270666, -182.58221669355822, -226.69103963264834, -180.68449069516646, -154.81570833119858, -247.67507356456932, -48.65389242844802, -221.10110532034398, -178.1631938896626, -263.9853260689337, -184.10412688917478, -107.66620094997351, -155.24727210431138, -134.58100229709584, -187.49771657397278, -183.09859766045264, 98.53766920454183, -138.72073796006418, -32.32442832861187, -87.8198742990507, -69.77742790204717, 77.41789369830113, 0.4408758700532932, -77.92162004733571, -55.734892703053546, -40.68595651975044, 191.8980678113788, 1.1193721037622062, 1.4195160664756612, -315.9072563634565, -183.52392535767518, -160.11942427485235, -229.64262441033853, -40.13541480216097, -54.86898371910001, -111.10774440190265, -22.400358907184334, -45.4617923270473, -46.74707290631415, -77.03662286845872, -107.1576741972444, 8.38409412994417, -64.63322869748228, -157.81225476364995, 7.303133409646216, -135.05878704364875, -120.50096772100058, -81.10354987379401, -99.99235526804075, -99.28751442703029, -125.17080462221736, -90.82638529675067, -233.65461516621022, -192.34894942965028, -204.21158445766818, 90.02485172346428, 116.81534152994927, 147.07067401506922, -220.77947512159196, -164.71717080084647, -66.44587089114906, -26.38436171234666, -80.0227001860933, -50.53424829014981, -57.64676113292472, -41.384340030858226, 184.02542044363665, -42.67053629388827, 199.5730268255393, 185.80679325878882, -133.28772909455554, -174.79543170436892, -163.72426475774785, -73.96121270406108, -56.967122484221015, -115.70051262779589, -7.218321838480131, -47.95609980840324, -82.81757344718278, -61.644843952201796, 92.24200639039574, 432.1213204698459, -13.944264171662766, -30.4515914326781, 189.14020234222235, -2.2619538242217736, 253.13779995487369, -101.50437541060865, -161.4595699130283, -150.77643260644587, -142.84252148352996, -27.645150424476434, -16.256770544420256, -163.05203032424828, -79.11042110761733, -48.131027661146334, -53.89646792311773, -237.75803678229786, -133.38617966205288, -396.4399427635207, -201.6430642985099, -41.54547011613594, -132.54495376476103, -135.8707731805864, -143.70286544248796, -109.22414575707231, 5.801176488160827, -56.083497167454304, -130.47506896633215, 47.67719791698383, -100.05162502072046, -65.12537186273443, -107.76324660903491, -211.28707591004533, -21.885872570226777, -122.21903300868117, -115.85291697144918, -190.7929535498565, -67.09795584447477, -79.6973533818893, -69.7382841025506, -67.36705412492165, -158.60439287735394, -187.71886257004786, 147.26592725098197, -123.22733193084046, -180.81474795833188, -202.0047722096885, 322.6702230367642, -229.42256862617967, -51.94737842098403, -37.87681573283716, -143.22925784202596, -137.0413404165643, -60.98307971093036, 131.7812242010888, -118.27815131070564, 13.856971227623148, -120.8456712190501, -102.95477217675298, -141.1400214515717, -64.2884583865693, -178.22296284094892, -145.47854034722928, -239.03914165595566, -157.22256826371574, -151.60016259707325, -241.11686133481348, -57.824811934862076, -168.37897655084706, -156.4186769307145, 298.4762024619026, -183.35648285712537, -249.58340384073173, -119.19322500717888, -87.38789089276409, -135.05606349583246, -163.64119977207432, -135.88648095801756, -206.39110012630633, -13.858954701814948, 4.934417437438277, 57.72107235054699, 43.115816515352385, -13.883339788917091, -9.926648596235427]",20.285569401811387,0.711010136309544,0.986416213918736,9691.366,619.108,10.527,569975.064,37175.444,161.397,15.208,552000,552000,41.216923076923074,15.400000000000002,6.938894007304805e-19,4.999999873689376e-05,3420.3713,-0.0012772873,3420.3728,0.12587392,0.0018045024,0.09540152,0.0
1829.8137394268365,-1540.9262449756377,-508.42938573752167,100.0,60,15,558000,False,5580,93,212f51d07e9840f9afce8433e261ebfd,2020-07-14_17-11-15,1594746675,47.2409827709198,4363.393480062485,62816,tango5,131.234.250.245,4363.393480062485,0,93,d74d5_00000,0,-373.5854895861736,581.4674062237517,-84.73823095625362,"[-791.2112979223039, 83.6864957786406, -631.7375035334973, -538.2287449932979, -497.3281894385785, -196.92112977144316, -865.8759568399189, -583.9990316024091, -1168.6745537620945, -601.3684823057124, -773.1937632296473, -978.8507606715076, -346.84314418488765, -1149.0395840255635, -27.932948245360638, -760.9227284607332, -159.99692720994128, -1064.2189930556242, -439.7432345063335, -1379.3944486710989, -887.4071652831863, -593.7685260282391, -653.6407016431718, -619.7834523307274, -139.99129520901545, 1761.1275135579472, -737.7204119747352, -707.9487162252403, -486.2902053280063, -328.1148832212616, -1031.0261911680514, 30.804927183202253, -744.0893880622478, -805.9181803489818, -897.4240763731253, -709.2090082576543, -410.46664675139846, -1361.955182398667, -498.87234117763126, -532.1113804157403, 481.8759714828409, -658.852465239933, 342.1820395132229, -388.7986694910811, -670.0002064784634, -945.8707507579699, -253.2726832532716, -568.9666156243667, -677.3384275568488, -829.0531505371014, -925.4330455462856, -537.9994747550072, -1134.8931775665937, -227.6574116357787, -1062.5820500892382, -1540.9262449756377, -156.54728773781392, -1151.8108024598382, -129.9078494746863, -1030.1677326015135, -663.3278997077687, -539.6220463554912, -1003.8955253444378, -1220.4783471594503, 363.9059237647875, -745.229795572039, -357.3454936297499, 660.3120408215816, -536.8424437262329, 26.742043030455054, -371.6643502241532, -264.8748409718615, -1121.7603753207375, -721.5182227958359, -246.1294549355002, -320.11899793660166, -832.8002841715889, 277.27032949677306, -567.4736410462524, -296.77901329687893, -803.6759913426615, -627.0271442955493, 871.1214653026409, 1829.8137394268365, -1260.1460021167761, -505.00601831097504, -880.1394969916511, 281.7256203962481, -482.4344033052749, -586.3788776221961, 532.2494515436892, -674.4831032726867, -841.9902603964896, -1312.4686929410482, -243.3120829013131, -707.6937395176609, -239.3671720983117, -946.1946813668944, -1004.0024056215606, 529.721889653061]","[100, 100, 100, 100, 100, 100, 100, 100, 100, 100, 100, 100, 100, 100, 100, 100, 100, 100, 100, 100, 100, 100, 100, 100, 100, 100, 100, 100, 100, 100, 100, 100, 100, 100, 100, 100, 100, 100, 100, 100, 100, 100, 100, 100, 100, 100, 100, 100, 100, 100, 100, 100, 100, 100, 100, 100, 100, 100, 100, 100, 100, 100, 100, 100, 100, 100, 100, 100, 100, 100, 100, 100, 100, 100, 100, 100, 100, 100, 100, 100, 100, 100, 100, 100, 100, 100, 100, 100, 100, 100, 100, 100, 100, 100, 100, 100, 100, 100, 100, 100]","[-131.62305628369484, -189.33688434443417, -145.30448478960972, 82.56818240405522, -192.15648440267938, -215.35857050594217, 180.6146374367728, 206.1770237379163, -137.5694767438012, -4.2226925730571665, -48.85515084560159, -112.45784523358849, -167.55645362719412, -109.36836130566272, -90.33667921032654, -36.53829534185272, -34.241913439098994, -193.69580060936133, -75.374125999819, -131.36157444689914, -39.33083479085637, -198.68786712387626, -46.46278342106999, -47.0115592107775, -209.12127500238321, -203.44296358108022, 44.57524679347596, 38.41652650918307, -77.25149257487429, -90.50423158290016, -169.85218675490324, -55.73541085962383, 12.847956722551169, 28.02475520873805, -49.05079514203311, 36.84455105382788, -60.300552729609734, -53.88884705422876, -213.03411704467072, -190.2508281823981, -174.66690813858258, -173.73470369043002, -86.93154502973084, -130.85411961752104, -74.18925748153787, -81.44457476798073, -146.92545442655307, -63.65408027908511, -153.93403589399463, -191.66799029383023, -226.57788870063018, -242.93817819787887, -221.98321034702474, -131.57325032873675, -14.15348438219386, -215.87124673500088, -87.37044647834668, -120.94212140722614, -81.61496199241189, -81.41622131053403, -45.141980110288905, -159.47950052144859, -122.81749644000357, -160.57477770667717, -192.37492946601276, -92.80507898521536, -239.31098013397218, -119.40437434186418, -109.53689716933093, -118.30886191702746, -195.84157664956172, -196.44807045975153, 37.18695641364756, -46.94533418932578, -39.73105667531268, -130.96700372139765, -98.6877977862098, -67.69890822628916, -93.24748286448661, -205.08502646926271, -232.57041281871824, -103.8070026341392, -180.22414541498705, -334.10551382397153, -49.6030963133337, -60.49593253507743, -108.84709308652066, -48.97796401932017, -48.51714707703707, 288.5082847859288, -180.74495747945386, -237.7700814511797, -192.9129064957993, -145.01804909989352, 124.29232767275433, -128.7690616071621, -8.141872156086372, -17.51987217370467, -87.12754440723542, 3.6560922667191815, -8.891405633977561, -41.97232510565668, -189.5166060850588, -261.1867773623035, -115.88135571550299, -203.15555913667362, -109.37269626204154, -185.1059984940438, -29.591187457330278, -77.61903724787977, -122.0395040485015, -152.78012285922514, 85.51619139702854, -143.2295742904256, -373.5854895861736, -317.2105302528437, -179.46079664725588, -238.7783283858286, -148.27704833726932, -122.08225546172679, -277.7955728814596, 182.91538510517483, -135.72760165481148, -195.8176376107814, -225.3932704537495, -235.58846778755964, -81.27881281477005, -91.19755879509148, -43.46851425463972, -73.2565233244018, -132.20749038582977, -172.35962645350568, -154.67410198487016, -111.81523866743007, -156.1787032889031, 17.56947392054375, -137.92169346515257, -110.62043815735892, -232.423572662855, 43.12877705032129, -182.64342193268624, -97.83889494348752, 58.90958431695604, -208.9159241589764, 145.36729041277428, -161.30908343733094, -170.39300134931162, -77.0405035338425, -141.17906502967116, 264.56306772836643, 581.4674062237517, 128.90523199346842, 125.75517749781193, 194.76482048421252, 549.1513764343175, 181.08350092438118, -59.53615082470958, -48.29646318371322, -146.47831107759265, -105.79902530771632, -117.25460172767481, -260.35585985332744, -173.73641731042068, 7.2510209239728685, -112.39527151099432, -173.86028400911735, -89.57120188327158, -165.6365624354104, -91.47659186647532, -17.6781362043356, -110.0873433805154, -114.54408063802319, -76.21411722983909, -76.28993600881769, -100.81245342237193, -84.63788340950104, -30.426393119953467, -6.291803615990405, -24.99687007390237, -80.94947957954261, -282.65560388906385, -141.58024408800333, -164.37796950544617, -84.74169132894221, -179.01366382243287, -178.6570185341618, -21.93479446822952, 15.140784642428322, 131.2385249580602, -100.41110046652523, -2.900513419080373, 9.672025936548273, -154.08670617818083, -197.05282347024223, -212.19976799240231, -154.7300952934236, 184.85159858968453, -210.8715937176831, -264.3867827049578, -148.737669431245, -145.22876383714507, -185.9413919009494, -85.05512575544896, 23.431553280763854, -213.94369492019763, -101.64371523364876, -159.56919150797756, -166.57250926676846, -91.94628252352301, -163.74868292101033, -231.27373478050325, -0.6253700174740561, -112.19924416587394, -153.5612222221567, -44.21926157796038, -167.3301754936866, 42.9243820898522, -138.6495485287897, -158.3295048072045, -56.60696886573883, -64.17244063759212, -35.63256600192569, -265.5462489644616, -148.05867343073342, -288.0034549085067, -277.4737975827068, -73.02830452011473, -309.84470299214405, -103.9859948778187, -51.55742762364667, -31.53419281265983, -100.54386670645992, -96.89977193584956, -114.35108722119666, -56.32429791567946, -43.38909779378591, -187.304871760413, -233.21078310920572, 93.88411071768613, -105.76644055434224, -8.957339264499334, 122.12605360164629, 95.48078246406624, 67.8838464994585, 100.85964128967974, 104.48298689248861, -90.66445052549047, -111.78440679412688, -149.33467999031137, -93.59930344979553, -102.18345795021249, -111.28616652999577, -95.31836308619019, -84.48558145202477, -108.54852785940437, -73.00128049662943, 334.87876528203407, 368.6570271254378, -84.85542404611101, -60.59119755650683, -80.13218031269719, -59.67780766911762, -47.69881088949692, -55.84324901715137, -127.87689873972201, -86.94781467604669, -95.28308209434837, -156.1222346524065, -100.3987917911524, -103.37138452478621, -165.4434372920531, -187.7945157220977, -212.00249202162644, -108.8921345429521, -180.39503946242394, -91.34313171681757, 27.028691588659875, 55.83501093295552, -172.245243503696, -127.83306793289574, 1.0645531268742077, -37.122627465169764, -191.26542329473887, -21.62642085622646, -111.13757703812746, -152.6777449653783, -145.3261378155896, 53.066688345695134, -223.93374537761943, -42.6426920408697, -38.28753893958731, -97.5336433018591, -124.1251469870826, -150.81566090983048, -110.41858881386965, -81.90787833624348, -207.5808606940712, -192.01956033568365, -46.54593948420597, -190.58032287302677, -84.50134233753406, -168.69505159346753, -129.16674763651173, -281.78308740562335, -141.02368473008772, -120.26313184306223, -121.12978591992125, 63.5588095940106, -131.19845416007195, -150.6501091881903, -142.4121088842456, -56.16782619658913, -181.51811691507476, -184.88200955121334, -204.01859000651055, -199.01798239276056, -145.78240988144265, -219.67406881959178, -133.84008421478924, -51.95025673797841, -43.23512719019348, -3.9615892530023467, 13.11381040975541, -7.784164649570259, -216.13052295053222, -78.79993519622712, -186.16177311818853, -86.84558382546425, -273.355953116763, -221.28828188206194, -256.84118450613, -220.42025248760686, -197.09099753748913, -298.6163143860648, -263.47328567919584, -304.4842103791498, -20.761240801214157, -108.48281145430236, -66.72562692523726, 262.1785532141171, -108.97933909019945, -113.77682268097769, -173.73174990535298, -237.9732114633994, -193.8050546526962, -154.34384138052826, -245.66238451447478, -146.2945605433872, -95.26249347615621, -125.29672236672346, -90.66156817113085, 112.04149978839393, -31.58561081201802, 100.85704556294834, -148.19550285558606, -83.90507782707081, -188.0237401914096, -223.35222099686348, -199.95833064521938, -186.7328600853654, -87.142987981912, -141.34864434307678, -51.31137225174433, -67.47892429425907, -124.96343792995711, -191.0825329068181, -119.11741914582011, -114.55504151404651, -175.7256392013843, 90.90902438759016, -193.94959207091614, -27.183378810914974, -159.04422825868312, -149.73408503690527, -127.92495186877703, -215.01694402623943, -169.17458131704268, -183.00073483679108, -255.52192244916674, -168.18887203597183, -233.4719165788208, -228.77249218855206, -167.23447905937806, -167.28866484755937, 46.4596016145038, 24.80707965865442, 43.295867860057356, 96.00654683204706, 96.23706834632976, 57.09975945319433, -122.19551430120195, -112.96229885926503, -163.95053336702108, -106.3773077763216, -110.73621295631037, -129.00792831191845, 137.56639917260853, -104.98650510323903, -99.58958787087639, -41.83061455435924, -7.256343584167823, -241.24884168971622, -16.418248319663906, 12.175519743436604, 48.64691061881253, 42.7511396235929, 277.0592913401257, 296.09742781527797, -100.42432345932711, 37.45218207992336, -27.883508310558604, -132.99348750361415, -172.445514012639, -140.54779252001748, 22.963019917257427, -81.46019861115455, -26.89689100907018, 62.124365609094724, 48.526832266557655, 1.4849148577698053, -144.2972947468951, -118.08379394383697, -95.30537738453944, 168.04480769207757, -105.73395676460153, -76.28873507635693, -95.38981270257544, -174.37520596484802, -94.83538001459789, 0.8234279285606325, 97.1372199458948, 1.7649098357038424, -288.4863342718998, -170.07613469590297, -154.3207169900493, -283.4971019564893, -64.78761348556642, -160.5924739208308, -167.95210481248375, -101.1617622692813, -112.69645428238493, -148.40791803935556, -89.91014425899142, -101.38983913333998, 34.10147776799561, -53.66056008754905, -74.29044897314222, -59.5962068666832, -15.257073968310976, -77.4266428078103, -90.12806704450091, -56.53692911454292, -43.7111287802687, -41.072342512793526, -25.33644978603952, -63.33408069845644, -101.31677403268364, -168.8114327585461, -248.7274776533269, -73.67108937507248, -82.90580364065175, -157.3677067113069, 39.44463869815328, -9.607013213909983, 98.76059164105114, -31.38102797768922, 108.53234180798968, 71.52079854117831, -232.33279434566631, -163.9209280908265, -165.65530738385814, 234.78199981324653, -85.22022243139716, -155.12638860775024, 107.53995842926423, -91.75454342227964, -95.94777198100617, -160.21665719577626, -144.46891551067733, 88.06891638359674, -175.7739323604723, -129.54480742228327, -182.82744601613823, -100.49953686209894, -144.76393264545203, -70.26633603621691, -143.61858863479287, -70.91417901566051, -103.40977085567124, -155.64398635398064, -91.90388861418555, -61.536730821258544, 142.91771142946425, 107.8201501093361, 122.7478953921873, 135.11902973166386, 196.74980153089, 165.76687710910085, 302.7726776090447, 527.2611293277167, 155.546909203273, 295.5585182870817, 307.1302538466967, 241.544251153026, -206.7515568953503, -255.86811113322068, -189.5320949981005, -231.81007731217983, -178.04586240155032, -198.13829937637217, -141.42605734147108, 12.35583441716695, -76.44474221803445, -81.31008219128731, -100.75847835984446, -117.42249261750462, -176.56475139750066, -233.17249582359736, -193.42331221602836, 13.734836428316875, -118.85149906312114, -171.8622749197192, -74.71600389689071, -148.25782261857526, -89.78394483384774, 249.19461105804552, -26.857497049465586, 372.146277736981, -50.20599362214459, -79.49197762135934, -84.36969449266883, -60.538621574924065, -105.6728251966965, -102.15529079748183, -117.29492178256804, -110.97771558320264, -108.92439870412764, -179.1497041998657, -40.464055707210974, -29.56808164522145, 26.526014019016703, 12.839525966167994, 255.51304085502323, 13.597254420342878, 115.08871370142744, 108.68490258170951, -95.87066890233329, -187.96224436438075, -123.7342961778787, -150.99756371433875, -104.64792363254004, -11.270406481215002, -90.64771070956118, -234.15123300804544, 55.14895055022931, -115.7061355248062, -332.3055985170582, -124.32853318724773, -351.5235832763528, -149.1300170673191, -226.418340612583, -272.8963464140728, -114.01051149705728, -198.4898940736622, -44.71223264198572, -1.709067300961613, -16.97128505522982, 21.606168143805597, -116.91529852293273, -84.61036752400906, -156.88020943366604, -105.68383853593723, -146.57400716333035, -68.58690785574635, -139.7936949661776, -90.17508156280246, -96.14744258888864, -50.07273780717325, -87.52992751218639, -63.94819028904727, 17.472730097804735, 40.858396001178804, -158.6725426467675, -119.00882457638619, -60.78808392583723, -86.8784050304449, -206.23384539289768, -314.6129797945617, -164.36890464746955, -151.57587414807816, -214.8062403820737, -155.08033940920066, -204.15658615570854, -114.01446087902985, -11.698483699675823, 34.32121546416215, 41.824998228681004, 0.8345591235411804, 462.3984403628056, 2.04116017354652]",20.290816649509033,0.7110647209551988,0.9864178610087905,9736.252,616.254,10.504,571223.534,37170.268,161.419,13.453,558000,558000,41.03846153846154,15.400000000000002,3.4694470036524025e-19,4.999999873689376e-05,3855.008,-0.0033357916,3855.0107,0.10043479,0.013075321,0.10910366,0.0
1761.1275135579472,-1540.9262449756377,-578.8645784376813,100.0,60,15,564000,False,5640,94,212f51d07e9840f9afce8433e261ebfd,2020-07-14_17-12-03,1594746723,47.115440368652344,4410.508920431137,62816,tango5,131.234.250.245,4410.508920431137,0,94,d74d5_00000,0,-362.4703384399859,581.4674062237517,-96.47742973961356,"[-419.54164591977747, -548.8635666138176, -472.5051976737501, -967.4307642065789, 7.668079758077278, -1333.2829572561789, -458.729320634906, -505.93184131315303, -219.699284776295, -509.3563959587139, -131.4426480104753, -1080.102061565459, -438.6536702026627, -1350.0086746322988, -598.4458397263409, -217.4081173714808, -371.85065084538235, -1538.520276652539, -522.6832587328511, 592.2476749482545, -220.21490397411515, -414.1565804503972, -1210.8875410465282, -501.28784479154996, -272.22811505492746, -525.4787847738619, -462.6705212945689, 67.26386748025375, -1129.2497310530473, -20.776329487286873, -95.36665754994482, 117.7301723016407, -580.2205912558867, 489.0645586757506, -1137.0674580683065, -1431.366186210487, -1076.3924169765965, -685.3118124699756, -933.3155708597156, -524.557070495413, -278.41224650355133, -302.1714556695976, -989.2501739038553, -551.6848457836616, -382.39073695168514, -1232.6481582713952, -347.5659891853683, -577.863304943604, -38.299422770465924, -474.8004934203044, -1004.7360075173975, -836.0947041930567, -1087.2711448929929, -874.947577800729, -662.6264607659607, -528.4845118787342, -661.8723424192148, -1034.3707390000204, -1420.3186470613794, -549.7935998525651, -887.4071652831863, -593.7685260282391, -653.6407016431718, -619.7834523307274, -139.99129520901545, 1761.1275135579472, -737.7204119747352, -707.9487162252403, -486.2902053280063, -328.1148832212616, -1031.0261911680514, 30.804927183202253, -744.0893880622478, -805.9181803489818, -897.4240763731253, -709.2090082576543, -410.46664675139846, -1361.955182398667, -498.87234117763126, -532.1113804157403, 481.8759714828409, -658.852465239933, 342.1820395132229, -388.7986694910811, -670.0002064784634, -945.8707507579699, -253.2726832532716, -568.9666156243667, -677.3384275568488, -829.0531505371014, -925.4330455462856, -537.9994747550072, -1134.8931775665937, -227.6574116357787, -1062.5820500892382, -1540.9262449756377, -156.54728773781392, -1151.8108024598382, -129.9078494746863, -1030.1677326015135]","[100, 100, 100, 100, 100, 100, 100, 100, 100, 100, 100, 100, 100, 100, 100, 100, 100, 100, 100, 100, 100, 100, 100, 100, 100, 100, 100, 100, 100, 100, 100, 100, 100, 100, 100, 100, 100, 100, 100, 100, 100, 100, 100, 100, 100, 100, 100, 100, 100, 100, 100, 100, 100, 100, 100, 100, 100, 100, 100, 100, 100, 100, 100, 100, 100, 100, 100, 100, 100, 100, 100, 100, 100, 100, 100, 100, 100, 100, 100, 100, 100, 100, 100, 100, 100, 100, 100, 100, 100, 100, 100, 100, 100, 100, 100, 100, 100, 100, 100, 100]","[-124.14835687336847, -128.08650500614107, -104.88085229928534, -171.19686290707904, 147.9609403867814, -39.190009220685326, -113.29222921256861, -90.15593353200302, -136.7425790396462, -173.64427612690628, -13.253251935333187, -21.775296767360242, -102.76510904303441, -114.32188179081544, 21.908334262211888, -128.17901793298364, -194.66777096138338, 45.52024779225471, -129.86602224264377, -111.47948043438502, -243.95063916975803, -139.41338682584856, -152.41989077950205, -190.3013447544411, -24.443635875600666, 47.08220321279114, 95.55899749435099, -79.50857060564539, 44.54889960686836, -75.56981407468736, -253.5416558352727, -258.21313548036204, -208.12860085486946, -193.07082464570075, -292.9366194205723, -127.39212101940085, -30.48107559057922, -138.1904527893908, -84.9766896786108, -35.933936847584555, -125.52951085350935, -43.61765487523192, -127.41441985969605, 37.23132583367069, 60.905875514332266, -200.45844836816127, -174.31875149215008, -101.87742294114847, -141.52592550779863, -63.34674881944639, -2.546274814316408, -13.3828567824579, 49.02950241299047, -47.926981265266, -88.6758252172495, -119.84966727597347, -96.23048945333763, -126.02601275861814, -22.098035214182136, -56.47636603935284, 30.966978821977843, -70.13405309559627, 6.701462232566971, -3.785270725875922, -63.19828288910483, -31.993482354442378, -303.46685701362156, -160.3115248960555, -205.2314328591411, -170.96525404990783, -157.97410149571616, -82.15289125101643, -67.94285637333127, -136.62603054947937, -79.77585344863637, -53.67524212390675, -2.309045345874308, -98.32464236143484, -226.7281344830462, -103.35688656093036, -256.7406558755791, -282.1608068277553, -246.09313456452324, -234.92905632046302, -83.14192972351083, -204.50117153756554, 35.13630369999196, -94.91200144219873, -154.96989271832916, -96.05714800472809, -136.7443146207563, 174.83607747132146, -107.48596306906217, -153.64251705368977, -129.4417927585762, 135.07039265928182, -96.21069777583477, -10.249663825078787, -58.86761118782935, -101.87726496157659, -32.657246720372484, -71.98816637469062, -228.73036831126245, -230.77895921403018, -362.4703384399859, -283.63079080294494, -194.2545610843107, -238.6552588000043, -113.41621315559618, -155.3257798147967, -90.95032777962885, -176.92437588339823, 11.93117977598606, 2.002258124582635, 42.04105313897991, 305.37437652282995, 2.5923168952388758, 52.344577562504206, 112.94426549741405, 76.95108533128692, 9.432970028305, -75.65237044299013, 73.24098356945687, -77.84793299146023, -79.65053059292404, -69.73802354450255, -167.27399200122116, 4.030533733808722, -48.40955230677717, 35.54248694226192, -156.0625270041652, -81.98352981430375, -284.0959909702591, -173.23767179768953, -213.94905354641253, -208.34062991543527, -218.4299239488341, -112.83427086789705, -60.939747447896806, 51.75710939916785, -148.2120396046834, -171.05596954647808, -243.98040538480643, 71.1432077931474, 39.65654269343108, -120.49660846735294, -88.18363288222534, -157.60640005683314, 74.80584985370176, -20.403866195648856, -52.650112811685474, -59.77154212670922, -66.45477252219096, -109.28415840733359, -95.55544046045026, -141.76275844549204, -108.09045250988176, -159.0413396196288, -129.8017965124144, -84.02770942636928, 14.643454014889931, 3.6473227588347052, 48.617850572764, 0.08002275109784995, -23.6981168485906, 27.56822889243903, 6.364359237061433, 8.331522875481747, -233.2989961254872, -198.83917771477857, -94.23837812174732, -182.19391807419711, -164.6274591664808, -256.05180185035795, 29.51348684985513, -31.440430545427944, 64.89785925334822, 60.789261112768884, -69.97755111256697, -74.55895504526428, -54.27152999361156, 75.91428451937199, 89.61391773237975, -39.06171636525669, -67.49271751610169, -100.06889592672667, 98.89292205018974, -73.68417625320595, 32.30186730201899, 82.89356106471892, -78.16441161934365, 55.4904097572628, -63.72670404534994, -124.56025805809296, -34.04725648190132, -192.74923585168008, -84.728059604408, -80.40907721445312, -35.18142300339446, 420.7168273922338, 424.1951794026335, -210.2466172479426, -97.33495350562954, -13.084454362149618, -182.5317153136134, -160.10207802957729, -148.3947242611042, -227.25345228996233, -257.06245591031893, -161.72303226373066, -265.6059062854397, -243.47146876351363, -235.86346207659392, -157.83071123474258, -212.9465105119113, -315.64812733828717, -316.8593751662598, -123.56481684062312, -155.06695981889078, -84.15016247329261, -155.65626971789294, -241.09483295963753, -103.87880272358134, -193.82532299160732, -88.04840104061148, -44.139511091058985, -157.316351153666, -98.10342346944987, -105.48725499490654, -163.94560655086275, -180.19269321263803, -102.13714932641355, -202.85131328259098, -178.7015534923045, 23.44688507224173, -32.509094278512244, -50.80832825115655, 11.889909309542059, -275.0363680968016, -201.5400742507266, -63.572961146208826, 11.603614837812405, -36.76303431638313, -53.06877325571151, -39.089003007852895, -97.52208961520675, -61.00648551070033, 14.984132439161803, -106.5587929987369, -106.20339606050676, -92.95043703524732, 49.56352349643178, -178.03926576937403, -211.2119163757205, -247.79526419890476, -58.01559948520997, -112.78437805656672, -181.40375001808033, -124.44046394620995, -137.54539046682302, -290.99439662262523, 50.86080056495906, -151.62612118091286, 102.06072586795024, -137.38617411192945, -140.66829649858596, -82.02278933068554, 186.83164107944958, -143.91022895143152, -65.23488913850245, -231.66824517449066, -268.9378258359209, -135.23036610379955, -184.43120888432327, -248.48842004153963, -163.89209223132005, 50.00622927160933, -121.07216974341098, -114.16361263449586, -104.16250126486041, -101.16743593914092, 42.99350112493058, -181.59666443224557, -25.27496577567006, 35.259064518923616, -132.92160180952067, -143.98490223757733, -129.34423520751403, -37.58810839100843, 29.717686210331888, 10.15944646657672, -63.76288356047921, -38.52002261160951, 61.694459115722694, -69.19629950394494, -170.9497342139442, -12.622303901708062, 2.1971538582707124, -113.35732489630735, -110.87198476267055, -173.02190603223684, -140.2206054887344, -159.65227627136218, -159.84780349801, -205.89932823640027, -166.09408799065352, -145.08865589090507, -120.23167048162219, -68.69601790969692, -101.98770489359242, -270.2308301134654, -129.8598249037752, -181.9654622841008, -212.07358675746994, -89.22857345850659, -266.33967001519335, -169.14220094272164, -168.52165143499957, -178.70312067783127, -158.05488716387552, -144.7742833440644, -125.30380791620432, -101.35200823970709, -166.75947045904633, -122.10751245033141, -164.66624136979667, -89.98737365474618, -122.01713195881203, -89.97698617270787, -73.87121515956689, -113.16836455716279, -45.6328517119365, -86.48507138603718, -171.695508302872, -110.855005951772, -0.6477099689553941, -34.51218873701612, -65.9526646353122, -42.99054553976984, -137.5666122072722, -237.13924260440538, -143.71108869543946, -119.7721567098564, -256.09993173216355, -262.6180444948823, -13.087599801162996, -197.44287358405342, -185.35013267790347, -225.04356313395837, -216.9168376742046, -293.8415792723845, -189.72584808242706, -263.92438363811607, -230.866435260288, -164.80495130946338, -60.47887555559752, -42.17501295498157, -51.39173501266138, -113.2190921208504, -117.7239328990103, -277.7955728814596, 182.91538510517483, -135.72760165481148, -195.8176376107814, -225.3932704537495, -235.58846778755964, -81.27881281477005, -91.19755879509148, -43.46851425463972, -73.2565233244018, -132.20749038582977, -172.35962645350568, -154.67410198487016, -111.81523866743007, -156.1787032889031, 17.56947392054375, -137.92169346515257, -110.62043815735892, -232.423572662855, 43.12877705032129, -182.64342193268624, -97.83889494348752, 58.90958431695604, -208.9159241589764, 145.36729041277428, -161.30908343733094, -170.39300134931162, -77.0405035338425, -141.17906502967116, 264.56306772836643, 581.4674062237517, 128.90523199346842, 125.75517749781193, 194.76482048421252, 549.1513764343175, 181.08350092438118, -59.53615082470958, -48.29646318371322, -146.47831107759265, -105.79902530771632, -117.25460172767481, -260.35585985332744, -173.73641731042068, 7.2510209239728685, -112.39527151099432, -173.86028400911735, -89.57120188327158, -165.6365624354104, -91.47659186647532, -17.6781362043356, -110.0873433805154, -114.54408063802319, -76.21411722983909, -76.28993600881769, -100.81245342237193, -84.63788340950104, -30.426393119953467, -6.291803615990405, -24.99687007390237, -80.94947957954261, -282.65560388906385, -141.58024408800333, -164.37796950544617, -84.74169132894221, -179.01366382243287, -178.6570185341618, -21.93479446822952, 15.140784642428322, 131.2385249580602, -100.41110046652523, -2.900513419080373, 9.672025936548273, -154.08670617818083, -197.05282347024223, -212.19976799240231, -154.7300952934236, 184.85159858968453, -210.8715937176831, -264.3867827049578, -148.737669431245, -145.22876383714507, -185.9413919009494, -85.05512575544896, 23.431553280763854, -213.94369492019763, -101.64371523364876, -159.56919150797756, -166.57250926676846, -91.94628252352301, -163.74868292101033, -231.27373478050325, -0.6253700174740561, -112.19924416587394, -153.5612222221567, -44.21926157796038, -167.3301754936866, 42.9243820898522, -138.6495485287897, -158.3295048072045, -56.60696886573883, -64.17244063759212, -35.63256600192569, -265.5462489644616, -148.05867343073342, -288.0034549085067, -277.4737975827068, -73.02830452011473, -309.84470299214405, -103.9859948778187, -51.55742762364667, -31.53419281265983, -100.54386670645992, -96.89977193584956, -114.35108722119666, -56.32429791567946, -43.38909779378591, -187.304871760413, -233.21078310920572, 93.88411071768613, -105.76644055434224, -8.957339264499334, 122.12605360164629, 95.48078246406624, 67.8838464994585, 100.85964128967974, 104.48298689248861, -90.66445052549047, -111.78440679412688, -149.33467999031137, -93.59930344979553, -102.18345795021249, -111.28616652999577, -95.31836308619019, -84.48558145202477, -108.54852785940437, -73.00128049662943, 334.87876528203407, 368.6570271254378, -84.85542404611101, -60.59119755650683, -80.13218031269719, -59.67780766911762, -47.69881088949692, -55.84324901715137, -127.87689873972201, -86.94781467604669, -95.28308209434837, -156.1222346524065, -100.3987917911524, -103.37138452478621, -165.4434372920531, -187.7945157220977, -212.00249202162644, -108.8921345429521, -180.39503946242394, -91.34313171681757, 27.028691588659875, 55.83501093295552, -172.245243503696, -127.83306793289574, 1.0645531268742077, -37.122627465169764, -191.26542329473887, -21.62642085622646, -111.13757703812746, -152.6777449653783, -145.3261378155896, 53.066688345695134, -223.93374537761943, -42.6426920408697, -38.28753893958731, -97.5336433018591, -124.1251469870826, -150.81566090983048, -110.41858881386965, -81.90787833624348, -207.5808606940712, -192.01956033568365, -46.54593948420597, -190.58032287302677, -84.50134233753406, -168.69505159346753, -129.16674763651173, -281.78308740562335, -141.02368473008772, -120.26313184306223, -121.12978591992125, 63.5588095940106, -131.19845416007195, -150.6501091881903, -142.4121088842456, -56.16782619658913, -181.51811691507476, -184.88200955121334, -204.01859000651055, -199.01798239276056, -145.78240988144265, -219.67406881959178, -133.84008421478924, -51.95025673797841, -43.23512719019348, -3.9615892530023467, 13.11381040975541, -7.784164649570259, -216.13052295053222, -78.79993519622712, -186.16177311818853, -86.84558382546425, -273.355953116763, -221.28828188206194, -256.84118450613, -220.42025248760686, -197.09099753748913, -298.6163143860648, -263.47328567919584, -304.4842103791498, -20.761240801214157, -108.48281145430236, -66.72562692523726, 262.1785532141171, -108.97933909019945, -113.77682268097769, -173.73174990535298, -237.9732114633994, -193.8050546526962, -154.34384138052826, -245.66238451447478, -146.2945605433872, -95.26249347615621, -125.29672236672346, -90.66156817113085, 112.04149978839393, -31.58561081201802, 100.85704556294834, -148.19550285558606, -83.90507782707081, -188.0237401914096, -223.35222099686348, -199.95833064521938, -186.7328600853654]",20.296829562926163,0.7110701940889634,0.9864062579070121,9751.66,615.28,10.746,558371.955,37175.887,161.395,13.423,564000,564000,40.92769230769231,15.400000000000002,3.4694470036524025e-19,4.999999873689376e-05,3058.584,-0.002501455,3058.5862,0.10948896,0.0024256886,0.104154535,0.0
905.0185679527879,-1431.366186210487,-561.4017212065839,100.0,60,15,570000,False,5700,95,212f51d07e9840f9afce8433e261ebfd,2020-07-14_17-12-50,1594746770,46.97267723083496,4457.481597661972,62816,tango5,131.234.250.245,4457.481597661972,0,95,d74d5_00000,0,-316.8593751662598,488.71959860574,-93.56695353443065,"[-352.8840769460881, -174.2777160546067, -1043.4257461884479, -381.54010565817947, -860.9871671110747, -557.4896840527131, -511.22998819713087, 144.25158603607895, 427.93377154194957, 120.72877475954186, -1318.7803700570983, -1210.8015970193555, -267.02299316958175, -890.4009190955264, -428.08586210764395, -1259.3256909262066, -404.45704926160704, -874.5231675771879, -796.88690318671, -750.8055747856665, -900.60718863003, 265.6441269393679, -482.7974205757272, -612.1937635147934, -1261.4306539830811, -808.1683243362902, 512.9013162836652, -738.2092066319224, -1020.752225445463, -672.3449222291341, -888.936128596659, 905.0185679527879, 172.10307328213662, -996.5869389552829, -1010.129553324279, 20.335176892301803, -618.7228009531664, 164.99850757422843, -979.667208728785, -480.7319971278918, -629.1674493138523, -541.2195770699187, -329.71321800828025, -711.3833572211622, -571.0361128401679, -123.84478492084826, -602.7869045583127, -654.266075000509, -966.8211199397856, -1170.5253684574486, -678.3951612102189, 510.05653483374033, -1070.5011909894226, -488.62649121245096, 5.568956607541609, -684.4913557051847, -457.2012875588953, -1287.4625724895018, -141.80495882305794, -344.1705034748752, -220.21490397411515, -414.1565804503972, -1210.8875410465282, -501.28784479154996, -272.22811505492746, -525.4787847738619, -462.6705212945689, 67.26386748025375, -1129.2497310530473, -20.776329487286873, -95.36665754994482, 117.7301723016407, -580.2205912558867, 489.0645586757506, -1137.0674580683065, -1431.366186210487, -1076.3924169765965, -685.3118124699756, -933.3155708597156, -524.557070495413, -278.41224650355133, -302.1714556695976, -989.2501739038553, -551.6848457836616, -382.39073695168514, -1232.6481582713952, -347.5659891853683, -577.863304943604, -38.299422770465924, -474.8004934203044, -1004.7360075173975, -836.0947041930567, -1087.2711448929929, -874.947577800729, -662.6264607659607, -528.4845118787342, -661.8723424192148, -1034.3707390000204, -1420.3186470613794, -549.7935998525651]","[100, 100, 100, 100, 100, 100, 100, 100, 100, 100, 100, 100, 100, 100, 100, 100, 100, 100, 100, 100, 100, 100, 100, 100, 100, 100, 100, 100, 100, 100, 100, 100, 100, 100, 100, 100, 100, 100, 100, 100, 100, 100, 100, 100, 100, 100, 100, 100, 100, 100, 100, 100, 100, 100, 100, 100, 100, 100, 100, 100, 100, 100, 100, 100, 100, 100, 100, 100, 100, 100, 100, 100, 100, 100, 100, 100, 100, 100, 100, 100, 100, 100, 100, 100, 100, 100, 100, 100, 100, 100, 100, 100, 100, 100, 100, 100, 100, 100, 100, 100]","[-179.35143450139103, -118.05799775376676, -150.1127636010571, -176.30375364102855, 488.71959860574, -217.77772605458463, -51.39076360149575, 25.74775847838522, 24.683954167659582, -109.81059880126286, 8.60073219457341, -72.10879849246655, -172.97322911572297, -119.69346445311376, -247.2756827623251, -176.39895069435053, -132.93205124662947, -194.15236791630508, 35.20061129145031, -83.24505627532743, -105.58972315572966, -43.069074872394744, -133.01872036537898, -51.81814228079872, -179.97946951325397, -123.868152056409, -196.89929649961, -106.0081033788381, -74.43838881235135, -179.7937568506108, -96.13966263981891, -131.52314792138824, -27.814891970179833, -73.40261702549931, -94.56402322699202, -134.04534126883388, -101.86420429983002, -140.63539264442403, -111.62373331982977, 0.28208905368721027, -44.59580212688446, -112.79294485984975, 29.166940732901143, -35.80590050849151, 10.77671245088385, 4.024813784610426, 76.24809723688756, 59.840922339287054, -68.72479219345935, 28.71433339205833, 113.85293301194271, 208.22771692722714, 227.2102331579884, -81.34665275380758, 137.90241342520417, 30.5321838054584, 72.46689624225166, -33.52785029457379, -18.418388894578218, -68.22647952422068, -243.19859949375598, -160.91450392902766, -216.10901214160023, -302.78616188260486, -204.38935404842246, -191.38273856168624, -198.4519364847833, -224.68873718693328, -186.8054768728306, -250.72982056985208, -154.83003172223738, -195.29559418271728, -96.11052632603102, -121.79876921469429, 15.997585506068583, 61.152343193952994, -132.97558771934743, 6.711961390469062, -126.93723996852601, -228.3183088489948, 37.72721434986886, -123.67959122796628, -190.93329504600533, -258.25969835390265, 69.09131463193552, -161.10538743146014, -131.08938618359645, -178.58303646572077, -63.63976610222218, 37.24039944342069, -83.4651342007845, -308.00578877775666, -218.47096884979013, -226.97722701144198, -210.1601249168274, -212.2464471696044, -163.77502601011983, -158.73157220943426, 59.91528632305344, -38.45127513031683, -5.520420232906518, -97.89404200188366, -231.83014216103538, -296.04821431196564, -187.34507467195047, 135.76046727946192, -132.11521928678633, -162.94498442491212, -113.32790882838123, -152.31707359337508, -226.32113978844762, -36.61464546905406, -135.0329027222676, -133.2732327851844, -117.46582585019148, -237.99973811297184, -88.25328979979723, -162.40885190284376, -31.847687941894506, -112.83018117796681, -119.61602676659238, -187.6676811931903, -134.84633842657544, -206.8964254344856, -108.97419703987032, -142.6065197693158, -56.543553875825076, 414.52741993701903, -73.18844851273072, -96.82320023524717, -15.607735941827332, 93.27964556797954, -100.96367275798578, -21.17508556599042, -29.294065370343016, -219.82488497545478, -64.91621481862086, -46.623497087332154, -89.5745615670883, 29.3073874881353, -160.39578302943005, -121.86932693047167, -165.1247079963425, -104.53677147959604, -286.4908391006955, -165.42752958584492, -189.40023877230874, -235.17597171686396, -236.5163467820499, -148.41972802531478, -118.61599320780323, -111.07551127215098, -103.02625109190323, -194.9836164905408, -132.04251195172418, -148.4244403221682, 98.56919997888684, 89.79302239273561, 56.65340111815876, 80.36811842726512, 135.75078535234897, 51.7667890142696, -135.4017986924648, -113.66527699434819, -35.63647938652206, -180.5764158422645, -154.26864706982047, -118.66058864650175, -163.09739029548697, -132.08258576994555, -160.3867301094359, -143.378212516996, -157.7336784364727, -264.07362831712516, 26.72719194034703, -301.33085629433566, -222.34215562084464, -30.1248392647103, -106.52659397949915, -38.747669010090306, -220.22741750457098, -108.72714834646138, -180.2619940766291, -129.9275376299205, -130.38391126382754, -119.40811977524982, 208.40142581508798, 46.520502494055044, 197.83552259095754, 169.8956131313325, 177.9366023345232, 104.4289015868304, 110.99412008291245, 125.38600352229511, 134.25467630092368, -174.65941765740982, -15.781138194526543, -8.091170772058797, -268.2741667596483, -62.58437929244337, -206.0170631186419, -27.911960201857895, -148.6513939743762, -283.147975608316, -202.59574260936535, -146.71133878957954, -280.0406950223896, -159.68935353779582, -140.86440444381773, -80.22801892133, -40.342966632384744, -6.868496279242239, 42.63522997199772, 8.05761616184379, 49.92205163175613, -33.06825796166911, -236.74387686455992, -178.90510187848963, -220.10040726198258, 103.22187506683376, 77.37786190628745, -163.57315192125486, -7.892573696569304, -61.28044951250433, 76.19960017085617, -43.34498393243931, 218.1364825144632, -16.81956796957791, -300.21737307450906, -83.23653894385185, -141.90258394725026, -236.39108795051402, -114.69376098964038, -103.22586382302016, -123.43141440129642, -149.9232505470488, 17.129240042364447, 25.792061884290398, -164.73446925455235, -85.56416485164945, -135.91812580082848, -126.99755638885121, -150.28916287781223, -84.8448765195708, -48.54179411381107, -82.57593361297799, -144.40588627400527, -45.519692904964664, -42.36641360261522, -109.15213818500395, -30.85020980112674, -168.9252363022031, -112.9614542590898, -44.778130912871134, 6.767918683889098, 35.41154083457125, -176.66755429532284, -37.48553805945685, -167.48842660044866, -202.48386443307373, 293.74411148307377, -172.18951163380623, -213.21595631762756, -249.74970971928013, -147.95852828539446, -68.00098258619586, -109.56294777055155, -74.51615517871221, -65.26395749765506, -105.73354152165895, 84.8607487166338, -112.32143157849502, 10.70211818176032, 69.35809585646192, -109.96180321285064, -66.48251288435888, -115.05039061830341, -26.128460823899683, -177.41632636788165, -141.42435519334185, -31.79768638499537, -110.96968516989041, 246.49992960506466, 12.582642882214719, -145.62890662875503, -310.47399085422364, -143.345340057255, -313.90040994755566, -170.2933363777173, -217.74777460755794, -152.27835381295665, -196.17257257466824, -129.06256496524657, -101.26651760163969, -299.73929863542315, -163.11382308114077, -118.77178291959909, -161.40813110974554, -132.25151633811032, -295.2408163734307, -107.35420475333542, -116.20870178816186, -171.6140249521955, -149.27584705659996, 1.6544316890637558, -135.59681434899002, 85.42658550865843, -30.081502588825984, 86.36754155624415, 89.4399186985781, 291.8443030098163, -12.940311350732076, -199.45851767917486, -223.708789957376, -200.65777673052267, -173.37418736478187, -128.81693363567877, -144.48498562189104, -81.55350656776702, -60.797719794310666, -79.51215021122266, -183.94207350019752, -33.08236924175078, -49.73867189720182, -172.45770402837272, 99.57965250968593, -45.55222604586191, 18.202182510243095, 101.15149121784881, 4.645560443998569, -88.75653310889774, -178.8489882085262, 25.134265727708694, -175.3724502309123, -109.87059993116338, -156.7770499533943, -110.48618058589328, -56.97579106478982, -82.77720834887072, -213.7172081770569, 137.80610006187635, -131.05099944416108, -158.4917881352197, -222.84594545596076, -225.71123901375557, -224.67910888036624, -215.04745348029655, -240.68703752390383, -136.08794765920558, -55.010950938269204, -158.82081503463502, -22.412976206011777, -88.58579866674256, 319.1135296818065, 155.30565706797688, -169.00713897496772, -111.76119403507867, -113.66531249639702, 16.917622239016524, -121.96013727542498, 9.432970028305, -75.65237044299013, 73.24098356945687, -77.84793299146023, -79.65053059292404, -69.73802354450255, -167.27399200122116, 4.030533733808722, -48.40955230677717, 35.54248694226192, -156.0625270041652, -81.98352981430375, -284.0959909702591, -173.23767179768953, -213.94905354641253, -208.34062991543527, -218.4299239488341, -112.83427086789705, -60.939747447896806, 51.75710939916785, -148.2120396046834, -171.05596954647808, -243.98040538480643, 71.1432077931474, 39.65654269343108, -120.49660846735294, -88.18363288222534, -157.60640005683314, 74.80584985370176, -20.403866195648856, -52.650112811685474, -59.77154212670922, -66.45477252219096, -109.28415840733359, -95.55544046045026, -141.76275844549204, -108.09045250988176, -159.0413396196288, -129.8017965124144, -84.02770942636928, 14.643454014889931, 3.6473227588347052, 48.617850572764, 0.08002275109784995, -23.6981168485906, 27.56822889243903, 6.364359237061433, 8.331522875481747, -233.2989961254872, -198.83917771477857, -94.23837812174732, -182.19391807419711, -164.6274591664808, -256.05180185035795, 29.51348684985513, -31.440430545427944, 64.89785925334822, 60.789261112768884, -69.97755111256697, -74.55895504526428, -54.27152999361156, 75.91428451937199, 89.61391773237975, -39.06171636525669, -67.49271751610169, -100.06889592672667, 98.89292205018974, -73.68417625320595, 32.30186730201899, 82.89356106471892, -78.16441161934365, 55.4904097572628, -63.72670404534994, -124.56025805809296, -34.04725648190132, -192.74923585168008, -84.728059604408, -80.40907721445312, -35.18142300339446, 420.7168273922338, 424.1951794026335, -210.2466172479426, -97.33495350562954, -13.084454362149618, -182.5317153136134, -160.10207802957729, -148.3947242611042, -227.25345228996233, -257.06245591031893, -161.72303226373066, -265.6059062854397, -243.47146876351363, -235.86346207659392, -157.83071123474258, -212.9465105119113, -315.64812733828717, -316.8593751662598, -123.56481684062312, -155.06695981889078, -84.15016247329261, -155.65626971789294, -241.09483295963753, -103.87880272358134, -193.82532299160732, -88.04840104061148, -44.139511091058985, -157.316351153666, -98.10342346944987, -105.48725499490654, -163.94560655086275, -180.19269321263803, -102.13714932641355, -202.85131328259098, -178.7015534923045, 23.44688507224173, -32.509094278512244, -50.80832825115655, 11.889909309542059, -275.0363680968016, -201.5400742507266, -63.572961146208826, 11.603614837812405, -36.76303431638313, -53.06877325571151, -39.089003007852895, -97.52208961520675, -61.00648551070033, 14.984132439161803, -106.5587929987369, -106.20339606050676, -92.95043703524732, 49.56352349643178, -178.03926576937403, -211.2119163757205, -247.79526419890476, -58.01559948520997, -112.78437805656672, -181.40375001808033, -124.44046394620995, -137.54539046682302, -290.99439662262523, 50.86080056495906, -151.62612118091286, 102.06072586795024, -137.38617411192945, -140.66829649858596, -82.02278933068554, 186.83164107944958, -143.91022895143152, -65.23488913850245, -231.66824517449066, -268.9378258359209, -135.23036610379955, -184.43120888432327, -248.48842004153963, -163.89209223132005, 50.00622927160933, -121.07216974341098, -114.16361263449586, -104.16250126486041, -101.16743593914092, 42.99350112493058, -181.59666443224557, -25.27496577567006, 35.259064518923616, -132.92160180952067, -143.98490223757733, -129.34423520751403, -37.58810839100843, 29.717686210331888, 10.15944646657672, -63.76288356047921, -38.52002261160951, 61.694459115722694, -69.19629950394494, -170.9497342139442, -12.622303901708062, 2.1971538582707124, -113.35732489630735, -110.87198476267055, -173.02190603223684, -140.2206054887344, -159.65227627136218, -159.84780349801, -205.89932823640027, -166.09408799065352, -145.08865589090507, -120.23167048162219, -68.69601790969692, -101.98770489359242, -270.2308301134654, -129.8598249037752, -181.9654622841008, -212.07358675746994, -89.22857345850659, -266.33967001519335, -169.14220094272164, -168.52165143499957, -178.70312067783127, -158.05488716387552, -144.7742833440644, -125.30380791620432, -101.35200823970709, -166.75947045904633, -122.10751245033141, -164.66624136979667, -89.98737365474618, -122.01713195881203, -89.97698617270787, -73.87121515956689, -113.16836455716279, -45.6328517119365, -86.48507138603718, -171.695508302872, -110.855005951772, -0.6477099689553941, -34.51218873701612, -65.9526646353122, -42.99054553976984, -137.5666122072722, -237.13924260440538, -143.71108869543946, -119.7721567098564, -256.09993173216355, -262.6180444948823, -13.087599801162996, -197.44287358405342, -185.35013267790347, -225.04356313395837, -216.9168376742046, -293.8415792723845, -189.72584808242706, -263.92438363811607, -230.866435260288, -164.80495130946338, -60.47887555559752, -42.17501295498157, -51.39173501266138, -113.2190921208504, -117.7239328990103]",20.30011583488943,0.7110626878535571,0.986356629527416,9764.726,614.457,10.581,567072.434,37182.073,161.368,13.274,570000,570000,40.74307692307693,15.400000000000002,1.7347235018262012e-19,4.999999873689376e-05,3698.6812,-0.0020445096,3698.6833,0.110441126,0.0019389938,0.11128398,0.0
1326.5887285251777,-1617.5109950783328,-518.894081670908,100.0,60,15,576000,False,5760,96,212f51d07e9840f9afce8433e261ebfd,2020-07-14_17-13-37,1594746817,46.98168659210205,4504.463284254074,62816,tango5,131.234.250.245,4504.463284254074,0,96,d74d5_00000,0,-380.1474379548889,414.52741993701903,-86.48234694515133,"[-1068.4010553791572, -303.8619343406725, 352.30060332624083, -566.2247342434256, -306.5348029987417, -497.49495703961594, -870.543204491078, -1256.8516928351842, -592.7624545563623, -342.0358600511657, -466.73469113171006, 221.63978870199054, -888.6936327159136, -322.35020486668316, -112.66174173031663, -834.7024743949303, -528.7198872303975, -112.0125229061914, -663.5086447375177, -1153.7913484161884, -562.4504026668516, -1076.664164682415, -97.68270162421918, -150.17873313842307, 271.41623434806104, -1217.8415748815805, -758.054147032374, -536.6391587912888, -447.178749364362, -1617.5109950783328, -1178.6379057627082, -781.4417510761577, -1046.6033702410568, 239.03161496374076, -50.2814714721976, -710.9467312158179, -1271.539821160673, -417.9852562278731, -842.7437241872042, -751.9762846825363, -990.4930922282311, -725.4508118637777, -817.2957112255128, -454.50571135824873, -385.67028210221224, -962.9557466135429, -170.03842161600343, -708.9244196738233, -941.5041323597898, 1326.5887285251777, -894.9844455354845, -15.838016776696882, -128.2176362273296, -343.1007973591635, -636.5139027349788, -244.81406413025127, -156.71405748391976, -509.2803072266436, 309.97834828992006, -751.7495799183667, -900.60718863003, 265.6441269393679, -482.7974205757272, -612.1937635147934, -1261.4306539830811, -808.1683243362902, 512.9013162836652, -738.2092066319224, -1020.752225445463, -672.3449222291341, -888.936128596659, 905.0185679527879, 172.10307328213662, -996.5869389552829, -1010.129553324279, 20.335176892301803, -618.7228009531664, 164.99850757422843, -979.667208728785, -480.7319971278918, -629.1674493138523, -541.2195770699187, -329.71321800828025, -711.3833572211622, -571.0361128401679, -123.84478492084826, -602.7869045583127, -654.266075000509, -966.8211199397856, -1170.5253684574486, -678.3951612102189, 510.05653483374033, -1070.5011909894226, -488.62649121245096, 5.568956607541609, -684.4913557051847, -457.2012875588953, -1287.4625724895018, -141.80495882305794, -344.1705034748752]","[100, 100, 100, 100, 100, 100, 100, 100, 100, 100, 100, 100, 100, 100, 100, 100, 100, 100, 100, 100, 100, 100, 100, 100, 100, 100, 100, 100, 100, 100, 100, 100, 100, 100, 100, 100, 100, 100, 100, 100, 100, 100, 100, 100, 100, 100, 100, 100, 100, 100, 100, 100, 100, 100, 100, 100, 100, 100, 100, 100, 100, 100, 100, 100, 100, 100, 100, 100, 100, 100, 100, 100, 100, 100, 100, 100, 100, 100, 100, 100, 100, 100, 100, 100, 100, 100, 100, 100, 100, 100, 100, 100, 100, 100, 100, 100, 100, 100, 100, 100]","[-150.90320982044963, -298.7725382466545, -172.1589998195481, -86.98539524942103, -141.25096774073276, -218.32994450235276, -34.302511065568254, -174.64935934306882, -24.178193479433716, 32.39218915875552, -40.15296916540416, -62.971090445953266, -58.042002353598214, 22.452879011631303, 51.98202168244897, -46.185351871665645, 165.87054275235107, 216.2225141050728, -176.47732281570012, 101.64863540642105, -79.91675689002166, -149.99897796214512, -209.3359471522594, -52.144364829720935, -56.25023547309292, -58.45904552830311, -64.53201253608546, -32.46322214660106, -83.20781852259455, -11.622468792064696, -158.19482143009017, -187.14959830764928, -175.66717155339217, -123.7919472026345, 61.31987705318246, 85.98870440096886, -63.66413165497869, -188.99846411332453, -147.9745211052611, -142.69343276920858, -150.06604651864455, -177.14660832966092, -147.2155121426957, -165.71658311902394, -195.7008774014637, -274.393832042203, -362.52269687072516, -111.3021912590741, -168.29251260379237, -25.235474711846734, -50.612798726013935, -215.3207985774675, -31.947510642098695, -101.35335929514278, -62.3440268860283, -134.12750635333174, -42.31717361978543, -23.137449293316607, 25.47001966265908, -105.57972356136257, -245.50789113671863, 68.00468931538795, -143.68977636812733, -137.3629404822292, -60.3119367850992, 52.13316432507572, -42.30136214064076, -150.4859763207711, 116.52420127149207, 185.62210964801383, -77.41584495146256, 189.69666119535995, -184.2474246932034, -164.91015552932936, -172.71756862023648, -42.23935079024942, -138.27534066718783, -186.3037924157073, -92.81271305270774, -187.08186819783398, -146.1013771944839, 151.92188554035462, 75.44943315559891, -123.72556511761141, -41.393803585024514, -108.46274450396993, -10.871516739885363, 87.47225179049445, 24.44367680083708, -63.849605492768724, -56.051546463277305, -12.702096471287117, -227.78148735278995, -213.49908213919724, -134.86069355790735, -189.8075684104727, -122.73707466666238, -175.74805879763812, 73.38141206001605, 7.7895524757364605, -147.85407751710056, -163.55164078474914, -89.08571195477091, -24.004143640152297, -44.42586102541617, -2.1007126528502327, 20.630192752638973, 26.973713614359756, -61.448679298256295, -130.69472311257084, -99.21360654892851, -72.64921670170307, -144.07917774750112, -155.42324132855762, -298.9489489303871, -284.1733542883254, -202.8938002394944, -154.4787264235029, -241.2537763031921, 27.95725776871428, -194.87991043687074, 94.3261478183111, -112.01358915918894, -151.10523855710164, -74.26234502171118, -124.51546731029033, -201.93357285911597, -167.53653021894922, -138.49243340946242, -153.87016226614716, -235.5456539619125, -179.28581196682862, 40.14023558870456, -41.517288321333936, 7.156252582909273, -86.38441655250513, -28.70731145767345, 11.629826535679829, 103.46425960371039, 153.96731940741793, -140.8666390685393, -113.0700345197841, -82.29233793099165, -71.38130063023657, -66.90241750158572, -34.795956613208084, 208.0567497876129, -12.761402263898887, -28.45167404955031, 206.27093498869164, -198.9411150007021, -205.906300214063, -180.50136524864556, -208.5744256631311, -248.05971244948879, -175.85865630554989, -325.4532992495478, -105.79894475407578, 40.34835656415448, -150.8088078454639, -2.386441101355567, -213.95501064608476, -112.74659467148999, -93.52923344188, -42.37909208489412, -113.15158756247868, -46.662914824873816, -128.16973620567305, -83.07260362971518, -29.99028886539771, -138.97196356107574, -47.95200495438863, -41.69986788557706, -105.49202046820733, -199.06452055749486, -380.1474379548889, -302.7903342607931, -165.96098199893092, -255.8963668807236, -313.6513534255002, -213.50175668700913, -120.0227058353496, -225.9015893668793, -192.24576863755559, -248.2462015912099, -178.7198836447031, -110.34305985241912, -143.30186771636818, -195.5660564286175, -48.1678842207776, -142.00617772700681, -142.05670513096766, -229.9067695115742, -174.63525159566578, -0.22633843460356995, -133.06589187111783, -267.2940369025095, -241.4750819255852, 97.2331899169543, -8.918204726968828, 79.52232949461126, 27.72703945348672, -40.45420625298, 83.92146707863716, -29.54204801233855, -73.04860494789746, 196.55057666264122, -58.22312751325411, -22.604934112400226, -63.41333354894837, -158.04218684828604, -113.02641233990515, 34.2348137162306, -161.33621853772223, -108.9999959439026, -203.77673126223212, -153.32949073384276, -238.51490765792653, -225.2793379579453, -151.3832164942494, -339.65745499556436, -163.37541332114438, -77.49268358465562, -60.65277144307613, -94.41232062572644, -46.71314903946537, -54.20624014065592, -84.50809139429425, -72.91055808744275, -117.77546565716614, -158.58481943912295, -132.81497533178904, -113.76182342101848, -246.89608225066584, -146.8215241971219, -179.0859745922543, -104.14152777555456, -71.16964523081576, -107.06259673807159, -143.6950161487175, -146.53389392355933, -118.68958088132125, -192.09405258061508, -169.55935900562685, -221.73123655652972, -141.88496928057998, -86.28554145607188, -163.51807552949893, -82.56154539745957, -96.20072995863912, -219.03503590474938, -77.84988361735937, 82.17268446143675, 83.49213541088965, -201.36533173594398, -257.6173829723317, -224.7587969283125, -299.2190194612496, -82.66391308711124, -82.33090373798045, -115.56805169763955, -47.53732850828096, -129.33516659293386, 2.929652265698214, 10.956501167174945, -177.1560986155813, 93.42697096938204, -50.749465673292256, -224.3449733154449, -37.80321663445072, -193.25124447942298, -139.55738276063062, -191.06605059381795, -224.74023193346218, -50.91421746153727, -163.42661938467154, -153.99702110649758, 43.02509601407585, -75.57003147801038, -153.29587782384885, 304.33052444328865, -134.53111166501037, -89.05500751972787, 3.2431962624627744, -100.98084251259249, -145.01143676369904, -207.49483666293787, -169.62549247732974, -165.07939061753052, -124.79581962209787, -248.61095182426035, -111.8736698887751, -117.71287396895495, -173.43142643817023, 129.980798938985, 378.7195209025758, 131.34742273482883, 298.3556385877273, 270.7755854905345, 117.40976187052682, -104.04112022819696, -100.30317915312568, -119.32169679064573, -167.3882472950586, -227.9144251004287, -176.01577696802912, -24.839387472459798, -10.652770065935737, -32.146052722429786, -126.78331976125142, 107.27932330976535, 71.30418993561452, -87.61264734151564, -35.393942016325866, -94.37860852313577, 122.5388033311555, -26.607723265302464, -6.763518412205243, -180.1640007900677, 96.64913666478978, -136.76080102183354, -193.61800099375918, -98.26343555869971, 169.05630434040737, -135.97456677469648, -70.06397968642177, -109.31634965108262, -149.25866599650286, -55.32141118833685, -116.57892943793735, -37.580746501244455, -111.38760207119378, -5.518089745153091, -15.632201010469794, 8.529230050597045, -83.22465485278711, 149.0599399792221, -40.69636503226811, 58.421738319963445, -138.84723595016663, -114.68250018932243, -69.96963461134816, 3.4451319756692635, -179.17620436857973, -88.51340793458263, -166.68554219639788, -22.590648261249306, -55.759636441503936, 75.18186674754098, 203.576619269319, -39.527711641031274, 65.60449016306335, -12.201261365929675, 17.34434511695767, -134.45325364804444, -126.30538136200647, -162.81832384259351, -84.16618992044069, -139.67318515970305, -104.33324598557915, -119.61602676659238, -187.6676811931903, -134.84633842657544, -206.8964254344856, -108.97419703987032, -142.6065197693158, -56.543553875825076, 414.52741993701903, -73.18844851273072, -96.82320023524717, -15.607735941827332, 93.27964556797954, -100.96367275798578, -21.17508556599042, -29.294065370343016, -219.82488497545478, -64.91621481862086, -46.623497087332154, -89.5745615670883, 29.3073874881353, -160.39578302943005, -121.86932693047167, -165.1247079963425, -104.53677147959604, -286.4908391006955, -165.42752958584492, -189.40023877230874, -235.17597171686396, -236.5163467820499, -148.41972802531478, -118.61599320780323, -111.07551127215098, -103.02625109190323, -194.9836164905408, -132.04251195172418, -148.4244403221682, 98.56919997888684, 89.79302239273561, 56.65340111815876, 80.36811842726512, 135.75078535234897, 51.7667890142696, -135.4017986924648, -113.66527699434819, -35.63647938652206, -180.5764158422645, -154.26864706982047, -118.66058864650175, -163.09739029548697, -132.08258576994555, -160.3867301094359, -143.378212516996, -157.7336784364727, -264.07362831712516, 26.72719194034703, -301.33085629433566, -222.34215562084464, -30.1248392647103, -106.52659397949915, -38.747669010090306, -220.22741750457098, -108.72714834646138, -180.2619940766291, -129.9275376299205, -130.38391126382754, -119.40811977524982, 208.40142581508798, 46.520502494055044, 197.83552259095754, 169.8956131313325, 177.9366023345232, 104.4289015868304, 110.99412008291245, 125.38600352229511, 134.25467630092368, -174.65941765740982, -15.781138194526543, -8.091170772058797, -268.2741667596483, -62.58437929244337, -206.0170631186419, -27.911960201857895, -148.6513939743762, -283.147975608316, -202.59574260936535, -146.71133878957954, -280.0406950223896, -159.68935353779582, -140.86440444381773, -80.22801892133, -40.342966632384744, -6.868496279242239, 42.63522997199772, 8.05761616184379, 49.92205163175613, -33.06825796166911, -236.74387686455992, -178.90510187848963, -220.10040726198258, 103.22187506683376, 77.37786190628745, -163.57315192125486, -7.892573696569304, -61.28044951250433, 76.19960017085617, -43.34498393243931, 218.1364825144632, -16.81956796957791, -300.21737307450906, -83.23653894385185, -141.90258394725026, -236.39108795051402, -114.69376098964038, -103.22586382302016, -123.43141440129642, -149.9232505470488, 17.129240042364447, 25.792061884290398, -164.73446925455235, -85.56416485164945, -135.91812580082848, -126.99755638885121, -150.28916287781223, -84.8448765195708, -48.54179411381107, -82.57593361297799, -144.40588627400527, -45.519692904964664, -42.36641360261522, -109.15213818500395, -30.85020980112674, -168.9252363022031, -112.9614542590898, -44.778130912871134, 6.767918683889098, 35.41154083457125, -176.66755429532284, -37.48553805945685, -167.48842660044866, -202.48386443307373, 293.74411148307377, -172.18951163380623, -213.21595631762756, -249.74970971928013, -147.95852828539446, -68.00098258619586, -109.56294777055155, -74.51615517871221, -65.26395749765506, -105.73354152165895, 84.8607487166338, -112.32143157849502, 10.70211818176032, 69.35809585646192, -109.96180321285064, -66.48251288435888, -115.05039061830341, -26.128460823899683, -177.41632636788165, -141.42435519334185, -31.79768638499537, -110.96968516989041, 246.49992960506466, 12.582642882214719, -145.62890662875503, -310.47399085422364, -143.345340057255, -313.90040994755566, -170.2933363777173, -217.74777460755794, -152.27835381295665, -196.17257257466824, -129.06256496524657, -101.26651760163969, -299.73929863542315, -163.11382308114077, -118.77178291959909, -161.40813110974554, -132.25151633811032, -295.2408163734307, -107.35420475333542, -116.20870178816186, -171.6140249521955, -149.27584705659996, 1.6544316890637558, -135.59681434899002, 85.42658550865843, -30.081502588825984, 86.36754155624415, 89.4399186985781, 291.8443030098163, -12.940311350732076, -199.45851767917486, -223.708789957376, -200.65777673052267, -173.37418736478187, -128.81693363567877, -144.48498562189104, -81.55350656776702, -60.797719794310666, -79.51215021122266, -183.94207350019752, -33.08236924175078, -49.73867189720182, -172.45770402837272, 99.57965250968593, -45.55222604586191, 18.202182510243095, 101.15149121784881, 4.645560443998569, -88.75653310889774, -178.8489882085262, 25.134265727708694, -175.3724502309123, -109.87059993116338, -156.7770499533943, -110.48618058589328, -56.97579106478982, -82.77720834887072, -213.7172081770569, 137.80610006187635, -131.05099944416108, -158.4917881352197, -222.84594545596076, -225.71123901375557, -224.67910888036624, -215.04745348029655, -240.68703752390383, -136.08794765920558, -55.010950938269204, -158.82081503463502, -22.412976206011777, -88.58579866674256, 319.1135296818065, 155.30565706797688, -169.00713897496772, -111.76119403507867, -113.66531249639702, 16.917622239016524, -121.96013727542498]",20.30584084676661,0.7111060469907684,0.9863427766090137,9766.253,614.361,10.588,566663.829,37175.342,161.397,13.434,576000,576000,41.43076923076923,15.400000000000002,8.673617509131006e-20,4.999999873689376e-05,3205.259,-0.0020033335,3205.2612,0.11458563,0.0021371644,0.10459897,0.0
1326.5887285251777,-1617.5109950783328,-550.9853834773025,100.0,60,15,582000,False,5820,97,212f51d07e9840f9afce8433e261ebfd,2020-07-14_17-14-24,1594746864,46.79465317726135,4551.257937431335,62816,tango5,131.234.250.245,4551.257937431335,0,97,d74d5_00000,0,-380.1474379548889,378.7195209025758,-91.83089724621709,"[794.956017043771, -376.3126828247113, -416.13549560601257, -1218.053504260553, -415.0553905501054, 378.4505301157718, -910.0149485737091, -297.2814267056209, -1497.1502651778596, -535.3347652580254, -686.1717971602777, -1195.7378892677614, -764.8962380783356, 76.1067947053819, -545.7487211605359, 183.47906088789932, -906.2423524679715, -1304.7757953735525, 277.9832194670113, -152.91930417199984, -1099.4780464793446, -156.67313718867544, -563.9002665354607, -805.7055388083077, 93.55076006065995, -898.8267573510798, -223.61274622246154, -569.9515601946947, -768.2360486145312, -1336.6281600160605, -631.0911230494127, 345.17352483251267, -615.8519288875567, -125.38809460785592, 21.667238943685952, -348.57813479517154, -158.7459823562267, -601.5853713373799, -1267.775624721706, -481.0708886100606, 243.90028443144928, -1327.836869874584, -758.0762264771524, -599.3056062077287, -1076.4587778761572, -1005.3879759721732, -637.5856859433603, -1196.9819686047047, -1344.5214836868433, -38.1570164023469, -444.9430644003159, -826.6607149682043, 18.85352856186652, -617.8876753509605, -941.1430590875959, -1119.4889689528015, -220.66813171657122, -527.8440258664916, -953.2202433676347, -814.1686720184616, -562.4504026668516, -1076.664164682415, -97.68270162421918, -150.17873313842307, 271.41623434806104, -1217.8415748815805, -758.054147032374, -536.6391587912888, -447.178749364362, -1617.5109950783328, -1178.6379057627082, -781.4417510761577, -1046.6033702410568, 239.03161496374076, -50.2814714721976, -710.9467312158179, -1271.539821160673, -417.9852562278731, -842.7437241872042, -751.9762846825363, -990.4930922282311, -725.4508118637777, -817.2957112255128, -454.50571135824873, -385.67028210221224, -962.9557466135429, -170.03842161600343, -708.9244196738233, -941.5041323597898, 1326.5887285251777, -894.9844455354845, -15.838016776696882, -128.2176362273296, -343.1007973591635, -636.5139027349788, -244.81406413025127, -156.71405748391976, -509.2803072266436, 309.97834828992006, -751.7495799183667]","[100, 100, 100, 100, 100, 100, 100, 100, 100, 100, 100, 100, 100, 100, 100, 100, 100, 100, 100, 100, 100, 100, 100, 100, 100, 100, 100, 100, 100, 100, 100, 100, 100, 100, 100, 100, 100, 100, 100, 100, 100, 100, 100, 100, 100, 100, 100, 100, 100, 100, 100, 100, 100, 100, 100, 100, 100, 100, 100, 100, 100, 100, 100, 100, 100, 100, 100, 100, 100, 100, 100, 100, 100, 100, 100, 100, 100, 100, 100, 100, 100, 100, 100, 100, 100, 100, 100, 100, 100, 100, 100, 100, 100, 100, 100, 100, 100, 100, 100, 100]","[355.1935451198774, 352.087578603212, -18.155846921505535, -55.758357649536045, -30.265708233294916, 191.85480612501826, -15.760080217774648, -176.24091229005566, -14.10070118760059, -71.48426159017376, -51.00377811771232, -47.72294942139471, -24.604347957373744, -116.64795377110549, -43.23365923246667, -87.77028353736964, -95.49710533204879, -48.38214577564816, -342.23611430251424, -307.89462740134405, -172.86230365479383, -85.78392455663631, -165.30578794918077, -143.9707463960847, -70.54635193127933, -150.43554407676055, -140.28608793906184, -19.879329325633687, 10.87539089282932, -44.78346817019886, 74.95632947369964, 30.819146868156405, 144.69484623797948, 140.50443512449078, 9.128328735831122, -21.65255632438534, -126.0302316888506, -192.00563119386652, -145.0989092273178, -190.7586856456222, -99.89094860842924, -156.23054220962362, -224.76316295634837, -37.031644288263685, -183.60107402882616, 41.27302689765963, 120.15000264719002, -13.308574977033022, -214.46181338509638, -195.92242850361458, -285.66191459680465, -307.63909148048873, -259.8961039317238, -233.56891328013234, -97.97663987826394, -92.94619281970873, -87.85718871625316, -78.36889729188138, -39.7510963798597, -138.4347501720581, 43.628218754657425, -166.19793395596665, -125.67656044552209, -38.72900520229826, -206.26565381122705, -192.93086249992083, -174.77700715860274, -205.2428950105272, -264.13669453367055, -166.7895455062326, -207.42741827258368, -177.3643287861447, -248.03263165406136, -17.323503215519743, -184.62540704381723, -74.33197972554802, -120.567655597341, -120.01506084204817, -113.9717496346598, -100.66023486152291, -171.75809978158262, 240.12186646158412, -51.07098592445571, 273.44599844601845, -152.80965505556944, -33.777853508654516, -75.1861111723869, -88.36725736779242, -84.60804726219358, -110.99979679393932, -36.67048673840296, -57.65846232621524, 0.07194475312821647, 356.8329293869761, -0.291513099086591, -78.80535108850016, -179.296488649569, -200.2248798238435, -198.91939286282974, -49.7932851388566, -85.5359221612845, -192.47238383158918, -334.0453796395344, -261.9700643410725, -152.29596059903662, -276.5883646773483, -167.70008023673176, -112.17594587982865, 129.8465858093929, 10.930348635559104, -92.71718786902805, 147.9179379931104, 23.422943834907482, 58.5825910630694, 94.14916111055776, -64.25809872333744, -65.36871650932935, 54.18421019113238, -87.09933912668056, -84.52652111434308, -272.6483093885773, -134.49903859789737, -138.0597540548218, -60.29501097378424, -222.63820969286718, -271.3377237713969, -49.7396692968367, 46.78093285847087, -39.585228602958225, -76.77446621815727, -69.76627437954473, 32.4115684503508, -84.33221478948688, -130.74293672107774, -93.57370642168148, -139.48909205139967, -57.431072765551065, -58.331243786263876, -137.34826363933843, -149.54597586478206, -39.30942283478366, -174.80493395126783, -132.92546059150243, -171.77148192663415, 149.84375765223012, 69.21221659295138, -52.31582784905389, -28.729560078678574, 10.674892009188138, -55.134718265977604, -238.35601646383722, -368.0707903134235, -25.604323141614714, -49.98804244649206, -129.89125195973267, -86.91633302597877, -113.08064097019087, -58.14129327244703, -13.427174398959664, -97.77057511907627, -89.98237657703837, 148.7893141152507, -179.52803651680608, 215.12082816161046, -118.15093070700492, -135.21259241745088, -53.08384079091449, -299.09698792412837, -124.9297542934255, -152.24572162603906, -68.31267613384043, -110.28466535948611, -228.89937271316074, -83.5638584885797, -270.3364043232374, -299.8514417961541, -150.5933970996641, -201.91268097581397, -241.7682560592564, -172.16597976193572, -61.551506783174894, -161.92098983547166, -175.20515994963665, 4.430141517255625, -142.42499697782767, -94.41861102055752, 101.6182836502125, 106.61796137831354, -80.74493293225149, 133.92251575542002, -80.71133710943597, 164.4710340902546, -97.82461628799126, -58.68537054075783, -45.75633966848509, -164.19044552267246, -141.13258771024704, -108.26256915740392, 98.96985247085364, -191.6908509310071, 37.74935585492623, 15.54371151352598, 2.3724252260575867, -88.3325887422131, -19.69738093002192, 27.037771862970498, 14.525834138743175, -11.440977183885073, 8.150493539937132, 3.0914975159421516, -125.36225071862776, -92.9041964837678, -126.77415685276459, 72.95267402817159, 55.19822304583053, -131.68842781401358, 44.4916566156532, 90.48293105545325, -93.29663084028545, -118.47499781581905, 50.92108248131926, -132.87002385254803, -86.65061164181014, -42.46951246765308, -109.51800897948256, -73.4616072625287, -136.7282988782327, -152.75733210767234, -177.58550360669142, -216.57380299915565, -302.5364182945011, -168.4599461713417, -104.57848922584266, -298.0414644241728, -47.077254548309185, -61.08855314308572, -117.53417123523133, -36.96432121684994, -99.73164711073508, -118.67494135584911, 297.2755161626972, -45.668073900198564, -59.72605905340889, 224.37763020301966, 6.611370020804632, -178.97009900146415, -216.63149254023125, -302.7832541530385, -289.43507928564287, -161.0294304786565, -170.5618775722372, -187.3957358447759, -180.158582497869, -149.21233929084744, -56.22435320105519, -205.02397828029427, -77.6026080839399, -89.85436512314716, -134.12715626322395, -119.93086939525324, -165.55532885297993, -167.99160418393777, 48.73245189663971, -60.433099408973476, -176.54143726110397, -225.75703420113194, -194.909106693298, -215.7827113910712, -246.60825410407801, -16.86023422547353, -229.41416122397965, -178.87635115428193, -140.67605092365838, -163.21180651958576, -160.50055168454475, -132.70905446612414, -87.05866842856872, -67.67716506573045, -200.8346953615634, -118.98233280310443, -72.24173333123701, -90.79109095315683, -234.37674851608216, -209.39468204995492, -166.30501493851955, -258.81899658824756, -179.62038663569265, -148.46613987620754, -233.84298930767304, -262.0163129207343, -202.1463832302622, -140.94651720926737, -275.383198833538, -230.1860821853699, -50.71705698065164, 21.560677675546078, -15.105006631320839, -68.21701647606884, 57.242749801064164, 17.07863620908405, -10.695031788784362, -53.30844555364137, -70.3534819796632, -33.020797392189905, -88.65602419719407, -188.90928348884316, -76.11301458004547, -109.80033479924462, -160.23521667228908, -169.7852850573849, -187.66911706164728, -123.0577467975932, -48.64484786664348, -54.876076165991144, -49.05363232548038, 3.1291777823574645, 150.55746619562603, 17.741440941997624, -120.34476657180058, -133.62708220895155, -87.8331041441762, -92.52377979906926, -96.2690546430173, -87.28988798394543, -140.02193592187697, -170.1625360236489, -178.03642316633682, -154.89778521766837, -153.02544078186122, -144.99893797620348, -134.56339995643611, -212.27651813550284, -193.11875002272683, -209.78817794294665, -224.48090869046598, -145.26121420472523, -280.6114154647202, -159.34155167419775, -123.5208446899167, 250.6303239241185, -63.54052307776385, 155.71587926590885, -184.55335536311435, -44.35043369552822, -8.848417108890285, -5.22344897674366, -129.7749624339052, -155.0934082883103, -123.05462422352788, -106.2334432035189, -330.812680028795, -90.48887676660567, -80.12383673385, -222.5067824113371, -94.53649570120922, -137.7222745653171, -182.26935113094032, 2.4611511724864883, -182.4166105221367, -219.6850912713458, -194.87991043687074, 94.3261478183111, -112.01358915918894, -151.10523855710164, -74.26234502171118, -124.51546731029033, -201.93357285911597, -167.53653021894922, -138.49243340946242, -153.87016226614716, -235.5456539619125, -179.28581196682862, 40.14023558870456, -41.517288321333936, 7.156252582909273, -86.38441655250513, -28.70731145767345, 11.629826535679829, 103.46425960371039, 153.96731940741793, -140.8666390685393, -113.0700345197841, -82.29233793099165, -71.38130063023657, -66.90241750158572, -34.795956613208084, 208.0567497876129, -12.761402263898887, -28.45167404955031, 206.27093498869164, -198.9411150007021, -205.906300214063, -180.50136524864556, -208.5744256631311, -248.05971244948879, -175.85865630554989, -325.4532992495478, -105.79894475407578, 40.34835656415448, -150.8088078454639, -2.386441101355567, -213.95501064608476, -112.74659467148999, -93.52923344188, -42.37909208489412, -113.15158756247868, -46.662914824873816, -128.16973620567305, -83.07260362971518, -29.99028886539771, -138.97196356107574, -47.95200495438863, -41.69986788557706, -105.49202046820733, -199.06452055749486, -380.1474379548889, -302.7903342607931, -165.96098199893092, -255.8963668807236, -313.6513534255002, -213.50175668700913, -120.0227058353496, -225.9015893668793, -192.24576863755559, -248.2462015912099, -178.7198836447031, -110.34305985241912, -143.30186771636818, -195.5660564286175, -48.1678842207776, -142.00617772700681, -142.05670513096766, -229.9067695115742, -174.63525159566578, -0.22633843460356995, -133.06589187111783, -267.2940369025095, -241.4750819255852, 97.2331899169543, -8.918204726968828, 79.52232949461126, 27.72703945348672, -40.45420625298, 83.92146707863716, -29.54204801233855, -73.04860494789746, 196.55057666264122, -58.22312751325411, -22.604934112400226, -63.41333354894837, -158.04218684828604, -113.02641233990515, 34.2348137162306, -161.33621853772223, -108.9999959439026, -203.77673126223212, -153.32949073384276, -238.51490765792653, -225.2793379579453, -151.3832164942494, -339.65745499556436, -163.37541332114438, -77.49268358465562, -60.65277144307613, -94.41232062572644, -46.71314903946537, -54.20624014065592, -84.50809139429425, -72.91055808744275, -117.77546565716614, -158.58481943912295, -132.81497533178904, -113.76182342101848, -246.89608225066584, -146.8215241971219, -179.0859745922543, -104.14152777555456, -71.16964523081576, -107.06259673807159, -143.6950161487175, -146.53389392355933, -118.68958088132125, -192.09405258061508, -169.55935900562685, -221.73123655652972, -141.88496928057998, -86.28554145607188, -163.51807552949893, -82.56154539745957, -96.20072995863912, -219.03503590474938, -77.84988361735937, 82.17268446143675, 83.49213541088965, -201.36533173594398, -257.6173829723317, -224.7587969283125, -299.2190194612496, -82.66391308711124, -82.33090373798045, -115.56805169763955, -47.53732850828096, -129.33516659293386, 2.929652265698214, 10.956501167174945, -177.1560986155813, 93.42697096938204, -50.749465673292256, -224.3449733154449, -37.80321663445072, -193.25124447942298, -139.55738276063062, -191.06605059381795, -224.74023193346218, -50.91421746153727, -163.42661938467154, -153.99702110649758, 43.02509601407585, -75.57003147801038, -153.29587782384885, 304.33052444328865, -134.53111166501037, -89.05500751972787, 3.2431962624627744, -100.98084251259249, -145.01143676369904, -207.49483666293787, -169.62549247732974, -165.07939061753052, -124.79581962209787, -248.61095182426035, -111.8736698887751, -117.71287396895495, -173.43142643817023, 129.980798938985, 378.7195209025758, 131.34742273482883, 298.3556385877273, 270.7755854905345, 117.40976187052682, -104.04112022819696, -100.30317915312568, -119.32169679064573, -167.3882472950586, -227.9144251004287, -176.01577696802912, -24.839387472459798, -10.652770065935737, -32.146052722429786, -126.78331976125142, 107.27932330976535, 71.30418993561452, -87.61264734151564, -35.393942016325866, -94.37860852313577, 122.5388033311555, -26.607723265302464, -6.763518412205243, -180.1640007900677, 96.64913666478978, -136.76080102183354, -193.61800099375918, -98.26343555869971, 169.05630434040737, -135.97456677469648, -70.06397968642177, -109.31634965108262, -149.25866599650286, -55.32141118833685, -116.57892943793735, -37.580746501244455, -111.38760207119378, -5.518089745153091, -15.632201010469794, 8.529230050597045, -83.22465485278711, 149.0599399792221, -40.69636503226811, 58.421738319963445, -138.84723595016663, -114.68250018932243, -69.96963461134816, 3.4451319756692635, -179.17620436857973, -88.51340793458263, -166.68554219639788, -22.590648261249306, -55.759636441503936, 75.18186674754098, 203.576619269319, -39.527711641031274, 65.60449016306335, -12.201261365929675, 17.34434511695767, -134.45325364804444, -126.30538136200647, -162.81832384259351, -84.16618992044069, -139.67318515970305, -104.33324598557915]",20.310482485405505,0.7111069970232211,0.9863060885204814,9737.987,616.144,10.593,566430.424,37166.877,161.434,13.48,582000,582000,40.89384615384616,15.400000000000002,4.336808754565503e-20,4.999999873689376e-05,3482.4875,-0.0013861601,3482.4888,0.12056508,0.0018127473,0.11018722,0.0
1320.1337201976255,-1588.373206760524,-561.5659957862387,100.0,60,15,588000,False,5880,98,212f51d07e9840f9afce8433e261ebfd,2020-07-14_17-15-11,1594746911,46.99973177909851,4598.257669210434,62816,tango5,131.234.250.245,4598.257669210434,0,98,d74d5_00000,0,-368.0707903134235,1072.6035406782923,-93.59433263103979,"[-779.263326548262, -54.2374166992978, -1153.7346600045353, -1046.918540069415, 135.25067749691428, -871.3035134886823, 1320.1337201976255, -1159.4399481371404, -644.8270486383815, -1042.1195031563004, -958.2467977277566, -245.02062971043932, -365.6257640014947, -563.6413892151113, -290.46293082389553, -868.1110516840122, -935.6873564306428, -655.5687949858567, -1588.373206760524, -424.59326235758704, -509.5497496629202, -841.5204275198487, 697.8906925681143, -972.4436153816661, -797.0488185841032, -752.419045592851, -282.7072667536964, -738.9102955694509, 351.07304598885685, -1314.3711792579768, -1277.1436970996751, -401.333068729708, -1231.9569738237685, -678.0579799498482, -598.8334555268852, 425.7313075827821, 242.86699828502975, -961.0209576675155, -74.91505189196371, -292.86634627348536, -1152.528243432503, -143.369750450361, -829.6552130891625, -790.9766306000449, -1318.7986087437293, 26.609691679471393, -260.05910238040786, -510.33482639514034, -516.0526594016785, -1275.3445921965163, -1154.5817339714545, 354.3464765838066, -947.6034510649173, -222.73025095846603, 492.2877605573398, -260.76727678985935, -993.5829091864787, 596.0071662822156, -488.09556490384614, -181.75299283686303, -1099.4780464793446, -156.67313718867544, -563.9002665354607, -805.7055388083077, 93.55076006065995, -898.8267573510798, -223.61274622246154, -569.9515601946947, -768.2360486145312, -1336.6281600160605, -631.0911230494127, 345.17352483251267, -615.8519288875567, -125.38809460785592, 21.667238943685952, -348.57813479517154, -158.7459823562267, -601.5853713373799, -1267.775624721706, -481.0708886100606, 243.90028443144928, -1327.836869874584, -758.0762264771524, -599.3056062077287, -1076.4587778761572, -1005.3879759721732, -637.5856859433603, -1196.9819686047047, -1344.5214836868433, -38.1570164023469, -444.9430644003159, -826.6607149682043, 18.85352856186652, -617.8876753509605, -941.1430590875959, -1119.4889689528015, -220.66813171657122, -527.8440258664916, -953.2202433676347, -814.1686720184616]","[100, 100, 100, 100, 100, 100, 100, 100, 100, 100, 100, 100, 100, 100, 100, 100, 100, 100, 100, 100, 100, 100, 100, 100, 100, 100, 100, 100, 100, 100, 100, 100, 100, 100, 100, 100, 100, 100, 100, 100, 100, 100, 100, 100, 100, 100, 100, 100, 100, 100, 100, 100, 100, 100, 100, 100, 100, 100, 100, 100, 100, 100, 100, 100, 100, 100, 100, 100, 100, 100, 100, 100, 100, 100, 100, 100, 100, 100, 100, 100, 100, 100, 100, 100, 100, 100, 100, 100, 100, 100, 100, 100, 100, 100, 100, 100, 100, 100, 100, 100]","[-61.08607028339061, -180.94678730628831, -163.15482510070615, -298.3440674088863, -60.973648382449255, -14.757928066540297, -41.61151766530237, -76.65097739495269, -28.821231126666042, -16.1313446520461, 120.7261055539395, -11.748451414269674, -221.43743766994436, -322.64229463151446, -88.27904835680646, -107.6351802544682, -235.37983103484544, -178.3608680569568, -216.4316151326058, -145.97283143103022, -159.94583646100196, -144.11183070244357, -195.23095327428283, -185.22547306805126, 671.0173420690307, -140.80308898133623, -65.60091128190226, -119.84953625951232, -96.68083257152209, -112.83229547784357, -189.00885856535467, -91.04864718961586, -189.64480308144758, -86.26601769877131, -168.21648809113296, -147.11869886235974, 226.36581058944708, 297.21321078947636, 242.67800126625932, 230.364934221888, 105.21259128774764, 218.29917204280443, -164.70317399177983, -120.30467384642668, -239.84740610191884, -195.80057953954585, -178.68251206120925, -260.101602596259, -101.78445067254874, -180.87246731326493, 17.131989722212392, -130.2063002996533, -114.54479966218497, -134.55102041294185, -154.62778703817068, -178.28822502334774, -104.86946543688357, -212.31593451352663, -191.59370834356292, -200.4243828008086, -188.81491978277174, -183.94647304618707, -165.98230513922732, -164.71436212789374, -144.2805668783012, -110.50817075337511, -93.34925062804349, -104.3712984614352, 223.91961500139996, -103.04691940455874, -81.67935283385559, -86.49342338394574, -107.19786147598303, -80.8355132461249, -56.6410381947889, -19.66011179728864, -44.691326777602505, -56.59991250970657, -157.77981644446288, -123.38422473054787, -129.55641020123917, -115.95110122534489, 19.374159858839633, -56.34399647235613, -220.3374983345369, -72.64269379238021, -124.17567048909369, 375.7061848262684, -187.15233604283506, -61.86091699131798, -153.96730621825904, -170.40435013013223, -108.04374218910003, -224.8910627146525, -139.50657832686034, -71.2980121050084, -125.50721468728534, -170.2822379599244, -92.03576425605712, -139.41721733388826, -263.46267474560545, -144.9822474478816, -77.18836463807304, -55.9318007299334, -196.49261342101238, -154.90448280881773, -132.92742094300593, -38.12411244501391, -286.7713237814356, -254.79916648845852, -264.5094445418941, -266.7000195708547, -239.65878326467134, -275.93446911320984, -47.22372582421953, -170.426079386614, -15.537681942874807, -151.4296397353112, -12.96611429746159, -27.01002117110665, 34.1356181518936, -104.52380751088168, -111.43153676281808, -142.8625111107598, -76.97084820644879, -107.89666422390597, -198.0070751478252, -145.46591848465252, -213.3673967515043, -97.26925485884398, -67.67387778205081, -119.7369044949729, 303.9398590070048, 40.635221345112264, 46.829875718133266, 99.62982457781204, 82.41728691892335, 124.43862500112945, -159.4400016221049, -89.41367455312455, -231.06630057450178, -194.3947895935409, -301.61112719441553, 3.4822781560218043, 12.449698441860061, -195.1024282781968, -96.05026890857583, -95.09989014072885, -182.84768786117635, -240.39824183728538, -199.55699794058233, -87.92963666008546, -131.2804631379931, -123.16198583491598, 82.70473046747884, -293.19469248675324, 56.64821173599887, -31.855023177899323, -27.626322397586666, -48.94279239799299, -188.18050304544371, -42.750837470772254, -189.40651527211816, -47.9388080513796, -185.153180700329, -190.8241840542986, -6.077616150149376, -119.50999134117683, 105.48259105304554, 29.754971138228864, 326.95472997869217, -46.88303479844897, -14.033539543634102, -50.20267183902571, -229.52413407086055, -226.39472966401544, -223.04059977868914, -180.53620326667624, -227.10802219312262, -227.7674902846108, -217.7796913372262, -283.5979151345477, -169.82211724948732, -189.04331381423353, -187.7705832767861, -229.13007628739382, -47.813880492904374, -84.25609025257475, -35.09626416817841, -184.77935468115749, -22.25776569685419, -27.129713438039264, -214.05664372269086, -206.3221086642461, -139.65630497386687, -236.50936737700823, -278.60533508420167, -156.80721400175466, -209.8492238249193, -24.185688952132537, -117.67873621247496, -86.06083814644396, -177.5718013330368, -62.711691480839704, -114.74078285959231, -206.25227500995624, -127.46724023508561, -71.81826339886807, 100.12103060377324, -178.675924627156, 28.046432240049146, -183.38481841290996, -180.96362138683975, -203.51613974165696, -107.05408579415175, 1072.6035406782923, 43.33852309126325, -95.27374825121532, 102.07134280383045, -24.962636501814714, 51.15198510613036, 166.54153203683504, -160.61802888933028, -175.32348722479875, -124.95644068463277, -189.06139719292528, -134.65824747391787, -176.40335620191033, 281.4652696837362, -88.4097767425246, 113.18160217158413, -131.250335294055, -113.81706750029272, -136.0847442104105, 92.19746975534045, 34.75929442350862, -115.61502851465599, -54.357760582348035, -129.32982178276183, -120.52049957256865, -190.55693883743112, -143.15932004598906, -260.56264006098667, -177.6082369293434, -234.8801876680074, -145.7609198907452, 156.1360452997429, -10.38941659163651, -91.88487072545108, -179.06803604434464, -37.564259353084765, 19.40078696441328, -175.97758847217634, -128.6195680464037, -81.92000022593699, -150.9364759857351, -114.30472825375631, -177.89685210515367, -60.434614872485554, -163.35479155517584, -137.52235830873693, -161.8298171181837, -174.90559249419533, -92.92945625126825, -258.2973229078935, -203.25608620167034, -249.51238693080805, -223.85326812835962, -203.88009142721612, -179.9994531477832, 60.60157918613681, -45.50196260085261, -27.15419783247686, 30.725989952197246, -7.902708068225402, 15.84099104269225, -143.6251753273971, -33.44914932033591, 382.5566639533403, -190.31520139448475, -123.57835292123296, -151.64788737029752, -48.99780941648921, -96.70771590898416, -158.7560957616116, -48.1789519505557, -109.88843708855244, -47.80581626894764, -129.96836309192318, -99.84098424499452, -106.55497835868947, 12.869447534501104, -22.20909719758898, -170.34868404298277, -241.3549958864692, -138.5854343604458, -131.14613241324247, -300.96707280840855, -241.81934803140047, -221.47160869654942, -137.21515203342756, -309.27827267767015, -178.08712118395263, -171.00617533652172, -209.43201808386456, -149.56299465601847, 95.08573952903842, 44.83530139068286, 35.42954923735098, 80.22827324763486, 97.55511221920753, 1.2125009598896304, -150.34497218536475, -271.2166995191288, -184.57181404485132, -133.8619201082704, -116.40721548863436, -91.20082971866799, -42.29451611190634, -11.302526557226647, -30.55586934513604, 11.889090676864367, -65.51391720672189, -84.95251241433955, -11.79013967618316, 44.27584978717844, 253.7255141326939, 93.89348852652395, -47.09382042711639, 159.27686821424317, 157.90071333999998, -105.95010262184972, -204.255672002494, 16.347237135113183, 16.828922329061726, -141.63837496969032, -225.5780986726043, -57.048280596195696, -241.895529173461, -234.68810673364177, -102.43179497219865, -131.94109903837693, 36.16147734056583, 63.56919460047941, 47.4989644201348, 33.31587908873613, 362.5915429932378, 52.8701078390608, -78.92193551685894, -101.28994815841324, -72.67610788688057, -78.60197246333112, -95.33656417140176, -61.26903670696137, -99.68046277640735, -13.633683700942328, -50.679495629659904, 1.0356787547252893, 42.72761454166922, -61.5226440262477, -272.6483093885773, -134.49903859789737, -138.0597540548218, -60.29501097378424, -222.63820969286718, -271.3377237713969, -49.7396692968367, 46.78093285847087, -39.585228602958225, -76.77446621815727, -69.76627437954473, 32.4115684503508, -84.33221478948688, -130.74293672107774, -93.57370642168148, -139.48909205139967, -57.431072765551065, -58.331243786263876, -137.34826363933843, -149.54597586478206, -39.30942283478366, -174.80493395126783, -132.92546059150243, -171.77148192663415, 149.84375765223012, 69.21221659295138, -52.31582784905389, -28.729560078678574, 10.674892009188138, -55.134718265977604, -238.35601646383722, -368.0707903134235, -25.604323141614714, -49.98804244649206, -129.89125195973267, -86.91633302597877, -113.08064097019087, -58.14129327244703, -13.427174398959664, -97.77057511907627, -89.98237657703837, 148.7893141152507, -179.52803651680608, 215.12082816161046, -118.15093070700492, -135.21259241745088, -53.08384079091449, -299.09698792412837, -124.9297542934255, -152.24572162603906, -68.31267613384043, -110.28466535948611, -228.89937271316074, -83.5638584885797, -270.3364043232374, -299.8514417961541, -150.5933970996641, -201.91268097581397, -241.7682560592564, -172.16597976193572, -61.551506783174894, -161.92098983547166, -175.20515994963665, 4.430141517255625, -142.42499697782767, -94.41861102055752, 101.6182836502125, 106.61796137831354, -80.74493293225149, 133.92251575542002, -80.71133710943597, 164.4710340902546, -97.82461628799126, -58.68537054075783, -45.75633966848509, -164.19044552267246, -141.13258771024704, -108.26256915740392, 98.96985247085364, -191.6908509310071, 37.74935585492623, 15.54371151352598, 2.3724252260575867, -88.3325887422131, -19.69738093002192, 27.037771862970498, 14.525834138743175, -11.440977183885073, 8.150493539937132, 3.0914975159421516, -125.36225071862776, -92.9041964837678, -126.77415685276459, 72.95267402817159, 55.19822304583053, -131.68842781401358, 44.4916566156532, 90.48293105545325, -93.29663084028545, -118.47499781581905, 50.92108248131926, -132.87002385254803, -86.65061164181014, -42.46951246765308, -109.51800897948256, -73.4616072625287, -136.7282988782327, -152.75733210767234, -177.58550360669142, -216.57380299915565, -302.5364182945011, -168.4599461713417, -104.57848922584266, -298.0414644241728, -47.077254548309185, -61.08855314308572, -117.53417123523133, -36.96432121684994, -99.73164711073508, -118.67494135584911, 297.2755161626972, -45.668073900198564, -59.72605905340889, 224.37763020301966, 6.611370020804632, -178.97009900146415, -216.63149254023125, -302.7832541530385, -289.43507928564287, -161.0294304786565, -170.5618775722372, -187.3957358447759, -180.158582497869, -149.21233929084744, -56.22435320105519, -205.02397828029427, -77.6026080839399, -89.85436512314716, -134.12715626322395, -119.93086939525324, -165.55532885297993, -167.99160418393777, 48.73245189663971, -60.433099408973476, -176.54143726110397, -225.75703420113194, -194.909106693298, -215.7827113910712, -246.60825410407801, -16.86023422547353, -229.41416122397965, -178.87635115428193, -140.67605092365838, -163.21180651958576, -160.50055168454475, -132.70905446612414, -87.05866842856872, -67.67716506573045, -200.8346953615634, -118.98233280310443, -72.24173333123701, -90.79109095315683, -234.37674851608216, -209.39468204995492, -166.30501493851955, -258.81899658824756, -179.62038663569265, -148.46613987620754, -233.84298930767304, -262.0163129207343, -202.1463832302622, -140.94651720926737, -275.383198833538, -230.1860821853699, -50.71705698065164, 21.560677675546078, -15.105006631320839, -68.21701647606884, 57.242749801064164, 17.07863620908405, -10.695031788784362, -53.30844555364137, -70.3534819796632, -33.020797392189905, -88.65602419719407, -188.90928348884316, -76.11301458004547, -109.80033479924462, -160.23521667228908, -169.7852850573849, -187.66911706164728, -123.0577467975932, -48.64484786664348, -54.876076165991144, -49.05363232548038, 3.1291777823574645, 150.55746619562603, 17.741440941997624, -120.34476657180058, -133.62708220895155, -87.8331041441762, -92.52377979906926, -96.2690546430173, -87.28988798394543, -140.02193592187697, -170.1625360236489, -178.03642316633682, -154.89778521766837, -153.02544078186122, -144.99893797620348, -134.56339995643611, -212.27651813550284, -193.11875002272683, -209.78817794294665, -224.48090869046598, -145.26121420472523, -280.6114154647202, -159.34155167419775, -123.5208446899167, 250.6303239241185, -63.54052307776385, 155.71587926590885, -184.55335536311435, -44.35043369552822, -8.848417108890285, -5.22344897674366, -129.7749624339052, -155.0934082883103, -123.05462422352788, -106.2334432035189, -330.812680028795, -90.48887676660567, -80.12383673385, -222.5067824113371, -94.53649570120922, -137.7222745653171, -182.26935113094032, 2.4611511724864883, -182.4166105221367, -219.6850912713458]",20.31523092886631,0.7110914898978165,0.9862941519611849,9747.366,615.551,10.601,565968.006,37160.149,161.463,11.908,588000,588000,40.99384615384615,15.400000000000002,2.1684043772827515e-20,4.999999873689376e-05,4039.8208,-0.0012874226,4039.822,0.1368604,0.0019431333,0.09351483,0.0
815.498969344555,-1511.6194190760252,-540.9883857059884,100.0,60,15,594000,False,5940,99,212f51d07e9840f9afce8433e261ebfd,2020-07-14_17-15-58,1594746958,46.930641412734985,4645.188310623169,62816,tango5,131.234.250.245,4645.188310623169,0,99,d74d5_00000,0,-350.48376312581263,1072.6035406782923,-90.1647309509981,"[-392.23501087073237, -453.8955775986865, -399.6860477233346, -995.4689666950933, -911.4180146294486, -737.5688382518911, -396.1664409580332, -747.8096725901686, -1160.32405373539, -1065.1309595005998, -692.3582332416023, -542.2145857735767, -371.94299549319624, 60.889819076077956, -107.88646238095886, -58.03064870562615, -1032.2330251659064, -777.8645002510983, -121.67668404245865, -1072.7868069795154, -44.18058687638295, -1017.5084715779602, -671.3052907808454, -999.9231478595882, -665.7121038490955, -414.6028440270854, -1511.6194190760252, -848.5106386993762, -617.7549117776825, -366.02198293246624, -566.9008504490952, -361.09653453022287, -1083.7674415310848, -144.96997590111792, 374.37035038590597, -418.61258770681087, 21.182545460450157, -544.0214448479322, -751.1142261318145, -1276.995538235661, -986.191214249676, -313.6479130002964, -509.6856130573835, -831.1543522349242, -747.8071586164366, -1359.7028296416725, -576.706467280298, -627.6077394566278, -701.3495217090272, -481.58774119247295, -298.14624680735403, -1471.4024707988415, 191.01132089698447, -999.5522411667263, 815.498969344555, -144.32294976682132, -404.9755181820455, -193.9265955782476, -54.819763679938816, -933.371121807298, -509.5497496629202, -841.5204275198487, 697.8906925681143, -972.4436153816661, -797.0488185841032, -752.419045592851, -282.7072667536964, -738.9102955694509, 351.07304598885685, -1314.3711792579768, -1277.1436970996751, -401.333068729708, -1231.9569738237685, -678.0579799498482, -598.8334555268852, 425.7313075827821, 242.86699828502975, -961.0209576675155, -74.91505189196371, -292.86634627348536, -1152.528243432503, -143.369750450361, -829.6552130891625, -790.9766306000449, -1318.7986087437293, 26.609691679471393, -260.05910238040786, -510.33482639514034, -516.0526594016785, -1275.3445921965163, -1154.5817339714545, 354.3464765838066, -947.6034510649173, -222.73025095846603, 492.2877605573398, -260.76727678985935, -993.5829091864787, 596.0071662822156, -488.09556490384614, -181.75299283686303]","[100, 100, 100, 100, 100, 100, 100, 100, 100, 100, 100, 100, 100, 100, 100, 100, 100, 100, 100, 100, 100, 100, 100, 100, 100, 100, 100, 100, 100, 100, 100, 100, 100, 100, 100, 100, 100, 100, 100, 100, 100, 100, 100, 100, 100, 100, 100, 100, 100, 100, 100, 100, 100, 100, 100, 100, 100, 100, 100, 100, 100, 100, 100, 100, 100, 100, 100, 100, 100, 100, 100, 100, 100, 100, 100, 100, 100, 100, 100, 100, 100, 100, 100, 100, 100, 100, 100, 100, 100, 100, 100, 100, 100, 100, 100, 100, 100, 100, 100, 100]","[79.10140747872444, -29.397718807064642, -124.08743924284205, 69.33914942983111, -171.4079240292847, -215.7824857000962, 65.23153869618979, -149.70537305822978, -228.7169152458372, 100.03621152948975, 16.169052005297072, -256.91009152559553, -142.20234873981693, 12.607752168779324, -38.92124141965539, 26.2313413005145, -136.41211656449275, -120.98943446866329, -144.95606211155967, -158.21276254739956, -152.82387005163105, -134.51314181889228, -210.27095904262333, -194.69217112298705, -96.5881040445603, -245.476692668727, -121.66632631352384, -88.17029382021566, -190.62578573928064, -168.8908120431418, 19.15988699705319, -79.41670999387502, -204.9475295191455, -228.80434838770765, -259.4524496256582, 15.892312277442029, -211.14312747549988, -201.4904894851557, -13.368847410472112, 259.40655758473963, -144.36210117990828, -85.2084329917372, -212.2750333587702, -98.24848768666577, -103.65506598998006, -117.89188847777655, -166.60655330249506, -49.13264377448059, -255.22461788538024, -252.0866620291764, -203.75913407665197, -109.21279076601073, -248.64576330634736, -91.39508567182372, -129.18857453116055, -309.19557324601226, -205.24875134075197, -191.75544370513384, -90.30429921100533, -139.43831746653564, -35.735910205089525, -29.22735206374479, -73.21705927793066, -274.0531884265888, -107.98778475202609, -172.13693851622168, 35.48358273111253, -152.04892774631108, -160.2452711418757, -133.28405182795962, -60.367118191980786, -71.75279959656206, -25.946971199154216, -164.02577713996308, -69.01949374748024, -40.84429333477184, -12.81399793313859, -59.29246213868806, -81.31055487865954, 178.24253848687613, 206.50979164146491, -89.1225792994618, -60.55357802413248, -92.8757988500092, -111.37746108433757, 36.56103457447345, -10.441550541220197, -106.38931488745573, 146.51019365818806, -62.74936410060697, -4.209702240548134, 91.79744137785987, -137.96244723022002, 72.81040409781558, 44.260744429856274, -124.7270891403901, -135.02330136756228, -105.85145638881099, -206.02724085643456, -170.45215361852715, -190.01470914942112, -224.8641637851488, -245.7079903505955, -25.78763721210643, -14.401082624309836, -144.18160382376888, -175.21262940884168, -172.57355683147597, -8.313154130444985, -123.93916443251922, -145.9967255110268, 372.0635201129226, -77.31475864868843, -138.17640143270165, -306.71893610592775, -198.38324951339774, -148.94554973703805, -186.46966343759416, -102.23347339129273, -130.035934794266, -168.4426694399095, 230.36073397595555, -142.92178438393643, -30.775411461805305, 42.01868081436829, 25.57986361894445, -108.47999661192911, -204.6844029426107, -223.59508113639913, -74.67857838043498, -241.5490930820129, -164.5213194245748, -82.5568144823982, -63.76242482524728, -90.09567857919976, -214.39637214677182, -56.22541694461246, -164.26858380261706, -238.75527224548208, -197.50050146158173, -197.53203647391834, -135.85131679433997, -81.22118998063233, -149.06283090363388, -77.81014677908409, -114.26846768378806, -155.0564793054846, -119.96124774854651, -135.8154992141707, -62.800263118021576, -77.50814519339254, 151.01489941818414, -303.37819042471614, 133.22704380111222, -190.12776237087726, -127.83068925739653, -253.80082506521956, -267.67990343308037, -301.6875021700158, -245.50762583648336, -209.21704433698426, -233.72651823424206, -86.87114526029525, -127.46041962723186, -106.79221364549451, -165.79604576368956, -224.23243574458138, -137.35837865808293, -146.93280591569078, -78.43796167610682, -102.23384612118889, -198.98035614388615, -57.93007340349117, -33.23986851731827, -102.82091227250204, -120.89315151253868, -101.35053526746184, -44.02999044591347, -59.53530283096693, 62.60790939691685, -103.26721309746787, -10.945004570808727, -117.49856330826466, -46.8797508708691, -223.1950890104877, -65.11522959119816, -84.721837512774, -144.64347653334923, -99.90127495118264, -103.85639242698781, 149.97870607472672, -77.95225918065667, -265.3631310883719, 25.783385611710052, -217.0437018838833, -200.05042594400493, -76.6098051007222, -350.48376312581263, 141.52137668542642, -196.9353257797781, -73.78945296281304, -64.33001481421992, 44.23443913241127, 4.329001837855437, 14.046450274090907, 153.82733242373985, 56.04122080182619, -32.64667346757641, 148.95191955400068, 34.150100799824784, -101.13076524992607, -49.22903019545317, -32.396765439668364, -80.26171643323804, -69.04052681883692, -86.5537835696883, 24.31428831446935, -30.58510003579253, -147.6388462262643, -91.4217415571683, 340.4801301792853, -73.9661852140794, -196.1295979385668, -119.35426463529626, -62.76982699683995, 28.12184721273443, -92.20661697317776, -101.68298551678664, -326.30137819494513, -185.20968087700538, 122.47684405870775, -118.52088626805123, -191.4767335313827, -52.08239131913732, -148.71028366112466, -206.95725693448458, -190.56250674137556, -258.9693489279005, -184.43110290343827, -287.3650390673392, -93.69340113313345, -242.45042980813642, -101.38105956703285, -176.41581462951578, -229.89850642777438, -142.3520026840837, -47.903349027370936, -87.67232284567827, -27.509946490253864, -66.36573067056979, 3.874784944392835, -88.07134891081628, -162.17643525380106, -11.649166345738463, -36.314889598423186, -116.06780674979927, -109.25570994353816, -74.22160516608358, -80.86408426155691, -185.65507324871652, -280.6755177611193, -134.26287816300032, -119.30903853531129, -30.387760265219818, -107.7483382046205, -103.2382396072974, -133.02873565234236, -131.8698643878152, -115.69110460915505, -156.2308761552056, -187.71308999053167, -303.75170209141277, -118.98346325602128, -282.394967173304, -304.392121279925, -162.46748585047925, -212.62815306252162, -265.57488284715976, 195.52957723459102, -208.35159827822025, -203.87234227464845, 118.1909319476604, -230.25952705070762, -39.97548021914965, -94.4168608077743, -125.12257509796318, -89.92844223799355, -47.90485404303942, -114.25692776502757, -88.16274228777633, -164.93490449819146, -212.08032475462082, -80.14579200929055, -41.76883039412083, -66.38125504518865, -115.05344918051473, -69.8153095492953, -148.1452329176009, -11.95772490337857, -70.23476959649454, -41.3582256845715, 9.717771100363855, -37.85809951150708, -108.14343867129278, -38.425523621407045, -82.07873041893947, -249.26852884951174, -302.1984215137507, -243.16739737120545, -284.18146256111004, -116.83867166079352, -275.7479888424668, -44.21013610200125, 56.876157761676666, 66.10452192227886, 0.17677890772001836, 38.50386406533589, 73.56013434197334, -224.4728247875083, -116.93039560284745, -180.66104110164525, -121.22667061436768, -192.73746919360076, -163.5238398667569, 42.799255049986, 296.76583453986575, 21.777175769600834, 259.28719707051715, 231.72466738499037, -36.85516047040504, 98.36234191832095, 85.0745475281991, -129.81906521523376, -74.15269608742113, -110.89135223636515, -12.89672567432158, -221.47565707862566, 361.28132757985264, -147.39229687107954, -152.2600845656664, -92.45822405432888, -152.67058319219777, -87.30216685615738, -37.72699907114093, -27.817298541161446, -65.51697476021315, 97.53726505697965, -73.10042140655425, 109.15141934078711, -80.67297225793514, -51.373524737061715, -16.55347117445579, -40.98124237110924, 25.610027519835768, -102.5760957747772, -95.59155521302249, -232.94116601448187, -134.39396849568863, -172.0595088905497, -195.8088274187774, 34.1356181518936, -104.52380751088168, -111.43153676281808, -142.8625111107598, -76.97084820644879, -107.89666422390597, -198.0070751478252, -145.46591848465252, -213.3673967515043, -97.26925485884398, -67.67387778205081, -119.7369044949729, 303.9398590070048, 40.635221345112264, 46.829875718133266, 99.62982457781204, 82.41728691892335, 124.43862500112945, -159.4400016221049, -89.41367455312455, -231.06630057450178, -194.3947895935409, -301.61112719441553, 3.4822781560218043, 12.449698441860061, -195.1024282781968, -96.05026890857583, -95.09989014072885, -182.84768786117635, -240.39824183728538, -199.55699794058233, -87.92963666008546, -131.2804631379931, -123.16198583491598, 82.70473046747884, -293.19469248675324, 56.64821173599887, -31.855023177899323, -27.626322397586666, -48.94279239799299, -188.18050304544371, -42.750837470772254, -189.40651527211816, -47.9388080513796, -185.153180700329, -190.8241840542986, -6.077616150149376, -119.50999134117683, 105.48259105304554, 29.754971138228864, 326.95472997869217, -46.88303479844897, -14.033539543634102, -50.20267183902571, -229.52413407086055, -226.39472966401544, -223.04059977868914, -180.53620326667624, -227.10802219312262, -227.7674902846108, -217.7796913372262, -283.5979151345477, -169.82211724948732, -189.04331381423353, -187.7705832767861, -229.13007628739382, -47.813880492904374, -84.25609025257475, -35.09626416817841, -184.77935468115749, -22.25776569685419, -27.129713438039264, -214.05664372269086, -206.3221086642461, -139.65630497386687, -236.50936737700823, -278.60533508420167, -156.80721400175466, -209.8492238249193, -24.185688952132537, -117.67873621247496, -86.06083814644396, -177.5718013330368, -62.711691480839704, -114.74078285959231, -206.25227500995624, -127.46724023508561, -71.81826339886807, 100.12103060377324, -178.675924627156, 28.046432240049146, -183.38481841290996, -180.96362138683975, -203.51613974165696, -107.05408579415175, 1072.6035406782923, 43.33852309126325, -95.27374825121532, 102.07134280383045, -24.962636501814714, 51.15198510613036, 166.54153203683504, -160.61802888933028, -175.32348722479875, -124.95644068463277, -189.06139719292528, -134.65824747391787, -176.40335620191033, 281.4652696837362, -88.4097767425246, 113.18160217158413, -131.250335294055, -113.81706750029272, -136.0847442104105, 92.19746975534045, 34.75929442350862, -115.61502851465599, -54.357760582348035, -129.32982178276183, -120.52049957256865, -190.55693883743112, -143.15932004598906, -260.56264006098667, -177.6082369293434, -234.8801876680074, -145.7609198907452, 156.1360452997429, -10.38941659163651, -91.88487072545108, -179.06803604434464, -37.564259353084765, 19.40078696441328, -175.97758847217634, -128.6195680464037, -81.92000022593699, -150.9364759857351, -114.30472825375631, -177.89685210515367, -60.434614872485554, -163.35479155517584, -137.52235830873693, -161.8298171181837, -174.90559249419533, -92.92945625126825, -258.2973229078935, -203.25608620167034, -249.51238693080805, -223.85326812835962, -203.88009142721612, -179.9994531477832, 60.60157918613681, -45.50196260085261, -27.15419783247686, 30.725989952197246, -7.902708068225402, 15.84099104269225, -143.6251753273971, -33.44914932033591, 382.5566639533403, -190.31520139448475, -123.57835292123296, -151.64788737029752, -48.99780941648921, -96.70771590898416, -158.7560957616116, -48.1789519505557, -109.88843708855244, -47.80581626894764, -129.96836309192318, -99.84098424499452, -106.55497835868947, 12.869447534501104, -22.20909719758898, -170.34868404298277, -241.3549958864692, -138.5854343604458, -131.14613241324247, -300.96707280840855, -241.81934803140047, -221.47160869654942, -137.21515203342756, -309.27827267767015, -178.08712118395263, -171.00617533652172, -209.43201808386456, -149.56299465601847, 95.08573952903842, 44.83530139068286, 35.42954923735098, 80.22827324763486, 97.55511221920753, 1.2125009598896304, -150.34497218536475, -271.2166995191288, -184.57181404485132, -133.8619201082704, -116.40721548863436, -91.20082971866799, -42.29451611190634, -11.302526557226647, -30.55586934513604, 11.889090676864367, -65.51391720672189, -84.95251241433955, -11.79013967618316, 44.27584978717844, 253.7255141326939, 93.89348852652395, -47.09382042711639, 159.27686821424317, 157.90071333999998, -105.95010262184972, -204.255672002494, 16.347237135113183, 16.828922329061726, -141.63837496969032, -225.5780986726043, -57.048280596195696, -241.895529173461, -234.68810673364177, -102.43179497219865, -131.94109903837693, 36.16147734056583, 63.56919460047941, 47.4989644201348, 33.31587908873613, 362.5915429932378, 52.8701078390608, -78.92193551685894, -101.28994815841324, -72.67610788688057, -78.60197246333112, -95.33656417140176, -61.26903670696137, -99.68046277640735, -13.633683700942328, -50.679495629659904, 1.0356787547252893, 42.72761454166922, -61.5226440262477]",20.319468608866092,0.71108643957418,0.9862978612764206,9756.754,614.959,10.628,564565.009,37152.452,161.497,11.966,594000,594000,40.94,15.400000000000002,1.0842021886413758e-20,4.999999873689376e-05,3619.6042,-0.0021599196,3619.6064,0.106208056,0.0026072904,0.096255586,0.0
815.498969344555,-1598.9868561880976,-553.6465706367529,100.0,60,15,600000,True,6000,100,212f51d07e9840f9afce8433e261ebfd,2020-07-14_17-16-45,1594747005,47.19006943702698,4692.378380060196,62816,tango5,131.234.250.245,4692.378380060196,0,100,d74d5_00000,0,-452.9616939943097,543.5349862384629,-92.27442843945883,"[-873.9319911817474, -631.500805455119, -472.3455506479461, -177.76419802662346, -515.4385204551547, 150.96347899674842, -626.5923558494903, -576.1288822048479, -676.8973927961885, 506.58244119074027, -74.85120388209988, -1078.7295463070834, 50.68839316063128, 299.30942280091807, -415.09629382914727, -576.4559319032423, -1598.9868561880976, -1121.2583887389808, -691.0393437701852, 290.8132043772634, -832.7389403718961, -214.38268284703923, -249.82579177247294, -894.7229984018375, -671.9812756275104, -567.8830062641033, -867.9425065758512, -1093.8901883364501, -896.6847756149295, -1301.1869474200296, -543.7209479328288, -873.0492174994366, -272.39860818237355, -217.7820366728982, -941.9585609425887, -1174.1353233528864, -993.6638630489031, -657.0973035947803, -716.0690023852837, -696.0908988720539, -1260.110835191053, -514.3471713999105, -386.53209918227606, -1170.3733763880678, -569.7729983409936, -1255.4142292192878, -364.0909082152943, -53.69954942779341, -1131.0478719887544, 186.1457617060572, -425.72177965672984, -233.00062467728898, 40.05733266912379, 357.5591014630393, 205.64929658001657, -125.25352072570809, -797.3578053477111, -721.0297480583782, -901.6924935662491, -220.24607935377742, -44.18058687638295, -1017.5084715779602, -671.3052907808454, -999.9231478595882, -665.7121038490955, -414.6028440270854, -1511.6194190760252, -848.5106386993762, -617.7549117776825, -366.02198293246624, -566.9008504490952, -361.09653453022287, -1083.7674415310848, -144.96997590111792, 374.37035038590597, -418.61258770681087, 21.182545460450157, -544.0214448479322, -751.1142261318145, -1276.995538235661, -986.191214249676, -313.6479130002964, -509.6856130573835, -831.1543522349242, -747.8071586164366, -1359.7028296416725, -576.706467280298, -627.6077394566278, -701.3495217090272, -481.58774119247295, -298.14624680735403, -1471.4024707988415, 191.01132089698447, -999.5522411667263, 815.498969344555, -144.32294976682132, -404.9755181820455, -193.9265955782476, -54.819763679938816, -933.371121807298]","[100, 100, 100, 100, 100, 100, 100, 100, 100, 100, 100, 100, 100, 100, 100, 100, 100, 100, 100, 100, 100, 100, 100, 100, 100, 100, 100, 100, 100, 100, 100, 100, 100, 100, 100, 100, 100, 100, 100, 100, 100, 100, 100, 100, 100, 100, 100, 100, 100, 100, 100, 100, 100, 100, 100, 100, 100, 100, 100, 100, 100, 100, 100, 100, 100, 100, 100, 100, 100, 100, 100, 100, 100, 100, 100, 100, 100, 100, 100, 100, 100, 100, 100, 100, 100, 100, 100, 100, 100, 100, 100, 100, 100, 100, 100, 100, 100, 100, 100, 100]","[-154.54720029048423, -33.94002694686406, -87.6923157514751, -240.78050649832545, -264.94524257075545, -92.02669912384336, -111.36702960336598, -84.04473675722444, -99.1533806845217, -82.93966476546427, -99.04944177928908, -154.9465518652528, -20.75857065728506, -43.75221044187459, -106.57551647217117, -60.86337301322737, -123.92142278081866, -116.47445728256787, 138.1016850583688, -16.707539883350794, -55.1806516891477, -78.05033515690535, -55.01394019618055, -110.91341615940749, -93.4081305439469, -14.930226860545346, -140.34533495650427, -105.39283843175264, -53.750334111828806, -107.6116555505786, -135.66705576195812, 543.5349862384629, -75.85128549492399, -106.03917182668667, -54.5381818555251, -20.475812302620778, -133.76011966180485, -142.9528605365808, -51.85506576276207, -124.14257657268396, -43.713561885337405, -130.16817143032185, 111.2593430080499, -94.58996414701517, -156.61349184345403, -178.19822954859853, -134.22367972242498, -123.7628599514062, -81.43268745486027, -248.1255889597799, -233.38983500335547, -168.6052108651455, -101.87813996349811, 156.5340694504507, 476.9022569557703, -17.834067501464002, 47.83735795948528, -13.15154707893416, -40.89633469570386, 53.724775551586816, -77.93962068433838, 275.8770422538013, -135.71663273906015, -151.99514605581152, -54.50078811128948, 69.42394145459845, -113.03669322345478, -186.4114651069046, -238.9331095521873, -126.60903988342235, -256.3485772144462, -157.39066132666727, 33.971212848666184, -13.648067419629319, 50.66045677722119, 22.10352918686208, -9.367772780311117, -33.03096545217777, -50.14743317351557, 56.433574643374506, 4.5439993715842455, 46.865014567019, 198.12863045180038, 43.48563694065494, -138.78878050809294, -44.40875988697448, -71.1868038678716, -0.07964492416564539, -67.94457036300338, -92.6877342790397, 110.68163125343517, -20.463387022430496, -85.6270782746796, -164.64827330725228, -183.55783775672862, -232.84098679558682, -452.9616939943097, -204.31693843288141, -291.73201235975154, -236.54152768742705, -132.49042202991262, -280.9442616838152, -179.94607674272663, -204.20546022135497, -156.38865118520843, -160.35939667281318, -206.18313974058617, -214.1756641762913, -193.15762368838952, -101.32810261435547, -101.61602857852225, -47.848809543061115, -156.8499653355915, -90.23881401026478, -19.961176310913075, -115.07481970244363, 243.0607506036407, 239.930464988149, -111.07590636491145, 53.9338911637419, -155.37783729113426, -252.19654503430706, -78.94419808426672, -68.12033497588675, -105.21734075417606, -172.88268423212494, -102.32525031186842, -29.3220342493215, -34.7201180091485, -60.80100716908938, -12.576735459188308, 25.36246235157637, -169.0985560040253, 36.02604226780459, 9.218541281070824, 9.755190943918999, -37.30618638559428, -98.42082387564771, -186.2500180080686, -136.4625479169964, -223.38615466471666, -55.270975979936814, -138.70041481556635, -154.65288701655138, -69.85258472938354, -94.43081414552314, 45.072009333009404, -146.03425623400668, -151.24180558717168, -255.49382426443438, -104.09101424327258, -125.13328346649163, -93.12676506509209, -66.61762287902167, -111.26851322142889, -67.64580738879634, -157.49382647002986, -266.74370079250633, -94.54422261703631, -132.1073712120958, -21.241609016318158, -195.81177646786412, -189.05648309761295, -193.77130035217118, -71.41836826621476, -152.81429866931333, -290.6181931885394, -196.21154476259863, -171.0059989732739, -104.75733098864993, -96.4135142792526, -230.34403075440295, -104.73899498405689, -189.42490563529407, -311.1574750393264, -227.35514148872093, -230.31989118696427, -145.6922022055793, -209.41350911625744, -177.24872838318157, -59.538623114135476, -57.624331355969076, -139.5462698952764, -56.645136293753225, -158.45809337989462, -71.90849389380035, -149.31899706559625, -266.0221358324265, -205.05644091390656, -173.24979685143978, -59.294845440326675, -20.107001395741563, -180.7960125430969, -79.79232881066119, 111.86618921369747, 171.40046948590103, -134.97538511097656, -160.10154041723735, -130.0755091115116, -138.2716629765927, 86.14126637522067, -27.947236195666655, -23.416188683178376, 15.787293918830303, -168.52345934062814, -199.77123112071146, -209.19179902417764, -88.12872831021672, -65.29106224492612, -211.0522809019297, -222.90574561232378, -133.472194860529, -237.75826102718688, -300.6923190901858, -113.88813450322859, -165.41866825943367, -208.97989224140395, -135.5892211117404, -164.1157030168096, -207.13474102067903, -186.64589646172084, -91.19840919654888, -136.4491286492468, -13.183889704398391, -140.08843252036442, -174.77363832777144, 44.60447701764912, -237.20669141064803, -58.50146975045351, -95.71382241068402, -201.23348297978237, -65.65595992237361, -151.0443138349532, -143.91995348703603, 102.51314430726315, -154.61087109687637, -161.03819430925915, -132.36721227653575, -150.0871605852341, -200.50060491141178, -216.9560734811358, -273.8846609027808, -172.4424427852926, -153.69569344315948, -199.8936570256664, -243.23830755301833, -5.954531378333648, 32.09731434749614, -121.04601998247234, 35.378346940053945, -240.53199579423358, -214.29028553242205, -72.81170659293706, -110.03943002807121, -159.33439157630568, -111.85300269214142, 65.19382390720752, 2.3126077999722794, -224.3944458998379, -184.01555031151474, -301.02234809141845, -143.17441329319036, -116.30764923699543, -201.45896955511117, 24.317038663974095, -88.70438392416037, -44.92237712958923, -146.4950198825765, -181.43247619361546, -132.53577987502666, -310.8504908719077, -161.35030576317433, -215.2318376300318, -167.21403433491517, -165.81238229681028, -234.955178322447, 37.401603442154304, -152.57151982926118, -123.3786126099813, -26.968055533560157, -89.54866874962991, -9.025654935016403, -43.74490003994066, -46.878215201472585, 45.220178225469255, -69.026251786943, -9.160169984877745, 69.88980935997122, -216.23669588748277, -165.39487849809748, -133.49723075020404, -200.35003207610526, -245.9329031116009, -169.6361316652647, 8.657074940612512, 188.16111584628942, -66.78110748759713, 209.32935644927642, -61.7135633188501, -91.50711472367426, -79.73449683265581, -27.722203262705712, -32.930302254515, -65.00186811091557, -110.45742476457468, -109.87548443136282, -123.45761021353776, -88.87814572739435, 14.194113687843853, -22.62404110034082, 150.29196517914153, -162.52690650300127, 390.49232840286027, 36.466128528126276, -74.35688257281211, -80.6075636024726, -164.87386071877265, -67.06281736780477, 43.64300189380483, 210.86618617693728, 83.68195670385988, -8.14515820160923, -28.149710227805578, 55.66282511785195, -45.00568747030331, -67.66615220776987, -71.23966057206272, 262.699439718414, 210.33034085727527, -83.46898374553663, 40.95384818575868, -80.86697381597206, -31.233845097122135, 55.13781800501156, 6.040038168416577, -115.28440617180097, -113.06015903159727, -231.33391670730555, -114.88799025336185, -64.02317948412347, -155.72092938581488, -118.33163048550752, -109.41121588574161, -175.2810558215516, -126.58372269332338, -78.32260377371631, -77.96134456282857, -153.46980532121628, -224.98446971547693, -162.94115612962577, -94.14523460890776, -122.89164220126563, -131.56218343654817, -165.16780747442417, 148.2508541888532, -93.96534126408294, -6.47255675386846, -23.780144458145923, -27.84726210588355, -216.4316289606497, -168.4426694399095, 230.36073397595555, -142.92178438393643, -30.775411461805305, 42.01868081436829, 25.57986361894445, -108.47999661192911, -204.6844029426107, -223.59508113639913, -74.67857838043498, -241.5490930820129, -164.5213194245748, -82.5568144823982, -63.76242482524728, -90.09567857919976, -214.39637214677182, -56.22541694461246, -164.26858380261706, -238.75527224548208, -197.50050146158173, -197.53203647391834, -135.85131679433997, -81.22118998063233, -149.06283090363388, -77.81014677908409, -114.26846768378806, -155.0564793054846, -119.96124774854651, -135.8154992141707, -62.800263118021576, -77.50814519339254, 151.01489941818414, -303.37819042471614, 133.22704380111222, -190.12776237087726, -127.83068925739653, -253.80082506521956, -267.67990343308037, -301.6875021700158, -245.50762583648336, -209.21704433698426, -233.72651823424206, -86.87114526029525, -127.46041962723186, -106.79221364549451, -165.79604576368956, -224.23243574458138, -137.35837865808293, -146.93280591569078, -78.43796167610682, -102.23384612118889, -198.98035614388615, -57.93007340349117, -33.23986851731827, -102.82091227250204, -120.89315151253868, -101.35053526746184, -44.02999044591347, -59.53530283096693, 62.60790939691685, -103.26721309746787, -10.945004570808727, -117.49856330826466, -46.8797508708691, -223.1950890104877, -65.11522959119816, -84.721837512774, -144.64347653334923, -99.90127495118264, -103.85639242698781, 149.97870607472672, -77.95225918065667, -265.3631310883719, 25.783385611710052, -217.0437018838833, -200.05042594400493, -76.6098051007222, -350.48376312581263, 141.52137668542642, -196.9353257797781, -73.78945296281304, -64.33001481421992, 44.23443913241127, 4.329001837855437, 14.046450274090907, 153.82733242373985, 56.04122080182619, -32.64667346757641, 148.95191955400068, 34.150100799824784, -101.13076524992607, -49.22903019545317, -32.396765439668364, -80.26171643323804, -69.04052681883692, -86.5537835696883, 24.31428831446935, -30.58510003579253, -147.6388462262643, -91.4217415571683, 340.4801301792853, -73.9661852140794, -196.1295979385668, -119.35426463529626, -62.76982699683995, 28.12184721273443, -92.20661697317776, -101.68298551678664, -326.30137819494513, -185.20968087700538, 122.47684405870775, -118.52088626805123, -191.4767335313827, -52.08239131913732, -148.71028366112466, -206.95725693448458, -190.56250674137556, -258.9693489279005, -184.43110290343827, -287.3650390673392, -93.69340113313345, -242.45042980813642, -101.38105956703285, -176.41581462951578, -229.89850642777438, -142.3520026840837, -47.903349027370936, -87.67232284567827, -27.509946490253864, -66.36573067056979, 3.874784944392835, -88.07134891081628, -162.17643525380106, -11.649166345738463, -36.314889598423186, -116.06780674979927, -109.25570994353816, -74.22160516608358, -80.86408426155691, -185.65507324871652, -280.6755177611193, -134.26287816300032, -119.30903853531129, -30.387760265219818, -107.7483382046205, -103.2382396072974, -133.02873565234236, -131.8698643878152, -115.69110460915505, -156.2308761552056, -187.71308999053167, -303.75170209141277, -118.98346325602128, -282.394967173304, -304.392121279925, -162.46748585047925, -212.62815306252162, -265.57488284715976, 195.52957723459102, -208.35159827822025, -203.87234227464845, 118.1909319476604, -230.25952705070762, -39.97548021914965, -94.4168608077743, -125.12257509796318, -89.92844223799355, -47.90485404303942, -114.25692776502757, -88.16274228777633, -164.93490449819146, -212.08032475462082, -80.14579200929055, -41.76883039412083, -66.38125504518865, -115.05344918051473, -69.8153095492953, -148.1452329176009, -11.95772490337857, -70.23476959649454, -41.3582256845715, 9.717771100363855, -37.85809951150708, -108.14343867129278, -38.425523621407045, -82.07873041893947, -249.26852884951174, -302.1984215137507, -243.16739737120545, -284.18146256111004, -116.83867166079352, -275.7479888424668, -44.21013610200125, 56.876157761676666, 66.10452192227886, 0.17677890772001836, 38.50386406533589, 73.56013434197334, -224.4728247875083, -116.93039560284745, -180.66104110164525, -121.22667061436768, -192.73746919360076, -163.5238398667569, 42.799255049986, 296.76583453986575, 21.777175769600834, 259.28719707051715, 231.72466738499037, -36.85516047040504, 98.36234191832095, 85.0745475281991, -129.81906521523376, -74.15269608742113, -110.89135223636515, -12.89672567432158, -221.47565707862566, 361.28132757985264, -147.39229687107954, -152.2600845656664, -92.45822405432888, -152.67058319219777, -87.30216685615738, -37.72699907114093, -27.817298541161446, -65.51697476021315, 97.53726505697965, -73.10042140655425, 109.15141934078711, -80.67297225793514, -51.373524737061715, -16.55347117445579, -40.98124237110924, 25.610027519835768, -102.5760957747772, -95.59155521302249, -232.94116601448187, -134.39396849568863, -172.0595088905497, -195.8088274187774]",20.324426762635188,0.7111231112348102,0.9862233862604947,9802.049,612.117,10.323,581218.336,37148.063,161.516,11.97,600000,600000,40.921538461538454,15.400000000000002,5.421010943206879e-21,4.999999873689376e-05,3576.6218,-0.00206288,3576.6238,0.097017445,0.0028782124,0.097963706,0.0
